27, 8, pa1-unknown-k-output1.txt
  191.10,   201.09,   187.52
  402.19,   403.11,   197.89
  210.25,   210.43,   211.79
  210.37,   210.60,   336.79
  210.48,   210.77,   461.79
  210.30,   335.43,   211.62
  210.41,   335.60,   336.62
  210.53,   335.77,   461.62
  210.35,   460.43,   211.45
  210.46,   460.60,   336.45
  210.57,   460.77,   461.45
  335.25,   210.39,   211.68
  335.37,   210.55,   336.68
  335.48,   210.72,   461.68
  335.30,   335.38,   211.51
  335.41,   335.55,   336.51
  335.53,   335.72,   461.51
  335.35,   460.38,   211.34
  335.46,   460.55,   336.34
  335.57,   460.72,   461.34
  460.25,   210.34,   211.57
  460.37,   210.51,   336.56
  460.48,   210.68,   461.56
  460.30,   335.34,   211.40
  460.41,   335.51,   336.40
  460.53,   335.68,   461.40
  460.35,   460.34,   211.23
  460.46,   460.51,   336.23
  460.57,   460.68,   461.23
  208.16,   208.39,   449.62
  209.99,   210.54,   574.59
  211.82,   212.69,   699.55
  208.99,   333.37,   447.45
  210.82,   335.52,   572.42
  212.65,   337.67,   697.39
  209.82,   458.34,   445.29
  211.65,   460.50,   570.26
  213.48,   462.65,   695.23
  333.15,   207.53,   447.80
  334.98,   209.68,   572.77
  336.81,   211.83,   697.74
  333.97,   332.51,   445.64
  335.80,   334.66,   570.61
  337.63,   336.81,   695.57
  334.80,   457.49,   443.47
  336.63,   459.64,   568.44
  338.46,   461.79,   693.41
  458.13,   206.67,   445.98
  459.96,   208.82,   570.95
  461.79,   210.97,   695.92
  458.96,   331.65,   443.82
  460.79,   333.80,   568.79
  462.62,   335.95,   693.76
  459.78,   456.63,   441.66
  461.62,   458.78,   566.63
  463.45,   460.93,   691.59
  208.75,   448.82,   208.49
  212.07,   445.94,   333.42
  215.39,   443.07,   458.34
  209.55,   573.79,   211.35
  212.86,   570.91,   336.27
  216.18,   568.03,   461.20
  210.34,   698.75,   214.21
  213.66,   695.87,   339.13
  216.97,   692.99,   464.06
  333.71,   448.11,   205.16
  337.03,   445.23,   330.08
  340.34,   442.35,   455.00
  334.50,   573.07,   208.02
  337.82,   570.19,   332.94
  341.13,   567.31,   457.86
  335.29,   698.04,   210.88
  338.61,   695.16,   335.80
  341.93,   692.28,   460.72
  458.66,   447.39,   201.82
  461.98,   444.51,   326.75
  465.30,   441.63,   451.67
  459.45,   572.36,   204.68
  462.77,   569.48,   329.61
  466.09,   566.60,   454.53
  460.25,   697.32,   207.54
  463.56,   694.44,   332.47
  466.88,   691.56,   457.39
  210.00,   448.59,   449.06
  207.28,   447.75,   574.03
  204.56,   446.91,   698.99
  212.43,   573.57,   449.96
  209.71,   572.72,   574.92
  206.99,   571.88,   699.89
  214.87,   698.54,   450.85
  212.15,   697.70,   575.82
  209.43,   696.85,   700.79
  334.94,   446.14,   451.76
  332.22,   445.30,   576.73
  329.50,   444.45,   701.70
  337.38,   571.11,   452.66
  334.66,   570.27,   577.63
  331.94,   569.43,   702.59
  339.81,   696.09,   453.56
  337.09,   695.24,   578.52
  334.37,   694.40,   703.49
  459.89,   443.69,   454.46
  457.17,   442.84,   579.43
  454.45,   442.00,   704.40
  462.33,   568.66,   455.36
  459.61,   567.82,   580.33
  456.89,   566.97,   705.30
  464.76,   693.63,   456.26
  462.04,   692.79,   581.23
  459.32,   691.95,   706.19
  448.17,   209.13,   209.31
  444.85,   212.03,   334.23
  441.53,   214.93,   459.15
  449.58,   334.08,   206.44
  446.26,   336.99,   331.37
  442.94,   339.89,   456.29
  450.99,   459.04,   203.58
  447.67,   461.95,   328.50
  444.35,   464.85,   453.42
  573.11,   207.79,   212.66
  569.80,   210.70,   337.58
  566.48,   213.60,   462.50
  574.52,   332.75,   209.79
  571.21,   335.65,   334.71
  567.89,   338.56,   459.63
  575.93,   457.71,   206.92
  572.62,   460.61,   331.85
  569.30,   463.52,   456.77
  698.06,   206.46,   216.00
  694.75,   209.36,   340.93
  691.43,   212.27,   465.85
  699.47,   331.42,   213.14
  696.16,   334.32,   338.06
  692.84,   337.22,   462.98
  700.88,   456.38,   210.27
  697.57,   459.28,   335.19
  694.25,   462.18,   460.11
  449.95,   210.01,   449.52
  447.82,   209.07,   574.49
  445.68,   208.12,   699.47
  452.55,   334.98,   450.51
  450.42,   334.04,   575.48
  448.28,   333.09,   700.46
  455.15,   459.95,   451.49
  453.01,   459.00,   576.47
  450.88,   458.06,   701.45
  574.90,   207.40,   451.63
  572.77,   206.45,   576.61
  570.64,   205.51,   701.58
  577.50,   332.36,   452.62
  575.37,   331.42,   577.59
  573.24,   330.47,   702.57
  580.10,   457.33,   453.61
  577.97,   456.39,   578.58
  575.84,   455.44,   703.56
  699.86,   204.78,   453.74
  697.73,   203.83,   578.72
  695.59,   202.89,   703.70
  702.46,   329.75,   454.73
  700.32,   328.80,   579.71
  698.19,   327.86,   704.68
  705.06,   454.72,   455.72
  702.92,   453.77,   580.70
  700.79,   452.83,   705.67
  450.03,   450.04,   208.89
  447.89,   450.44,   333.87
  445.75,   450.84,   458.85
  450.21,   575.04,   208.50
  448.07,   575.44,   333.48
  445.93,   575.84,   458.46
  450.40,   700.04,   208.10
  448.26,   700.44,   333.08
  446.12,   700.84,   458.06
  575.01,   449.87,   211.03
  572.87,   450.26,   336.01
  570.73,   450.66,   460.99
  575.20,   574.86,   210.64
  573.06,   575.26,   335.62
  570.92,   575.66,   460.60
  575.38,   699.86,   210.24
  573.24,   700.26,   335.22
  571.10,   700.66,   460.21
  699.99,   449.69,   213.17
  697.85,   450.09,   338.15
  695.71,   450.48,   463.14
  700.18,   574.69,   212.78
  698.04,   575.08,   337.76
  695.90,   575.48,   462.74
  700.36,   699.69,   212.38
  698.22,   700.08,   337.37
  696.08,   700.48,   462.35
  448.89,   450.39,   448.87
  445.90,   451.84,   573.83
  442.91,   453.29,   698.78
  447.43,   575.37,   447.39
  444.44,   576.82,   572.34
  441.45,   578.27,   697.30
  445.96,   700.36,   445.90
  442.97,   701.81,   570.86
  439.99,   703.26,   695.81
  573.85,   451.89,   451.84
  570.86,   453.34,   576.80
  567.87,   454.79,   701.75
  572.38,   576.87,   450.36
  569.39,   578.32,   575.31
  566.40,   579.77,   700.27
  570.92,   701.86,   448.87
  567.93,   703.31,   573.83
  564.94,   704.76,   698.78
  698.80,   453.39,   454.81
  695.81,   454.84,   579.77
  692.82,   456.29,   704.73
  697.34,   578.37,   453.33
  694.35,   579.82,   578.28
  691.36,   581.27,   703.24
  695.87,   703.36,   451.84
  692.89,   704.80,   576.80
  689.90,   706.25,   701.76
