27, 8, pa1-debug-f-output1.txt
  209.93,   201.40,   200.62
  399.25,   407.71,   206.18
  208.30,   209.17,   209.54
  206.61,   212.14,   334.50
  204.92,   215.10,   459.45
  209.98,   334.13,   206.60
  208.28,   337.09,   331.55
  206.59,   340.06,   456.51
  211.65,   459.08,   203.66
  209.95,   462.05,   328.61
  208.26,   465.01,   453.57
  333.28,   207.54,   211.28
  331.59,   210.51,   336.23
  329.89,   213.47,   461.18
  334.95,   332.50,   208.33
  333.26,   335.46,   333.29
  331.56,   338.43,   458.24
  336.62,   457.45,   205.39
  334.93,   460.42,   330.35
  333.24,   463.38,   455.30
  458.26,   205.91,   213.01
  456.56,   208.88,   337.96
  454.87,   211.84,   462.92
  459.93,   330.87,   210.07
  458.24,   333.83,   335.02
  456.54,   336.80,   459.97
  461.60,   455.82,   207.13
  459.91,   458.78,   332.08
  458.21,   461.75,   457.03
  211.92,   208.84,   451.82
  209.99,   211.18,   576.78
  208.07,   213.51,   701.74
  213.36,   333.81,   449.50
  211.44,   336.15,   574.47
  209.51,   338.48,   699.43
  214.81,   458.78,   447.19
  212.88,   461.12,   572.16
  210.96,   463.45,   697.12
  336.90,   207.44,   453.77
  334.97,   209.77,   578.73
  333.04,   212.10,   703.70
  338.34,   332.41,   451.46
  336.41,   334.74,   576.42
  334.49,   337.07,   701.38
  339.79,   457.38,   449.15
  337.86,   459.71,   574.11
  335.93,   462.04,   699.07
  461.87,   206.03,   455.72
  459.95,   208.36,   580.69
  458.02,   210.69,   705.65
  463.32,   331.00,   453.41
  461.39,   333.33,   578.37
  459.46,   335.66,   703.34
  464.76,   455.97,   451.10
  462.84,   458.30,   576.06
  460.91,   460.63,   701.02
  209.85,   451.98,   208.96
  208.07,   454.57,   333.92
  206.29,   457.16,   458.88
  212.94,   576.92,   206.42
  211.16,   579.51,   331.38
  209.38,   582.09,   456.34
  216.03,   701.86,   203.88
  214.25,   704.44,   328.84
  212.47,   707.03,   453.80
  334.80,   448.93,   210.80
  333.02,   451.52,   335.76
  331.24,   454.11,   460.72
  337.89,   573.87,   208.26
  336.11,   576.45,   333.22
  334.33,   579.04,   458.18
  340.97,   698.80,   205.72
  339.20,   701.39,   330.68
  337.42,   703.98,   455.64
  459.74,   445.88,   212.64
  457.97,   448.47,   337.60
  456.19,   451.05,   462.56
  462.83,   570.81,   210.10
  461.06,   573.40,   335.06
  459.28,   575.99,   460.02
  465.92,   695.75,   207.56
  464.15,   698.34,   332.52
  462.37,   700.93,   457.48
  211.81,   451.41,   450.49
  211.10,   453.63,   575.47
  210.38,   455.86,   700.44
  214.27,   576.36,   448.28
  213.55,   578.59,   573.26
  212.84,   580.82,   698.23
  216.73,   701.32,   446.07
  216.01,   703.55,   571.04
  215.30,   705.77,   696.02
  336.79,   448.96,   451.24
  336.07,   451.19,   576.22
  335.36,   453.42,   701.20
  339.24,   573.92,   449.03
  338.53,   576.15,   574.01
  337.82,   578.37,   698.99
  341.70,   698.88,   446.82
  340.99,   701.10,   571.80
  340.27,   703.33,   696.78
  461.76,   446.52,   452.00
  461.05,   448.75,   576.98
  460.33,   450.97,   701.96
  464.22,   571.48,   449.79
  463.50,   573.70,   574.77
  462.79,   575.93,   699.75
  466.67,   696.43,   447.58
  465.96,   698.66,   572.56
  465.25,   700.88,   697.54
  451.39,   210.68,   210.36
  452.02,   213.26,   335.33
  452.65,   215.84,   460.30
  450.60,   335.65,   207.78
  451.23,   338.23,   332.75
  451.86,   340.81,   457.72
  449.80,   460.62,   205.21
  450.43,   463.20,   330.18
  451.06,   465.78,   455.15
  576.38,   211.46,   209.71
  577.02,   214.04,   334.68
  577.65,   216.62,   459.65
  575.59,   336.43,   207.13
  576.22,   339.01,   332.11
  576.85,   341.59,   457.08
  574.80,   461.40,   204.56
  575.43,   463.98,   329.53
  576.06,   466.56,   454.50
  701.38,   212.24,   209.06
  702.01,   214.82,   334.03
  702.64,   217.40,   459.01
  700.59,   337.21,   206.49
  701.22,   339.79,   331.46
  701.85,   342.37,   456.43
  699.79,   462.18,   203.91
  700.42,   464.76,   328.89
  701.05,   467.34,   453.86
  448.28,   209.54,   452.00
  450.37,   209.67,   576.98
  452.46,   209.80,   701.96
  445.80,   334.52,   451.91
  447.89,   334.64,   576.89
  449.99,   334.77,   701.88
  443.33,   459.49,   451.82
  445.42,   459.62,   576.81
  447.51,   459.75,   701.79
  573.24,   212.01,   449.90
  575.33,   212.14,   574.89
  577.42,   212.27,   699.87
  570.76,   336.99,   449.82
  572.85,   337.12,   574.80
  574.94,   337.24,   699.78
  568.29,   461.96,   449.73
  570.38,   462.09,   574.71
  572.47,   462.22,   699.70
  698.19,   214.48,   447.81
  700.28,   214.61,   572.79
  702.37,   214.74,   697.78
  695.72,   339.46,   447.73
  697.81,   339.59,   572.71
  699.90,   339.72,   697.69
  693.25,   464.44,   447.64
  695.34,   464.56,   572.62
  697.43,   464.69,   697.60
  448.87,   450.35,   209.25
  449.87,   448.07,   334.23
  450.87,   445.78,   459.20
  445.14,   575.27,   211.56
  446.14,   572.99,   336.54
  447.14,   570.71,   461.51
  441.41,   700.19,   213.87
  442.41,   697.91,   338.85
  443.41,   695.63,   463.83
  573.81,   454.10,   208.32
  574.81,   451.81,   333.30
  575.81,   449.53,   458.27
  570.08,   579.02,   210.64
  571.08,   576.74,   335.61
  572.08,   574.45,   460.59
  566.35,   703.94,   212.95
  567.35,   701.66,   337.92
  568.35,   699.38,   462.90
  698.75,   457.85,   207.40
  699.75,   455.56,   332.37
  700.75,   453.28,   457.35
  695.02,   582.77,   209.71
  696.02,   580.49,   334.68
  697.02,   578.20,   459.66
  691.29,   707.69,   212.02
  692.29,   705.41,   336.99
  693.29,   703.12,   461.97
  450.90,   448.50,   451.63
  451.09,   446.74,   576.62
  451.29,   444.98,   701.61
  447.79,   573.45,   453.40
  447.99,   571.69,   578.39
  448.18,   569.93,   703.37
  444.68,   698.40,   455.16
  444.88,   696.64,   580.15
  445.08,   694.88,   705.14
  575.86,   451.61,   451.48
  576.05,   449.85,   576.47
  576.25,   448.09,   701.46
  572.75,   576.56,   453.25
  572.95,   574.80,   578.23
  573.14,   573.04,   703.22
  569.64,   701.51,   455.01
  569.84,   699.75,   580.00
  570.04,   697.99,   704.99
  700.82,   454.72,   451.33
  701.02,   452.96,   576.31
  701.21,   451.20,   701.30
  697.71,   579.67,   453.09
  697.91,   577.91,   578.08
  698.11,   576.15,   703.07
  694.61,   704.62,   454.86
  694.80,   702.86,   579.84
  695.00,   701.10,   704.83
