27, 8, pa1-debug-b-output1.txt
  205.07,   194.32,   201.72
  409.97,   406.38,   195.08
  209.04,   209.43,   209.73
  208.95,   210.28,   334.73
  208.85,   211.12,   459.73
  209.63,   334.43,   208.89
  209.53,   335.27,   333.88
  209.44,   336.12,   458.88
  210.21,   459.42,   208.04
  210.11,   460.27,   333.04
  210.02,   461.11,   458.04
  334.04,   208.85,   209.83
  333.95,   209.69,   334.83
  333.85,   210.54,   459.82
  334.62,   333.84,   208.99
  334.53,   334.69,   333.98
  334.43,   335.54,   458.98
  335.21,   458.84,   208.14
  335.11,   459.69,   333.14
  335.02,   460.53,   458.13
  459.04,   208.27,   209.93
  458.95,   209.11,   334.93
  458.85,   209.96,   459.92
  459.62,   333.26,   209.08
  459.53,   334.11,   334.08
  459.43,   334.95,   459.08
  460.20,   458.26,   208.24
  460.11,   459.10,   333.24
  460.01,   459.95,   458.23
  210.20,   210.75,   448.90
  209.71,   207.68,   573.86
  209.22,   204.61,   698.82
  206.54,   335.66,   451.95
  206.05,   332.59,   576.91
  205.55,   329.52,   701.88
  202.88,   460.57,   455.01
  202.38,   457.50,   579.97
  201.89,   454.43,   704.93
  335.15,   214.40,   449.48
  334.65,   211.33,   574.44
  334.16,   208.26,   699.40
  331.48,   339.31,   452.53
  330.99,   336.24,   577.50
  330.50,   333.17,   702.46
  327.82,   464.22,   455.59
  327.33,   461.15,   580.55
  326.84,   458.08,   705.51
  460.09,   218.05,   450.06
  459.60,   214.98,   575.02
  459.11,   211.91,   699.99
  456.43,   342.96,   453.12
  455.94,   339.89,   578.08
  455.44,   336.82,   703.04
  452.77,   467.87,   456.17
  452.27,   464.80,   581.13
  451.78,   461.73,   706.09
  208.82,   448.50,   211.35
  209.40,   448.28,   336.35
  209.97,   448.05,   461.34
  209.00,   573.50,   211.57
  209.58,   573.28,   336.57
  210.16,   573.05,   461.57
  209.19,   698.50,   211.80
  209.77,   698.28,   336.80
  210.35,   698.05,   461.79
  333.82,   448.32,   210.77
  334.39,   448.09,   335.77
  334.97,   447.86,   460.77
  334.00,   573.32,   210.99
  334.58,   573.09,   335.99
  335.16,   572.86,   460.99
  334.19,   698.32,   211.22
  334.77,   698.09,   336.22
  335.35,   697.86,   461.22
  458.81,   448.13,   210.19
  459.39,   447.90,   335.19
  459.97,   447.68,   460.19
  459.00,   573.13,   210.42
  459.58,   572.90,   335.41
  460.16,   572.68,   460.41
  459.19,   698.13,   210.64
  459.77,   697.90,   335.64
  460.35,   697.68,   460.64
  209.79,   451.76,   451.97
  209.95,   453.47,   576.96
  210.10,   455.18,   701.95
  206.51,   576.71,   450.27
  206.67,   578.41,   575.26
  206.82,   580.12,   700.25
  203.23,   701.65,   448.57
  203.39,   703.36,   573.56
  203.54,   705.07,   698.55
  334.75,   455.04,   451.78
  334.90,   456.75,   576.77
  335.05,   458.45,   701.75
  331.47,   579.99,   450.08
  331.62,   581.69,   575.06
  331.77,   583.40,   700.05
  328.19,   704.93,   448.37
  328.34,   706.64,   573.36
  328.49,   708.34,   698.35
  459.71,   458.32,   451.58
  459.86,   460.02,   576.57
  460.01,   461.73,   701.56
  456.43,   583.26,   449.88
  456.58,   584.97,   574.87
  456.73,   586.68,   699.86
  453.15,   708.21,   448.18
  453.30,   709.92,   573.16
  453.45,   711.62,   698.15
  449.99,   211.12,   208.06
  451.29,   207.53,   333.00
  452.59,   203.94,   457.94
  446.56,   336.02,   211.69
  447.87,   332.43,   336.63
  449.17,   328.84,   461.57
  443.14,   460.92,   215.31
  444.44,   457.33,   340.25
  445.75,   453.74,   465.20
  574.93,   214.58,   206.86
  576.24,   210.99,   331.80
  577.54,   207.40,   456.74
  571.51,   339.48,   210.48
  572.81,   335.89,   335.43
  574.11,   332.30,   460.37
  568.09,   464.38,   214.11
  569.39,   460.79,   339.05
  570.69,   457.20,   463.99
  699.88,   218.04,   205.65
  701.18,   214.45,   330.60
  702.48,   210.86,   455.54
  696.46,   342.94,   209.28
  697.76,   339.35,   334.22
  699.06,   335.76,   459.16
  693.03,   467.84,   212.91
  694.34,   464.25,   337.85
  695.64,   460.66,   462.79
  448.94,   211.10,   448.31
  448.49,   207.76,   573.26
  448.03,   204.42,   698.22
  449.07,   336.06,   451.65
  448.61,   332.72,   576.60
  448.16,   329.37,   701.56
  449.20,   461.01,   454.99
  448.74,   457.67,   579.95
  448.29,   454.33,   704.90
  573.94,   210.96,   448.76
  573.49,   207.62,   573.72
  573.03,   204.28,   698.67
  574.07,   335.92,   452.10
  573.61,   332.57,   577.06
  573.16,   329.23,   702.01
  574.20,   460.87,   455.44
  573.74,   457.53,   580.40
  573.29,   454.19,   705.35
  698.94,   210.82,   449.21
  698.48,   207.48,   574.17
  698.03,   204.14,   699.12
  699.07,   335.78,   452.56
  698.61,   332.43,   577.51
  698.16,   329.09,   702.46
  699.20,   460.73,   455.90
  698.74,   457.39,   580.85
  698.28,   454.05,   705.81
  449.76,   451.05,   208.16
  452.53,   450.36,   333.13
  455.30,   449.66,   458.09
  451.60,   576.04,   208.81
  454.37,   575.34,   333.78
  457.14,   574.65,   458.75
  453.44,   701.02,   209.47
  456.21,   700.33,   334.43
  458.99,   699.63,   459.40
  574.72,   449.23,   205.38
  577.49,   448.53,   330.34
  580.26,   447.84,   455.31
  576.56,   574.21,   206.03
  579.33,   573.52,   331.00
  582.10,   572.82,   455.97
  578.40,   699.19,   206.69
  581.17,   698.50,   331.65
  583.94,   697.80,   456.62
  699.67,   447.40,   202.60
  702.44,   446.70,   327.56
  705.21,   446.01,   452.53
  701.51,   572.38,   203.25
  704.28,   571.69,   328.22
  707.06,   570.99,   453.18
  703.36,   697.37,   203.90
  706.13,   696.67,   328.87
  708.90,   695.98,   453.84
  449.25,   450.98,   450.23
  451.03,   451.12,   575.22
  452.82,   451.25,   700.20
  448.67,   575.98,   450.10
  450.45,   576.11,   575.09
  452.24,   576.25,   700.07
  448.09,   700.98,   449.97
  449.87,   701.11,   574.96
  451.66,   701.25,   699.94
  574.24,   451.56,   448.44
  576.02,   451.69,   573.43
  577.80,   451.83,   698.42
  573.66,   576.55,   448.32
  575.44,   576.69,   573.30
  577.22,   576.83,   698.29
  573.08,   701.55,   448.19
  574.86,   701.69,   573.17
  576.64,   701.83,   698.16
  699.22,   452.13,   446.66
  701.01,   452.27,   571.65
  702.79,   452.41,   696.63
  698.64,   577.13,   446.53
  700.43,   577.27,   571.52
  702.21,   577.41,   696.51
  698.06,   702.13,   446.40
  699.85,   702.27,   571.39
  701.63,   702.40,   696.38
