27, 8, pa1-debug-g-output1.txt
  196.04,   196.12,   199.07
  403.72,   408.40,   193.51
  208.89,   210.92,   211.61
  206.92,   209.67,   336.59
  204.96,   208.41,   461.57
  207.23,   335.91,   212.84
  205.26,   334.65,   337.82
  203.30,   333.39,   462.80
  205.56,   460.89,   214.07
  203.60,   459.63,   339.05
  201.63,   458.38,   464.03
  333.86,   212.57,   213.59
  331.90,   211.31,   338.57
  329.93,   210.05,   463.55
  332.20,   337.55,   214.82
  330.23,   336.29,   339.80
  328.27,   335.04,   464.78
  330.54,   462.53,   216.05
  328.57,   461.28,   341.03
  326.61,   460.02,   466.01
  458.84,   214.21,   215.57
  456.87,   212.95,   340.55
  454.91,   211.70,   465.53
  457.17,   339.19,   216.80
  455.21,   337.94,   341.78
  453.24,   336.68,   466.76
  455.51,   464.17,   218.03
  453.55,   462.92,   343.01
  451.58,   461.66,   467.99
  211.66,   208.75,   448.92
  214.67,   206.05,   573.86
  217.68,   203.35,   698.79
  210.40,   333.71,   451.65
  213.41,   331.01,   576.59
  216.41,   328.31,   701.52
  209.13,   458.68,   454.39
  212.14,   455.98,   579.32
  215.15,   453.28,   704.26
  336.62,   210.08,   445.94
  339.63,   207.38,   570.88
  342.64,   204.68,   695.81
  335.35,   335.04,   448.67
  338.36,   332.34,   573.61
  341.37,   329.64,   698.54
  334.09,   460.01,   451.41
  337.10,   457.31,   576.34
  340.11,   454.61,   701.27
  461.58,   211.41,   442.96
  464.59,   208.71,   567.90
  467.60,   206.01,   692.83
  460.31,   336.38,   445.69
  463.32,   333.68,   570.63
  466.33,   330.98,   695.56
  459.05,   461.34,   448.43
  462.05,   458.64,   573.36
  465.06,   455.94,   698.29
  209.82,   450.14,   209.11
  209.69,   446.74,   334.07
  209.56,   443.35,   459.02
  210.72,   575.09,   212.51
  210.59,   571.69,   337.46
  210.46,   568.30,   462.41
  211.62,   700.04,   215.90
  211.49,   696.64,   340.86
  211.35,   693.25,   465.81
  334.81,   449.24,   209.22
  334.68,   445.84,   334.17
  334.55,   442.45,   459.13
  335.71,   574.19,   212.61
  335.58,   570.79,   337.57
  335.45,   567.40,   462.52
  336.61,   699.14,   216.01
  336.48,   695.74,   340.96
  336.35,   692.35,   465.92
  459.81,   448.33,   209.32
  459.68,   444.94,   334.28
  459.55,   441.54,   459.23
  460.71,   573.28,   212.72
  460.58,   569.89,   337.67
  460.45,   566.49,   462.63
  461.61,   698.23,   216.12
  461.48,   694.84,   341.07
  461.35,   691.44,   466.02
  210.31,   450.57,   450.13
  209.03,   452.62,   575.10
  207.74,   454.66,   700.08
  209.15,   575.55,   448.07
  207.87,   577.59,   573.05
  206.58,   579.63,   698.03
  207.99,   700.53,   446.02
  206.71,   702.57,   571.00
  205.42,   704.61,   695.97
  335.30,   451.76,   451.39
  334.01,   453.80,   576.37
  332.73,   455.84,   701.35
  334.14,   576.73,   449.34
  332.85,   578.77,   574.32
  331.57,   580.81,   699.30
  332.98,   701.71,   447.29
  331.69,   703.75,   572.27
  330.41,   705.79,   697.24
  460.29,   452.94,   452.66
  459.00,   454.98,   577.64
  457.71,   457.02,   702.62
  459.13,   577.91,   450.61
  457.84,   579.95,   575.59
  456.55,   581.99,   700.56
  457.97,   702.89,   448.56
  456.68,   704.93,   573.53
  455.40,   706.97,   698.51
  448.49,   209.52,   211.74
  448.67,   208.18,   336.73
  448.85,   206.84,   461.73
  447.37,   334.50,   213.08
  447.55,   333.17,   338.07
  447.72,   331.83,   463.07
  446.25,   459.49,   214.42
  446.43,   458.15,   339.41
  446.60,   456.82,   464.41
  573.49,   210.64,   211.58
  573.66,   209.30,   336.57
  573.84,   207.96,   461.56
  572.36,   335.63,   212.92
  572.54,   334.29,   337.91
  572.72,   332.95,   462.90
  571.24,   460.61,   214.26
  571.42,   459.28,   339.25
  571.60,   457.94,   464.24
  698.48,   211.76,   211.41
  698.66,   210.42,   336.40
  698.83,   209.09,   461.40
  697.36,   336.75,   212.75
  697.54,   335.41,   337.74
  697.71,   334.07,   462.74
  696.24,   461.74,   214.09
  696.42,   460.40,   339.08
  696.59,   459.06,   464.08
  451.37,   209.92,   449.75
  452.42,   209.76,   574.75
  453.46,   209.61,   699.74
  451.92,   334.92,   449.90
  452.97,   334.76,   574.90
  454.01,   334.60,   699.90
  452.47,   459.92,   450.06
  453.52,   459.76,   575.05
  454.56,   459.60,   700.05
  576.37,   209.37,   448.71
  577.41,   209.21,   573.70
  578.45,   209.06,   698.70
  576.92,   334.37,   448.86
  577.96,   334.21,   573.86
  579.01,   334.05,   698.85
  577.47,   459.37,   449.01
  578.51,   459.21,   574.01
  579.56,   459.05,   699.00
  701.36,   208.82,   447.66
  702.40,   208.66,   572.66
  703.45,   208.51,   697.65
  701.91,   333.82,   447.82
  702.96,   333.66,   572.81
  704.00,   333.50,   697.81
  702.46,   458.82,   447.97
  703.51,   458.66,   572.96
  704.55,   458.50,   697.96
  450.93,   450.01,   211.18
  447.35,   450.25,   336.13
  443.78,   450.50,   461.08
  453.68,   574.98,   211.01
  450.10,   575.22,   335.96
  446.53,   575.47,   460.91
  456.43,   699.95,   210.85
  452.85,   700.19,   335.80
  449.27,   700.44,   460.75
  575.85,   447.27,   214.76
  572.27,   447.51,   339.71
  568.70,   447.75,   464.66
  578.60,   572.24,   214.59
  575.02,   572.48,   339.54
  571.44,   572.72,   464.49
  581.35,   697.21,   214.43
  577.77,   697.45,   339.38
  574.19,   697.69,   464.33
  700.77,   444.53,   218.34
  697.19,   444.77,   343.29
  693.61,   445.01,   468.24
  703.52,   569.50,   218.18
  699.94,   569.74,   343.12
  696.36,   569.98,   468.07
  706.26,   694.47,   218.01
  702.69,   694.71,   342.96
  699.11,   694.95,   467.91
  450.75,   451.13,   448.73
  452.02,   451.67,   573.73
  453.30,   452.21,   698.72
  453.52,   576.10,   448.17
  454.80,   576.64,   573.16
  456.08,   577.18,   698.15
  456.29,   701.07,   447.60
  457.57,   701.60,   572.59
  458.85,   702.14,   697.58
  575.71,   448.35,   447.47
  576.99,   448.89,   572.46
  578.27,   449.43,   697.45
  578.48,   573.32,   446.90
  579.76,   573.86,   571.89
  581.04,   574.40,   696.88
  581.25,   698.29,   446.33
  582.53,   698.83,   571.32
  583.81,   699.37,   696.32
  700.67,   445.57,   446.20
  701.95,   446.11,   571.19
  703.23,   446.65,   696.18
  703.44,   570.54,   445.63
  704.72,   571.08,   570.62
  706.00,   571.62,   695.62
  706.22,   695.51,   445.06
  707.49,   696.05,   570.06
  708.77,   696.59,   695.05
