27, 8, pa1-debug-d-output1.txt
  191.09,   191.29,   208.32
  390.48,   391.81,   205.75
  211.87,   208.54,   210.25
  209.29,   207.04,   335.22
  206.71,   205.53,   460.18
  213.28,   333.53,   211.79
  210.70,   332.02,   336.75
  208.12,   330.51,   461.72
  214.69,   458.51,   213.32
  212.11,   457.00,   338.29
  209.53,   455.50,   463.25
  336.83,   207.10,   212.81
  334.26,   205.60,   337.78
  331.68,   204.09,   462.74
  338.24,   332.09,   214.35
  335.67,   330.58,   339.31
  333.09,   329.08,   464.28
  339.65,   457.07,   215.88
  337.07,   455.56,   340.85
  334.50,   454.06,   465.81
  461.80,   205.66,   215.37
  459.22,   204.16,   340.34
  456.65,   202.65,   465.30
  463.21,   330.65,   216.91
  460.63,   329.14,   341.87
  458.05,   327.64,   466.83
  464.62,   455.63,   218.44
  462.04,   454.12,   343.41
  459.46,   452.62,   468.37
  210.20,   209.11,   449.28
  211.94,   207.24,   574.25
  213.68,   205.37,   699.23
  210.38,   334.10,   451.15
  212.13,   332.22,   576.12
  213.87,   330.35,   701.10
  210.57,   459.08,   453.02
  212.32,   457.21,   577.99
  214.06,   455.34,   702.97
  335.18,   208.95,   447.54
  336.92,   207.07,   572.51
  338.67,   205.20,   697.48
  335.37,   333.93,   449.40
  337.11,   332.06,   574.38
  338.86,   330.19,   699.35
  335.56,   458.92,   451.27
  337.30,   457.05,   576.25
  339.05,   455.18,   701.22
  460.17,   208.78,   445.79
  461.91,   206.91,   570.76
  463.65,   205.04,   695.74
  460.36,   333.77,   447.66
  462.10,   331.90,   572.63
  463.84,   330.03,   697.61
  460.55,   458.75,   449.53
  462.29,   456.88,   574.50
  464.03,   455.01,   699.48
  210.65,   451.55,   210.18
  213.69,   451.49,   335.15
  216.73,   451.43,   460.11
  208.22,   576.52,   210.30
  211.26,   576.47,   335.26
  214.30,   576.41,   460.23
  205.79,   701.50,   210.42
  208.83,   701.44,   335.38
  211.87,   701.39,   460.34
  335.59,   453.98,   207.15
  338.63,   453.92,   332.11
  341.67,   453.86,   457.07
  333.16,   578.95,   207.26
  336.20,   578.90,   332.23
  339.24,   578.84,   457.19
  330.73,   703.93,   207.38
  333.77,   703.87,   332.34
  336.81,   703.82,   457.30
  460.53,   456.41,   204.11
  463.57,   456.35,   329.07
  466.61,   456.29,   454.04
  458.10,   581.38,   204.23
  461.14,   581.33,   329.19
  464.18,   581.27,   454.15
  455.67,   706.36,   204.34
  458.71,   706.30,   329.30
  461.75,   706.25,   454.27
  209.33,   451.96,   450.68
  209.28,   453.13,   575.67
  209.22,   454.30,   700.67
  205.70,   576.91,   449.51
  205.65,   578.07,   574.51
  205.59,   579.24,   699.50
  202.08,   701.85,   448.34
  202.02,   703.01,   573.34
  201.97,   704.18,   698.33
  334.28,   455.59,   450.70
  334.22,   456.76,   575.70
  334.17,   457.93,   700.69
  330.65,   580.53,   449.53
  330.60,   581.70,   574.53
  330.54,   582.87,   699.52
  327.02,   705.48,   448.37
  326.97,   706.64,   573.36
  326.91,   707.81,   698.36
  459.23,   459.22,   450.72
  459.17,   460.39,   575.72
  459.12,   461.55,   700.71
  455.60,   584.16,   449.56
  455.54,   585.33,   574.55
  455.49,   586.49,   699.54
  451.97,   709.10,   448.39
  451.92,   710.27,   573.38
  451.86,   711.44,   698.38
  450.61,   209.12,   209.26
  448.14,   212.52,   334.19
  445.68,   215.93,   459.12
  450.24,   334.07,   205.85
  447.77,   337.47,   330.78
  445.31,   340.88,   455.71
  449.87,   459.02,   202.44
  447.40,   462.43,   327.37
  444.94,   465.83,   452.30
  575.58,   209.56,   211.72
  573.12,   212.96,   336.65
  570.65,   216.37,   461.57
  575.21,   334.51,   208.30
  572.75,   337.91,   333.23
  570.28,   341.32,   458.16
  574.84,   459.46,   204.89
  572.38,   462.87,   329.82
  569.91,   466.27,   454.75
  700.56,   209.99,   214.17
  698.09,   213.40,   339.10
  695.63,   216.80,   464.03
  700.19,   334.95,   210.76
  697.72,   338.35,   335.69
  695.26,   341.76,   460.61
  699.82,   459.90,   207.34
  697.35,   463.30,   332.27
  694.89,   466.71,   457.20
  449.86,   208.50,   450.10
  447.21,   210.28,   575.06
  444.56,   212.05,   700.02
  453.33,   333.44,   448.41
  450.68,   335.22,   573.37
  448.03,   336.99,   698.33
  456.80,   458.38,   446.71
  454.15,   460.16,   571.67
  451.50,   461.93,   696.63
  574.78,   205.07,   452.80
  572.13,   206.84,   577.76
  569.48,   208.61,   702.72
  578.25,   330.01,   451.11
  575.60,   331.78,   576.07
  572.95,   333.56,   701.03
  581.72,   454.95,   449.41
  579.07,   456.72,   574.37
  576.42,   458.50,   699.33
  699.71,   201.64,   455.50
  697.06,   203.41,   580.46
  694.40,   205.18,   705.42
  703.18,   326.58,   453.81
  700.53,   328.35,   578.77
  697.87,   330.12,   703.73
  706.65,   451.52,   452.11
  703.99,   453.29,   577.07
  701.34,   455.06,   702.03
  450.39,   450.92,   211.26
  448.21,   447.25,   336.19
  446.03,   443.58,   461.11
  450.22,   575.87,   214.93
  448.04,   572.20,   339.86
  445.86,   568.53,   464.78
  450.04,   700.82,   218.60
  447.87,   697.15,   343.52
  445.69,   693.48,   468.45
  575.37,   451.03,   213.44
  573.19,   447.36,   338.37
  571.01,   443.69,   463.30
  575.20,   575.98,   217.11
  573.02,   572.31,   342.04
  570.84,   568.64,   466.97
  575.03,   700.92,   220.78
  572.85,   697.25,   345.71
  570.67,   693.58,   470.63
  700.35,   451.14,   215.63
  698.17,   447.47,   340.55
  695.99,   443.80,   465.48
  700.18,   576.08,   219.30
  698.00,   572.41,   344.22
  695.82,   568.74,   469.15
  700.01,   701.03,   222.96
  697.83,   697.36,   347.89
  695.65,   693.69,   472.82
  450.01,   448.42,   450.45
  447.15,   448.34,   575.42
  444.29,   448.27,   700.39
  450.89,   573.42,   450.55
  448.03,   573.34,   575.52
  445.17,   573.26,   700.49
  451.77,   698.42,   450.65
  448.91,   698.34,   575.62
  446.05,   698.26,   700.59
  574.97,   447.54,   453.31
  572.11,   447.46,   578.28
  569.25,   447.38,   703.25
  575.85,   572.54,   453.41
  572.99,   572.46,   578.38
  570.13,   572.38,   703.35
  576.73,   697.53,   453.51
  573.87,   697.46,   578.48
  571.01,   697.38,   703.45
  699.94,   446.66,   456.17
  697.08,   446.58,   581.14
  694.22,   446.50,   706.11
  700.82,   571.66,   456.27
  697.96,   571.58,   581.24
  695.10,   571.50,   706.21
  701.70,   696.65,   456.37
  698.84,   696.57,   581.34
  695.98,   696.49,   706.30
