27, 8, pa1-debug-e-output1.txt
  205.42,   204.48,   194.78
  396.37,   396.95,   197.21
  212.00,   208.11,   208.88
  213.98,   208.99,   333.86
  215.95,   209.88,   458.84
  208.45,   333.06,   208.05
  210.42,   333.94,   333.03
  212.40,   334.83,   458.02
  204.89,   458.00,   207.22
  206.87,   458.89,   332.21
  208.84,   459.77,   457.19
  336.93,   211.65,   206.88
  338.91,   212.53,   331.86
  340.88,   213.42,   456.84
  333.38,   336.60,   206.05
  335.36,   337.48,   331.03
  337.33,   338.36,   456.02
  329.83,   461.54,   205.23
  331.80,   462.43,   330.21
  333.78,   463.31,   455.19
  461.87,   215.19,   204.88
  463.84,   216.07,   329.86
  465.82,   216.96,   454.84
  458.32,   340.14,   204.05
  460.29,   341.02,   329.04
  462.27,   341.90,   454.02
  454.76,   465.08,   203.23
  456.74,   465.97,   328.21
  458.71,   466.85,   453.19
  208.93,   211.74,   449.41
  212.01,   211.57,   574.37
  215.09,   211.40,   699.33
  210.01,   336.74,   449.55
  213.10,   336.57,   574.51
  216.18,   336.39,   699.48
  211.10,   461.74,   449.70
  214.19,   461.56,   574.66
  217.27,   461.39,   699.62
  333.88,   210.66,   446.32
  336.97,   210.49,   571.28
  340.05,   210.31,   696.24
  334.97,   335.66,   446.47
  338.06,   335.48,   571.43
  341.14,   335.31,   696.39
  336.06,   460.65,   446.61
  339.14,   460.48,   571.57
  342.23,   460.31,   696.54
  458.84,   209.58,   443.23
  461.93,   209.40,   568.20
  465.01,   209.23,   693.16
  459.93,   334.57,   443.38
  463.01,   334.40,   568.34
  466.10,   334.23,   693.30
  461.02,   459.57,   443.53
  464.10,   459.39,   568.49
  467.19,   459.22,   693.45
  211.21,   450.89,   209.67
  210.96,   453.58,   334.64
  210.72,   456.27,   459.61
  208.08,   575.82,   206.98
  207.83,   578.51,   331.95
  207.59,   581.20,   456.92
  204.95,   700.75,   204.28
  204.70,   703.44,   329.25
  204.46,   706.13,   454.22
  336.17,   454.02,   209.85
  335.92,   456.71,   334.82
  335.68,   459.40,   459.79
  333.04,   578.95,   207.15
  332.79,   581.64,   332.12
  332.55,   584.34,   457.09
  329.91,   703.89,   204.46
  329.66,   706.58,   329.43
  329.42,   709.27,   454.40
  461.13,   457.16,   210.03
  460.88,   459.85,   335.00
  460.64,   462.54,   459.97
  458.00,   582.09,   207.33
  457.75,   584.78,   332.30
  457.51,   587.47,   457.27
  454.87,   707.02,   204.63
  454.62,   709.71,   329.61
  454.38,   712.40,   454.58
  208.17,   451.50,   448.84
  205.09,   454.11,   573.78
  202.02,   456.72,   698.71
  206.84,   576.46,   446.20
  203.76,   579.07,   571.14
  200.68,   581.68,   696.07
  205.50,   701.43,   443.56
  202.42,   704.04,   568.50
  199.34,   706.65,   693.43
  333.13,   452.90,   451.89
  330.05,   455.51,   576.83
  326.97,   458.12,   701.76
  331.79,   577.87,   449.25
  328.71,   580.47,   574.19
  325.63,   583.08,   699.12
  330.45,   702.83,   446.61
  327.37,   705.44,   571.55
  324.30,   708.05,   696.48
  458.08,   454.30,   454.94
  455.00,   456.91,   579.88
  451.93,   459.52,   704.81
  456.75,   579.27,   452.30
  453.67,   581.88,   577.24
  450.59,   584.48,   702.17
  455.41,   704.23,   449.66
  452.33,   706.84,   574.60
  449.25,   709.45,   699.53
  449.11,   208.26,   209.92
  450.84,   209.82,   334.90
  452.56,   211.38,   459.88
  447.14,   333.24,   208.39
  448.86,   334.80,   333.37
  450.59,   336.35,   458.35
  445.17,   458.21,   206.87
  446.89,   459.77,   331.84
  448.62,   461.33,   456.82
  574.09,   210.22,   208.18
  575.81,   211.77,   333.15
  577.54,   213.33,   458.13
  572.11,   335.19,   206.65
  573.84,   336.75,   331.63
  575.56,   338.30,   456.60
  570.14,   460.17,   205.12
  571.86,   461.72,   330.10
  573.59,   463.28,   455.07
  699.06,   212.17,   206.43
  700.78,   213.73,   331.41
  702.51,   215.28,   456.38
  697.09,   337.14,   204.90
  698.81,   338.70,   329.88
  700.53,   340.26,   454.86
  695.11,   462.12,   203.37
  696.84,   463.68,   328.35
  698.56,   465.23,   453.33
  450.36,   211.68,   450.41
  453.07,   212.44,   575.37
  455.78,   213.20,   700.34
  448.45,   336.67,   449.69
  451.15,   337.43,   574.66
  453.86,   338.19,   699.63
  446.53,   461.65,   448.97
  449.24,   462.41,   573.94
  451.95,   463.17,   698.91
  575.32,   213.58,   447.69
  578.02,   214.34,   572.65
  580.73,   215.10,   697.62
  573.40,   338.57,   446.97
  576.11,   339.33,   571.94
  578.82,   340.08,   696.90
  571.49,   463.55,   446.25
  574.20,   464.31,   571.22
  576.91,   465.07,   696.19
  700.27,   215.48,   444.97
  702.98,   216.24,   569.93
  705.69,   217.00,   694.90
  698.36,   340.46,   444.25
  701.07,   341.22,   569.22
  703.78,   341.98,   694.18
  696.44,   465.45,   443.53
  699.15,   466.21,   568.50
  701.86,   466.97,   693.47
  450.51,   451.94,   209.66
  450.74,   453.65,   334.65
  450.98,   455.36,   459.64
  449.14,   576.92,   207.96
  449.38,   578.63,   332.95
  449.62,   580.34,   457.93
  447.78,   701.90,   206.25
  448.02,   703.61,   331.24
  448.25,   705.32,   456.23
  575.50,   453.30,   209.41
  575.74,   455.01,   334.40
  575.97,   456.72,   459.38
  574.13,   578.28,   207.70
  574.37,   579.99,   332.69
  574.61,   581.70,   457.68
  572.77,   703.26,   206.00
  573.01,   704.97,   330.99
  573.25,   706.68,   455.97
  700.49,   454.66,   209.15
  700.73,   456.37,   334.14
  700.97,   458.08,   459.13
  699.13,   579.64,   207.45
  699.36,   581.35,   332.43
  699.60,   583.06,   457.42
  697.76,   704.62,   205.74
  698.00,   706.33,   330.73
  698.24,   708.04,   455.72
  451.21,   450.75,   450.33
  452.84,   449.43,   575.31
  454.46,   448.11,   700.29
  449.52,   575.73,   451.67
  451.15,   574.41,   576.66
  452.77,   573.09,   701.64
  447.84,   700.72,   453.02
  449.46,   699.39,   578.00
  451.08,   698.07,   702.98
  576.19,   452.46,   448.72
  577.81,   451.14,   573.71
  579.44,   449.81,   698.69
  574.50,   577.44,   450.07
  576.13,   576.12,   575.05
  577.75,   574.80,   700.03
  572.81,   702.42,   451.41
  574.44,   701.10,   576.39
  576.06,   699.78,   701.38
  701.17,   454.16,   447.12
  702.79,   452.84,   572.10
  704.42,   451.52,   697.08
  699.48,   579.15,   448.46
  701.10,   577.82,   573.44
  702.73,   576.50,   698.43
  697.79,   704.13,   449.80
  699.42,   702.80,   574.79
  701.04,   701.48,   699.77
