27, 8, pa1-unknown-j-output1.txt
  191.07,   190.53,   210.24
  397.66,   408.18,   202.79
  209.46,   210.62,   209.24
  210.77,   213.25,   334.20
  212.07,   215.87,   459.17
  208.36,   335.59,   206.62
  209.66,   338.22,   331.59
  210.97,   340.84,   456.56
  207.26,   460.56,   204.01
  208.56,   463.18,   328.98
  209.87,   465.81,   453.94
  334.45,   211.70,   207.91
  335.76,   214.32,   332.87
  337.06,   216.95,   457.84
  333.35,   336.67,   205.30
  334.65,   339.29,   330.26
  335.96,   341.92,   455.23
  332.24,   461.64,   202.68
  333.55,   464.26,   327.65
  334.85,   466.88,   452.62
  459.44,   212.78,   206.58
  460.74,   215.40,   331.55
  462.05,   218.02,   456.51
  458.34,   337.74,   203.97
  459.64,   340.37,   328.93
  460.95,   342.99,   453.90
  457.23,   462.71,   201.36
  458.54,   465.33,   326.32
  459.84,   467.96,   451.29
  210.54,   211.04,   449.79
  213.29,   212.75,   574.75
  216.04,   214.47,   699.70
  209.95,   336.02,   448.09
  212.70,   337.74,   573.04
  215.45,   339.46,   698.00
  209.36,   461.01,   446.38
  212.11,   462.73,   571.34
  214.86,   464.44,   696.30
  335.51,   211.59,   447.03
  338.26,   213.31,   571.99
  341.01,   215.02,   696.95
  334.92,   336.58,   445.33
  337.67,   338.29,   570.29
  340.42,   340.01,   695.25
  334.33,   461.57,   443.63
  337.08,   463.28,   568.58
  339.83,   465.00,   693.54
  460.48,   212.14,   444.28
  463.23,   213.86,   569.23
  465.98,   215.58,   694.19
  459.89,   337.13,   442.57
  462.64,   338.85,   567.53
  465.39,   340.56,   692.49
  459.30,   462.12,   440.87
  462.05,   463.83,   565.83
  464.79,   465.55,   690.79
  209.81,   451.65,   210.21
  206.55,   449.77,   335.15
  203.29,   447.89,   460.09
  212.00,   576.61,   212.14
  208.74,   574.73,   337.09
  205.48,   572.85,   462.03
  214.19,   701.58,   214.08
  210.93,   699.70,   339.03
  207.67,   697.82,   463.97
  334.75,   449.41,   213.43
  331.49,   447.53,   338.38
  328.23,   445.65,   463.32
  336.94,   574.38,   215.37
  333.68,   572.50,   340.31
  330.42,   570.61,   465.26
  339.13,   699.34,   217.31
  335.87,   697.46,   342.25
  332.61,   695.58,   467.20
  459.69,   447.17,   216.66
  456.43,   445.29,   341.60
  453.17,   443.41,   466.55
  461.88,   572.14,   218.60
  458.62,   570.26,   343.54
  455.36,   568.38,   468.49
  464.07,   697.10,   220.54
  460.81,   695.22,   345.48
  457.55,   693.34,   470.42
  210.52,   449.97,   449.74
  212.10,   449.20,   574.72
  213.68,   448.42,   699.71
  213.92,   574.92,   450.47
  215.49,   574.15,   575.46
  217.07,   573.37,   700.45
  217.31,   699.88,   451.20
  218.89,   699.10,   576.19
  220.47,   698.32,   701.18
  335.47,   446.59,   448.14
  337.04,   445.81,   573.13
  338.62,   445.03,   698.11
  338.86,   571.54,   448.87
  340.44,   570.76,   573.86
  342.02,   569.99,   698.85
  342.26,   696.49,   449.61
  343.83,   695.71,   574.59
  345.41,   694.94,   699.58
  460.41,   443.20,   446.54
  461.99,   442.43,   571.53
  463.57,   441.65,   696.52
  463.80,   568.15,   447.27
  465.38,   567.38,   572.26
  466.96,   566.60,   697.25
  467.20,   693.11,   448.01
  468.78,   692.33,   573.00
  470.35,   691.55,   697.98
  450.25,   208.72,   209.43
  447.63,   205.51,   334.36
  445.01,   202.30,   459.29
  446.68,   333.63,   212.56
  444.06,   330.42,   337.49
  441.44,   327.21,   462.43
  443.10,   458.54,   215.70
  440.49,   455.33,   340.63
  437.87,   452.12,   465.56
  575.17,   212.22,   212.14
  572.55,   209.02,   337.07
  569.94,   205.81,   462.00
  571.60,   337.13,   215.27
  568.98,   333.93,   340.20
  566.36,   330.72,   465.13
  568.02,   462.04,   218.40
  565.41,   458.83,   343.34
  562.79,   455.63,   468.27
  700.09,   215.73,   214.84
  697.47,   212.52,   339.77
  694.86,   209.31,   464.71
  696.52,   340.64,   217.98
  693.90,   337.43,   342.91
  691.28,   334.22,   467.84
  692.95,   465.55,   221.11
  690.33,   462.34,   346.04
  687.71,   459.13,   470.97
  448.62,   208.34,   451.78
  450.88,   205.86,   576.74
  453.14,   203.38,   701.69
  448.73,   333.31,   454.26
  450.99,   330.83,   579.22
  453.24,   328.35,   704.17
  448.83,   458.29,   456.74
  451.09,   455.81,   581.69
  453.35,   453.33,   706.65
  573.60,   208.28,   449.52
  575.86,   205.80,   574.48
  578.12,   203.32,   699.43
  573.71,   333.25,   452.00
  575.96,   330.77,   576.96
  578.22,   328.29,   701.91
  573.81,   458.23,   454.48
  576.07,   455.75,   579.43
  578.33,   453.27,   704.39
  698.58,   208.21,   447.26
  700.84,   205.73,   572.22
  703.10,   203.25,   697.17
  698.69,   333.19,   449.74
  700.94,   330.71,   574.69
  703.20,   328.23,   699.65
  698.79,   458.16,   452.22
  701.05,   455.68,   577.17
  703.31,   453.20,   702.13
  450.78,   449.24,   209.41
  452.86,   449.05,   334.39
  454.93,   448.86,   459.38
  451.47,   574.23,   209.59
  453.54,   574.04,   334.57
  455.61,   573.86,   459.56
  452.15,   699.23,   209.77
  454.23,   699.04,   334.75
  456.30,   698.85,   459.73
  575.77,   448.55,   207.34
  577.84,   448.36,   332.32
  579.91,   448.18,   457.30
  576.45,   573.55,   207.52
  578.52,   573.36,   332.50
  580.59,   573.17,   457.48
  577.14,   698.55,   207.70
  579.21,   698.36,   332.68
  581.28,   698.17,   457.66
  700.75,   447.87,   205.27
  702.82,   447.68,   330.25
  704.89,   447.49,   455.23
  701.43,   572.87,   205.44
  703.50,   572.68,   330.43
  705.58,   572.49,   455.41
  702.12,   697.87,   205.62
  704.19,   697.68,   330.61
  706.26,   697.49,   455.59
  448.72,   450.90,   451.38
  445.48,   450.33,   576.33
  442.23,   449.75,   701.29
  452.36,   575.85,   452.05
  449.12,   575.27,   577.00
  445.87,   574.70,   701.96
  456.00,   700.79,   452.72
  452.75,   700.22,   577.67
  449.51,   699.64,   702.63
  573.62,   447.25,   454.60
  570.38,   446.67,   579.56
  567.14,   446.09,   704.52
  577.26,   572.19,   455.27
  574.02,   571.62,   580.23
  570.78,   571.04,   705.19
  580.90,   697.14,   455.94
  577.66,   696.56,   580.90
  574.42,   695.98,   705.86
  698.53,   443.59,   457.83
  695.29,   443.01,   582.79
  692.04,   442.44,   707.74
  702.17,   568.53,   458.50
  698.92,   567.96,   583.46
  695.68,   567.38,   708.41
  705.81,   693.48,   459.17
  702.56,   692.90,   584.13
  699.32,   692.33,   709.08
