27, 8, pa1-debug-c-output1.txt
  200.36,   196.76,   207.22
  402.96,   408.05,   198.29
  210.72,   210.43,   210.69
  207.78,   213.40,   335.62
  204.85,   216.37,   460.55
  212.83,   335.38,   207.78
  209.89,   338.35,   332.71
  206.96,   341.31,   457.64
  214.93,   460.33,   204.86
  212.00,   463.29,   329.79
  209.07,   466.26,   454.72
  335.66,   208.39,   213.68
  332.73,   211.36,   338.61
  329.80,   214.33,   463.54
  337.77,   333.34,   210.76
  334.84,   336.31,   335.69
  331.91,   339.27,   460.62
  339.88,   458.29,   207.84
  336.95,   461.26,   332.77
  334.02,   464.22,   457.70
  460.61,   206.35,   216.66
  457.68,   209.32,   341.59
  454.75,   212.29,   466.52
  462.72,   331.30,   213.74
  459.79,   334.27,   338.67
  456.85,   337.24,   463.60
  464.83,   456.25,   210.82
  461.90,   459.22,   335.75
  458.96,   462.18,   460.68
  211.39,   208.87,   448.84
  214.85,   205.85,   573.75
  218.31,   202.84,   698.67
  210.63,   333.83,   451.88
  214.09,   330.82,   576.79
  217.55,   327.80,   701.71
  209.88,   458.79,   454.92
  213.33,   455.78,   579.83
  216.79,   452.76,   704.75
  336.34,   209.71,   445.40
  339.80,   206.70,   570.32
  343.26,   203.68,   695.23
  335.58,   334.68,   448.44
  339.04,   331.66,   573.35
  342.50,   328.64,   698.27
  334.83,   459.64,   451.48
  338.28,   456.62,   576.39
  341.74,   453.60,   701.31
  461.29,   210.56,   441.96
  464.75,   207.54,   566.88
  468.21,   204.52,   691.79
  460.53,   335.52,   445.00
  463.99,   332.50,   569.92
  467.45,   329.48,   694.83
  459.78,   460.48,   448.04
  463.23,   457.46,   572.96
  466.69,   454.44,   697.87
  210.22,   449.50,   208.24
  207.58,   451.61,   333.19
  204.94,   453.72,   458.15
  211.46,   574.48,   206.16
  208.83,   576.59,   331.11
  206.19,   578.69,   456.07
  212.71,   699.46,   204.08
  210.07,   701.56,   329.03
  207.44,   703.67,   453.99
  335.18,   448.30,   210.90
  332.55,   450.41,   335.85
  329.91,   452.52,   460.81
  336.43,   573.28,   208.82
  333.79,   575.38,   333.77
  331.16,   577.49,   458.72
  337.67,   698.25,   206.73
  335.04,   700.36,   331.69
  332.40,   702.47,   456.64
  460.15,   447.10,   213.55
  457.51,   449.21,   338.51
  454.88,   451.31,   463.46
  461.39,   572.08,   211.47
  458.76,   574.18,   336.43
  456.12,   576.29,   461.38
  462.64,   697.05,   209.39
  460.00,   699.16,   334.35
  457.37,   701.27,   459.30
  209.74,   451.40,   449.06
  208.04,   448.51,   574.02
  206.33,   445.62,   698.97
  207.50,   576.35,   451.92
  205.80,   573.46,   576.87
  204.09,   570.57,   701.83
  205.26,   701.30,   454.78
  203.56,   698.41,   579.73
  201.85,   695.52,   704.69
  334.71,   453.60,   450.82
  333.01,   450.71,   575.77
  331.30,   447.82,   700.73
  332.47,   578.55,   453.68
  330.76,   575.66,   578.63
  329.06,   572.77,   703.58
  330.23,   703.50,   456.53
  328.52,   700.61,   581.49
  326.82,   697.72,   706.44
  459.68,   455.80,   452.57
  457.97,   452.91,   577.53
  456.27,   450.03,   702.48
  457.44,   580.75,   455.43
  455.73,   577.86,   580.39
  454.03,   574.97,   705.34
  455.20,   705.70,   458.29
  453.49,   702.81,   583.24
  451.79,   699.92,   708.20
  450.03,   210.55,   210.84
  446.66,   207.67,   335.76
  443.28,   204.80,   460.68
  447.64,   335.49,   213.65
  444.27,   332.62,   338.57
  440.90,   329.75,   463.49
  445.26,   460.44,   216.46
  441.89,   457.57,   341.38
  438.51,   454.69,   466.30
  574.96,   212.86,   214.26
  571.59,   209.98,   339.19
  568.22,   207.11,   464.11
  572.57,   337.80,   217.07
  569.20,   334.93,   341.99
  565.83,   332.05,   466.92
  570.19,   462.75,   219.88
  566.82,   459.87,   344.80
  563.44,   457.00,   469.73
  699.89,   215.17,   217.69
  696.52,   212.29,   342.61
  693.15,   209.42,   467.53
  697.51,   340.11,   220.50
  694.13,   337.24,   345.42
  690.76,   334.36,   470.34
  695.12,   465.06,   223.31
  691.75,   462.18,   348.23
  688.38,   459.31,   473.15
  448.16,   210.18,   449.04
  447.50,   207.16,   574.00
  446.85,   204.13,   698.96
  448.22,   335.15,   452.07
  447.56,   332.12,   577.03
  446.91,   329.09,   701.99
  448.28,   460.11,   455.09
  447.62,   457.08,   580.05
  446.97,   454.06,   705.02
  573.16,   210.11,   449.69
  572.50,   207.08,   574.66
  571.85,   204.05,   699.62
  573.22,   335.07,   452.72
  572.56,   332.04,   577.68
  571.91,   329.02,   702.64
  573.28,   460.03,   455.75
  572.62,   457.01,   580.71
  571.97,   453.98,   705.67
  698.16,   210.03,   450.35
  697.50,   207.00,   575.31
  696.84,   203.98,   700.27
  698.22,   334.99,   453.38
  697.56,   331.97,   578.34
  696.90,   328.94,   703.30
  698.28,   459.96,   456.40
  697.62,   456.93,   581.36
  696.96,   453.90,   706.33
  450.38,   449.85,   208.65
  449.53,   451.00,   333.64
  448.67,   452.16,   458.63
  453.26,   574.81,   207.51
  452.40,   575.97,   332.50
  451.55,   577.12,   457.49
  456.14,   699.77,   206.37
  455.28,   700.93,   331.37
  454.43,   702.08,   456.36
  575.35,   446.98,   209.53
  574.49,   448.13,   334.52
  573.63,   449.29,   459.51
  578.22,   571.94,   208.39
  577.37,   573.10,   333.38
  576.51,   574.25,   458.38
  581.10,   696.90,   207.26
  580.25,   698.06,   332.25
  579.39,   699.21,   457.24
  700.31,   444.11,   210.41
  699.45,   445.26,   335.40
  698.60,   446.42,   460.39
  703.19,   569.07,   209.27
  702.33,   570.22,   334.27
  701.48,   571.38,   459.26
  706.07,   694.03,   208.14
  705.21,   695.19,   333.13
  704.36,   696.34,   458.12
  450.81,   448.41,   451.56
  448.62,   447.45,   576.54
  446.43,   446.48,   701.51
  447.18,   573.36,   452.46
  444.98,   572.39,   577.44
  442.79,   571.42,   702.42
  443.54,   698.30,   453.37
  441.35,   697.33,   578.34
  439.15,   696.37,   703.32
  575.74,   452.03,   453.78
  573.55,   451.07,   578.76
  571.35,   450.10,   703.73
  572.10,   576.98,   454.68
  569.91,   576.01,   579.66
  567.72,   575.04,   704.64
  568.47,   701.92,   455.59
  566.27,   700.95,   580.56
  564.08,   699.99,   705.54
  700.67,   455.65,   456.00
  698.48,   454.69,   580.98
  696.28,   453.72,   705.95
  697.03,   580.60,   456.90
  694.84,   579.63,   581.88
  692.65,   578.66,   706.86
  693.40,   705.54,   457.81
  691.20,   704.57,   582.78
  689.01,   703.61,   707.76
