27, 125, pa2-debug-d-output1.txt
  192.41,   195.62,   199.46
  401.94,   393.63,   198.89
   98.01,   100.53,   100.65
  101.33,    97.92,   225.58
  104.65,    95.30,   350.51
   99.52,   225.50,   103.23
  102.84,   222.88,   228.16
  106.16,   220.27,   353.09
  101.03,   350.46,   105.80
  104.35,   347.85,   230.73
  107.67,   345.23,   355.66
  222.96,    99.09,    97.31
  226.28,    96.48,   222.23
  229.59,    93.86,   347.16
  224.47,   224.06,    99.88
  227.79,   221.44,   224.81
  231.10,   218.83,   349.74
  225.98,   349.02,   102.46
  229.30,   346.41,   227.39
  232.61,   343.79,   352.32
  347.91,    97.65,    93.96
  351.22,    95.04,   218.89
  354.54,    92.42,   343.82
  349.42,   222.62,    96.54
  352.73,   220.00,   221.46
  356.05,   217.38,   346.39
  350.93,   347.58,    99.11
  354.24,   344.96,   224.04
  357.56,   342.35,   348.97
   99.31,   101.74,   226.14
  101.73,    98.46,   351.07
  104.15,    95.18,   476.01
  101.68,   226.67,   229.37
  104.10,   223.40,   354.31
  106.53,   220.12,   479.24
  104.05,   351.61,   232.61
  106.48,   348.33,   357.54
  108.90,   345.05,   482.47
  224.26,    99.43,   223.66
  226.68,    96.15,   348.59
  229.11,    92.87,   473.52
  226.63,   224.36,   226.89
  229.06,   221.09,   351.82
  231.48,   217.81,   476.75
  229.01,   349.30,   230.12
  231.43,   346.02,   355.05
  233.86,   342.74,   479.99
  349.21,    97.12,   221.17
  351.64,    93.84,   346.10
  354.06,    90.56,   471.04
  351.59,   222.05,   224.40
  354.01,   218.77,   349.34
  356.44,   215.50,   474.27
  353.96,   346.99,   227.64
  356.39,   343.71,   352.57
  358.81,   340.43,   477.50
  101.32,   101.90,   351.76
   97.85,   102.28,   476.71
   94.39,   102.67,   601.67
   99.02,   226.87,   351.31
   95.56,   227.26,   476.27
   92.09,   227.64,   601.22
   96.73,   351.85,   350.87
   93.26,   352.24,   475.82
   89.80,   352.62,   600.77
  226.25,   104.20,   355.22
  222.78,   104.59,   480.17
  219.32,   104.97,   605.12
  223.95,   229.18,   354.77
  220.49,   229.56,   479.72
  217.03,   229.95,   604.67
  221.66,   354.16,   354.32
  218.19,   354.54,   479.27
  214.73,   354.93,   604.22
  351.18,   106.51,   358.67
  347.71,   106.89,   483.62
  344.25,   107.28,   608.58
  348.88,   231.49,   358.23
  345.42,   231.87,   483.18
  341.96,   232.26,   608.13
  346.59,   356.46,   357.78
  343.12,   356.85,   482.73
  339.66,   357.23,   607.68
   99.30,   100.28,   475.73
  100.74,    99.36,   600.72
  102.18,    98.44,   725.71
  100.01,   225.28,   476.65
  101.45,   224.36,   601.63
  102.90,   223.43,   726.62
  100.73,   350.27,   477.56
  102.17,   349.35,   602.55
  103.61,   348.43,   727.54
  224.29,    99.58,   474.29
  225.73,    98.65,   599.27
  227.17,    97.73,   724.26
  225.00,   224.57,   475.20
  226.44,   223.65,   600.19
  227.89,   222.73,   725.18
  225.72,   349.57,   476.11
  227.16,   348.64,   601.10
  228.60,   347.72,   726.09
  349.27,    98.87,   472.84
  350.72,    97.95,   597.83
  352.16,    97.03,   722.82
  349.99,   223.86,   473.75
  351.43,   222.94,   598.74
  352.88,   222.02,   723.73
  350.71,   348.86,   474.67
  352.15,   347.94,   599.66
  353.59,   347.01,   724.64
   98.88,   100.29,   599.16
   99.23,    99.06,   724.16
   99.58,    97.83,   849.15
  102.36,   225.23,   600.38
  102.71,   224.00,   725.38
  103.06,   222.78,   850.37
  105.85,   350.18,   601.60
  106.20,   348.95,   726.59
  106.55,   347.72,   851.59
  223.83,    96.80,   598.78
  224.18,    95.58,   723.77
  224.53,    94.35,   848.77
  227.32,   221.75,   600.00
  227.67,   220.52,   724.99
  228.01,   219.29,   849.99
  230.80,   346.70,   601.22
  231.15,   345.47,   726.21
  231.50,   344.24,   851.20
  348.78,    93.32,   598.40
  349.13,    92.10,   723.39
  349.48,    90.87,   848.38
  352.27,   218.27,   599.61
  352.62,   217.04,   724.61
  352.97,   215.81,   849.60
  355.75,   343.22,   600.83
  356.10,   341.99,   725.83
  356.45,   340.76,   850.82
   98.32,   224.63,    99.76
   96.51,   226.50,   224.73
   94.70,   228.38,   349.71
   99.97,   349.60,    97.91
   98.15,   351.48,   222.88
   96.34,   353.35,   347.86
  101.61,   474.58,    96.06
   99.79,   476.45,   221.03
   97.98,   478.33,   346.01
  223.30,   223.01,   101.60
  221.49,   224.89,   226.57
  219.67,   226.76,   351.55
  224.94,   347.99,    99.75
  223.13,   349.86,   224.72
  221.31,   351.74,   349.69
  226.58,   472.96,    97.90
  224.77,   474.84,   222.87
  222.95,   476.71,   347.84
  348.28,   221.40,   103.44
  346.46,   223.27,   228.41
  344.65,   225.15,   353.38
  349.92,   346.37,   101.59
  348.10,   348.25,   226.56
  346.29,   350.12,   351.53
  351.56,   471.35,    99.74
  349.75,   473.22,   224.71
  347.93,   475.10,   349.68
  101.86,   225.83,   224.04
  103.71,   229.04,   348.99
  105.55,   232.25,   473.93
  101.45,   350.79,   220.84
  103.29,   354.00,   345.79
  105.14,   357.21,   470.73
  101.04,   475.75,   217.64
  102.88,   478.96,   342.59
  104.73,   482.17,   467.53
  226.85,   226.20,   222.19
  228.69,   229.41,   347.13
  230.54,   232.61,   472.08
  226.44,   351.16,   218.99
  228.28,   354.36,   343.93
  230.12,   357.57,   468.88
  226.02,   476.12,   215.79
  227.87,   479.32,   340.73
  229.71,   482.53,   465.68
  351.83,   226.56,   220.34
  353.68,   229.77,   345.28
  355.52,   232.98,   470.23
  351.42,   351.52,   217.13
  353.26,   354.73,   342.08
  355.11,   357.94,   467.02
  351.01,   476.48,   213.93
  352.85,   479.69,   338.88
  354.70,   482.90,   463.82
   99.33,   225.87,   350.67
   98.24,   222.67,   475.62
   97.15,   219.48,   600.58
   98.13,   350.82,   353.85
   97.04,   347.63,   478.81
   95.95,   344.43,   603.76
   96.94,   475.78,   357.04
   95.85,   472.58,   481.99
   94.76,   469.39,   606.95
  224.32,   227.04,   351.79
  223.23,   223.84,   476.74
  222.14,   220.65,   601.70
  223.12,   351.99,   354.97
  222.03,   348.80,   479.93
  220.94,   345.60,   604.88
  221.93,   476.95,   358.16
  220.84,   473.75,   483.11
  219.75,   470.55,   608.07
  349.31,   228.21,   352.91
  348.22,   225.01,   477.86
  347.13,   221.81,   602.82
  348.11,   353.16,   356.09
  347.02,   349.96,   481.05
  345.93,   346.77,   606.00
  346.92,   478.11,   359.28
  345.83,   474.92,   484.23
  344.74,   471.72,   609.19
   99.77,   225.80,   474.08
   99.63,   226.22,   599.08
   99.49,   226.63,   724.08
  103.20,   350.75,   473.67
  103.06,   351.17,   598.67
  102.91,   351.59,   723.67
  106.62,   475.70,   473.25
  106.48,   476.12,   598.25
  106.34,   476.54,   723.25
  224.72,   222.37,   474.23
  224.58,   222.79,   599.23
  224.44,   223.21,   724.23
  228.15,   347.32,   473.82
  228.01,   347.74,   598.82
  227.87,   348.16,   723.82
  231.58,   472.28,   473.41
  231.44,   472.69,   598.40
  231.29,   473.11,   723.40
  349.68,   218.95,   474.38
  349.53,   219.36,   599.38
  349.39,   219.78,   724.38
  353.10,   343.90,   473.97
  352.96,   344.31,   598.97
  352.82,   344.73,   723.97
  356.53,   468.85,   473.56
  356.39,   469.27,   598.56
  356.25,   469.68,   723.56
   99.11,   223.58,   599.93
   99.38,   226.77,   724.89
   99.65,   229.97,   849.85
   98.52,   348.54,   596.74
   98.78,   351.73,   721.70
   99.05,   354.93,   846.66
   97.92,   473.49,   593.54
   98.19,   476.69,   718.50
   98.46,   479.89,   843.46
  224.11,   224.16,   599.65
  224.38,   227.36,   724.61
  224.65,   230.56,   849.57
  223.51,   349.12,   596.46
  223.78,   352.32,   721.41
  224.05,   355.52,   846.37
  222.92,   474.08,   593.26
  223.19,   477.28,   718.22
  223.46,   480.47,   843.18
  349.11,   224.75,   599.37
  349.37,   227.95,   724.33
  349.64,   231.14,   849.28
  348.51,   349.71,   596.17
  348.78,   352.91,   721.13
  349.05,   356.10,   846.09
  347.92,   474.67,   592.98
  348.19,   477.86,   717.94
  348.46,   481.06,   842.89
  100.95,   350.55,    98.90
   97.32,   350.77,   223.84
   93.70,   351.00,   348.79
  101.89,   475.54,    98.70
   98.27,   475.77,   223.64
   94.64,   476.00,   348.59
  102.84,   600.54,    98.50
   99.21,   600.77,   223.44
   95.58,   600.99,   348.39
  225.89,   349.61,   102.52
  222.26,   349.84,   227.47
  218.64,   350.06,   352.42
  226.83,   474.60,   102.32
  223.21,   474.83,   227.27
  219.58,   475.06,   352.22
  227.78,   599.60,   102.12
  224.15,   599.83,   227.07
  220.53,   600.06,   352.02
  350.83,   348.67,   106.15
  347.21,   348.90,   231.10
  343.58,   349.13,   356.05
  351.78,   473.67,   105.95
  348.15,   473.89,   230.90
  344.53,   474.12,   355.85
  352.72,   598.66,   105.75
  349.10,   598.89,   230.70
  345.47,   599.12,   355.65
   98.73,   348.19,   224.24
   98.22,   348.27,   349.24
   97.71,   348.34,   474.24
  100.29,   473.18,   224.18
   99.78,   473.26,   349.17
   99.27,   473.33,   474.17
  101.86,   598.17,   224.11
  101.35,   598.25,   349.11
  100.84,   598.32,   474.11
  223.72,   346.63,   224.75
  223.21,   346.70,   349.75
  222.70,   346.78,   474.75
  225.28,   471.62,   224.69
  224.77,   471.69,   349.69
  224.26,   471.77,   474.69
  226.85,   596.61,   224.62
  226.34,   596.68,   349.62
  225.83,   596.76,   474.62
  348.71,   345.07,   225.27
  348.20,   345.14,   350.27
  347.69,   345.21,   475.26
  350.27,   470.06,   225.20
  349.76,   470.13,   350.20
  349.25,   470.20,   475.20
  351.84,   595.05,   225.13
  351.33,   595.12,   350.13
  350.81,   595.19,   475.13
   98.87,   351.77,   349.78
  100.45,   352.17,   474.77
  102.03,   352.57,   599.75
   99.51,   476.77,   349.37
  101.09,   477.17,   474.36
  102.68,   477.57,   599.35
  100.16,   601.77,   348.96
  101.74,   602.16,   473.95
  103.32,   602.56,   598.94
  223.85,   351.12,   348.19
  225.44,   351.52,   473.18
  227.02,   351.92,   598.17
  224.50,   476.12,   347.79
  226.08,   476.52,   472.78
  227.67,   476.91,   597.77
  225.14,   601.12,   347.38
  226.73,   601.51,   472.37
  228.31,   601.91,   597.36
  348.84,   350.47,   346.61
  350.43,   350.87,   471.60
  352.01,   351.27,   596.59
  349.49,   475.47,   346.21
  351.07,   475.87,   471.20
  352.65,   476.26,   596.19
  350.13,   600.47,   345.80
  351.72,   600.86,   470.79
  353.30,   601.26,   595.78
   98.57,   349.50,   474.72
  100.53,   352.15,   599.68
  102.48,   354.80,   724.63
   97.97,   474.47,   472.08
   99.93,   477.12,   597.03
  101.88,   479.77,   721.99
   97.37,   599.44,   469.43
   99.32,   602.09,   594.39
  101.28,   604.74,   719.35
  223.55,   350.05,   472.75
  225.51,   352.71,   597.71
  227.47,   355.36,   722.66
  222.95,   475.03,   470.11
  224.91,   477.68,   595.06
  226.87,   480.33,   720.02
  222.35,   600.00,   467.46
  224.31,   602.65,   592.42
  226.27,   605.30,   717.38
  348.54,   350.61,   470.78
  350.49,   353.27,   595.74
  352.45,   355.92,   720.69
  347.93,   475.58,   468.14
  349.89,   478.24,   593.09
  351.85,   480.89,   718.05
  347.33,   600.56,   465.49
  349.29,   603.21,   590.45
  351.25,   605.86,   715.41
   99.50,   349.03,   598.70
  100.97,   352.16,   723.65
  102.43,   355.28,   848.60
   96.70,   473.96,   595.61
   98.16,   477.09,   720.56
   99.62,   480.21,   845.51
   93.89,   598.90,   592.52
   95.35,   602.02,   717.47
   96.81,   605.14,   842.42
  224.46,   351.80,   597.17
  225.93,   354.93,   722.12
  227.39,   358.05,   847.07
  221.66,   476.73,   594.08
  223.12,   479.86,   719.03
  224.58,   482.98,   843.98
  218.85,   601.66,   590.99
  220.31,   604.79,   715.94
  221.77,   607.91,   840.89
  349.42,   354.57,   595.64
  350.89,   357.70,   720.59
  352.35,   360.82,   845.54
  346.62,   479.50,   592.55
  348.08,   482.63,   717.50
  349.54,   485.75,   842.45
  343.81,   604.43,   589.46
  345.27,   607.56,   714.41
  346.73,   610.68,   839.36
   99.68,   474.99,    99.36
  102.40,   471.93,   224.30
  105.13,   468.87,   349.23
  101.58,   599.94,   102.38
  104.31,   596.88,   227.32
  107.03,   593.82,   352.25
  103.49,   724.89,   105.40
  106.21,   721.83,   230.34
  108.94,   718.77,   355.27
  224.63,   473.15,    96.59
  227.36,   470.09,   221.52
  230.08,   467.03,   346.46
  226.54,   598.10,    99.61
  229.26,   595.04,   224.54
  231.99,   591.98,   349.48
  228.44,   723.05,   102.63
  231.17,   719.99,   227.57
  233.90,   716.93,   352.50
  349.59,   471.31,    93.82
  352.31,   468.25,   218.75
  355.04,   465.19,   343.69
  351.49,   596.26,    96.84
  354.22,   593.20,   221.77
  356.95,   590.14,   346.71
  353.40,   721.21,    99.86
  356.13,   718.15,   224.79
  358.85,   715.09,   349.73
   98.96,   474.44,   225.07
   99.34,   472.26,   350.05
   99.73,   470.08,   475.03
  102.22,   599.38,   227.24
  102.61,   597.20,   352.22
  102.99,   595.02,   477.20
  105.49,   724.32,   229.41
  105.87,   722.14,   354.39
  106.25,   719.96,   479.37
  223.92,   471.19,   224.63
  224.30,   469.01,   349.61
  224.68,   466.83,   474.59
  227.18,   596.12,   226.80
  227.56,   593.94,   351.78
  227.94,   591.76,   476.76
  230.44,   721.06,   228.97
  230.82,   718.88,   353.95
  231.21,   716.70,   478.93
  348.87,   467.93,   224.19
  349.26,   465.75,   349.17
  349.64,   463.57,   474.16
  352.14,   592.87,   226.36
  352.52,   590.69,   351.34
  352.90,   588.51,   476.33
  355.40,   717.81,   228.53
  355.78,   715.63,   353.51
  356.16,   713.45,   478.49
  100.64,   476.16,   351.29
   98.52,   479.42,   476.23
   96.41,   482.68,   601.17
  101.29,   601.12,   348.04
   99.18,   604.38,   472.98
   97.06,   607.64,   597.92
  101.95,   726.07,   344.79
   99.83,   729.33,   469.73
   97.72,   732.59,   594.67
  225.62,   475.56,   353.42
  223.50,   478.82,   478.36
  221.39,   482.08,   603.30
  226.27,   600.52,   350.17
  224.16,   603.78,   475.11
  222.04,   607.04,   600.05
  226.93,   725.47,   346.92
  224.81,   728.73,   471.86
  222.70,   731.99,   596.80
  350.60,   474.96,   355.55
  348.48,   478.22,   480.49
  346.37,   481.48,   605.43
  351.25,   599.92,   352.30
  349.14,   603.18,   477.24
  347.02,   606.44,   602.18
  351.91,   724.87,   349.05
  349.79,   728.13,   473.99
  347.68,   731.39,   598.93
   98.69,   475.72,   476.98
   98.62,   477.75,   601.96
   98.56,   479.78,   726.95
   99.18,   600.71,   474.95
   99.12,   602.73,   599.93
   99.06,   604.76,   724.92
   99.68,   725.69,   472.92
   99.62,   727.72,   597.91
   99.56,   729.75,   722.89
  223.68,   475.23,   477.05
  223.62,   477.26,   602.03
  223.56,   479.28,   727.01
  224.18,   600.21,   475.02
  224.12,   602.24,   600.00
  224.06,   604.27,   724.99
  224.68,   725.19,   472.99
  224.62,   727.22,   597.98
  224.56,   729.25,   722.96
  348.68,   474.73,   477.12
  348.62,   476.76,   602.10
  348.56,   478.79,   727.08
  349.18,   599.72,   475.09
  349.12,   601.74,   600.07
  349.06,   603.77,   725.06
  349.68,   724.70,   473.06
  349.62,   726.73,   598.04
  349.56,   728.75,   723.03
  101.32,   474.12,   600.32
   99.52,   473.57,   725.31
   97.72,   473.01,   850.30
  100.21,   599.12,   600.87
   98.41,   598.56,   725.85
   96.61,   598.00,   850.84
   99.10,   724.11,   601.41
   97.30,   723.55,   726.39
   95.50,   723.00,   851.38
  226.31,   475.23,   602.13
  224.50,   474.67,   727.12
  222.70,   474.11,   852.10
  225.19,   600.22,   602.67
  223.39,   599.67,   727.66
  221.59,   599.11,   852.64
  224.08,   725.22,   603.21
  222.28,   724.66,   728.20
  220.48,   724.10,   853.18
  351.29,   476.33,   603.94
  349.49,   475.78,   728.92
  347.68,   475.22,   853.91
  350.18,   601.33,   604.48
  348.37,   600.77,   729.47
  346.57,   600.21,   854.45
  349.06,   726.32,   605.02
  347.26,   725.76,   730.01
  345.46,   725.21,   854.99
  101.30,   599.78,   101.08
  100.90,   601.27,   226.07
  100.50,   602.75,   351.06
   99.35,   724.76,    99.58
   98.95,   726.24,   224.57
   98.55,   727.73,   349.56
   97.40,   849.73,    98.09
   97.00,   851.22,   223.08
   96.60,   852.70,   348.07
  226.28,   601.73,   101.45
  225.88,   603.22,   226.44
  225.48,   604.71,   351.43
  224.33,   726.71,    99.96
  223.93,   728.20,   224.95
  223.53,   729.68,   349.94
  222.39,   851.68,    98.47
  221.99,   853.17,   223.46
  221.59,   854.66,   348.45
  351.27,   603.69,   101.83
  350.87,   605.17,   226.82
  350.47,   606.66,   351.81
  349.32,   728.66,   100.34
  348.92,   730.15,   225.33
  348.52,   731.63,   350.32
  347.37,   853.64,    98.84
  346.97,   855.12,   223.83
  346.57,   856.61,   348.83
   99.21,   600.81,   226.91
  101.79,   602.67,   351.87
  104.38,   604.53,   476.83
   98.12,   725.79,   225.07
  100.71,   727.65,   350.03
  103.29,   729.52,   474.99
   97.03,   850.77,   223.23
   99.62,   852.64,   348.19
  102.21,   854.50,   473.15
  224.18,   601.86,   224.31
  226.76,   603.72,   349.27
  229.35,   605.58,   474.23
  223.09,   726.84,   222.47
  225.68,   728.70,   347.43
  228.26,   730.57,   472.39
  222.00,   851.82,   220.63
  224.59,   853.68,   345.59
  227.17,   855.55,   470.55
  349.15,   602.91,   221.71
  351.73,   604.77,   346.67
  354.32,   606.63,   471.63
  348.06,   727.89,   219.87
  350.64,   729.75,   344.83
  353.23,   731.61,   469.79
  346.97,   852.87,   218.03
  349.56,   854.73,   342.99
  352.14,   856.60,   467.94
   98.76,   601.13,   350.67
   97.93,   601.18,   475.67
   97.09,   601.23,   600.67
   98.45,   726.13,   350.62
   97.61,   726.18,   475.62
   96.78,   726.23,   600.62
   98.13,   851.13,   350.57
   97.30,   851.18,   475.57
   96.47,   851.23,   600.56
  223.75,   601.44,   351.51
  222.92,   601.49,   476.50
  222.09,   601.54,   601.50
  223.44,   726.44,   351.45
  222.61,   726.49,   476.45
  221.78,   726.54,   601.45
  223.13,   851.44,   351.40
  222.30,   851.49,   476.40
  221.47,   851.54,   601.40
  348.75,   601.75,   352.34
  347.92,   601.80,   477.34
  347.09,   601.86,   602.33
  348.44,   726.75,   352.29
  347.61,   726.80,   477.28
  346.78,   726.86,   602.28
  348.13,   851.75,   352.23
  347.30,   851.80,   477.23
  346.46,   851.85,   602.23
   99.68,   600.34,   476.19
  101.84,   598.76,   601.16
  104.00,   597.19,   726.14
   96.18,   725.28,   477.83
   98.34,   723.70,   602.80
  100.50,   722.13,   727.77
   92.68,   850.22,   479.46
   94.84,   848.64,   604.43
   97.00,   847.07,   729.40
  224.61,   603.86,   474.08
  226.77,   602.29,   599.05
  228.93,   600.72,   724.02
  221.11,   728.80,   475.71
  223.27,   727.23,   600.68
  225.43,   725.66,   725.66
  217.61,   853.75,   477.35
  219.77,   852.17,   602.32
  221.93,   850.60,   727.29
  349.54,   607.39,   471.97
  351.70,   605.82,   596.94
  353.86,   604.24,   721.91
  346.04,   732.33,   473.60
  348.20,   730.76,   598.57
  350.36,   729.18,   723.54
  342.54,   857.27,   475.23
  344.70,   855.70,   600.20
  346.86,   854.12,   725.18
   99.22,   601.92,   599.14
   97.43,   602.66,   724.12
   95.63,   603.41,   849.11
   98.33,   726.91,   598.38
   96.53,   727.66,   723.36
   94.74,   728.40,   848.35
   97.43,   851.90,   597.62
   95.63,   852.65,   722.60
   93.84,   853.40,   847.59
  224.21,   602.82,   600.93
  222.41,   603.57,   725.91
  220.62,   604.32,   850.90
  223.31,   727.82,   600.17
  221.52,   728.56,   725.15
  219.72,   729.31,   850.14
  222.41,   852.81,   599.41
  220.62,   853.56,   724.39
  218.82,   854.31,   849.38
  349.19,   603.73,   602.72
  347.40,   604.48,   727.70
  345.60,   605.22,   852.69
  348.29,   728.73,   601.96
  346.50,   729.47,   726.94
  344.70,   730.22,   851.93
  347.40,   853.72,   601.20
  345.60,   854.47,   726.18
  343.81,   855.21,   851.17
  225.68,    98.42,    98.80
  228.13,    99.96,   223.77
  230.58,   101.49,   348.73
  224.81,   223.41,    97.28
  227.26,   224.94,   222.25
  229.70,   226.48,   347.21
  223.93,   348.39,    95.76
  226.38,   349.93,   220.73
  228.83,   351.47,   345.69
  350.66,    99.26,    96.34
  353.10,   100.80,   221.31
  355.55,   102.34,   346.27
  349.78,   224.25,    94.82
  352.23,   225.79,   219.79
  354.68,   227.33,   344.75
  348.91,   349.24,    93.30
  351.35,   350.78,   218.27
  353.80,   352.31,   343.23
  475.63,   100.11,    93.88
  478.08,   101.65,   218.85
  480.52,   103.18,   343.82
  474.75,   225.10,    92.36
  477.20,   226.63,   217.33
  479.65,   228.17,   342.30
  473.88,   350.08,    90.84
  476.33,   351.62,   215.81
  478.77,   353.16,   340.78
  224.92,    99.76,   226.15
  224.92,    99.33,   351.15
  224.92,    98.90,   476.15
  228.45,   224.71,   226.58
  228.45,   224.28,   351.58
  228.45,   223.85,   476.58
  231.99,   349.65,   227.01
  231.99,   349.22,   352.01
  231.99,   348.80,   477.01
  349.87,    96.22,   226.14
  349.87,    95.79,   351.13
  349.87,    95.36,   476.13
  353.40,   221.17,   226.57
  353.40,   220.74,   351.56
  353.40,   220.31,   476.56
  356.94,   346.12,   226.99
  356.94,   345.69,   351.99
  356.94,   345.26,   476.99
  474.82,    92.68,   226.12
  474.82,    92.25,   351.12
  474.82,    91.82,   476.12
  478.35,   217.63,   226.55
  478.35,   217.20,   351.55
  478.35,   216.77,   476.55
  481.89,   342.58,   226.98
  481.89,   342.15,   351.98
  481.89,   341.72,   476.98
  226.59,    98.46,   349.31
  222.99,    96.46,   474.24
  219.39,    94.46,   599.17
  224.59,   223.42,   351.25
  221.00,   221.42,   476.18
  217.40,   219.42,   601.12
  222.60,   348.39,   353.20
  219.00,   346.39,   478.13
  215.40,   344.39,   603.06
  351.52,   100.39,   352.94
  347.92,    98.39,   477.87
  344.32,    96.39,   602.80
  349.53,   225.36,   354.88
  345.93,   223.36,   479.81
  342.33,   221.36,   604.75
  347.53,   350.33,   356.83
  343.93,   348.33,   481.76
  340.33,   346.33,   606.69
  476.45,   102.33,   356.57
  472.86,   100.33,   481.50
  469.26,    98.33,   606.43
  474.46,   227.30,   358.51
  470.86,   225.30,   483.44
  467.26,   223.30,   608.38
  472.46,   352.27,   360.46
  468.86,   350.27,   485.39
  465.27,   348.27,   610.32
  223.62,   100.74,   475.65
  227.09,   100.32,   600.61
  230.56,    99.91,   725.56
  223.86,   225.73,   476.06
  227.33,   225.32,   601.01
  230.81,   224.91,   725.96
  224.11,   350.73,   476.47
  227.58,   350.32,   601.42
  231.05,   349.91,   726.37
  348.57,   100.50,   472.18
  352.04,   100.09,   597.13
  355.51,    99.68,   722.09
  348.82,   225.50,   472.59
  352.29,   225.09,   597.54
  355.76,   224.68,   722.49
  349.06,   350.50,   473.00
  352.53,   350.09,   597.95
  356.00,   349.68,   722.90
  473.52,   100.27,   468.71
  476.99,    99.86,   593.66
  480.47,    99.45,   718.61
  473.77,   225.27,   469.12
  477.24,   224.86,   594.07
  480.71,   224.45,   719.02
  474.01,   350.27,   469.52
  477.48,   349.86,   594.48
  480.95,   349.44,   719.43
  226.25,   101.99,   598.96
  224.55,   104.82,   723.92
  222.84,   107.64,   848.87
  226.85,   226.96,   596.14
  225.15,   229.78,   721.10
  223.44,   232.61,   846.06
  227.45,   351.92,   593.32
  225.74,   354.75,   718.28
  224.04,   357.58,   843.24
  351.24,   101.43,   600.68
  349.54,   104.26,   725.64
  347.83,   107.08,   850.59
  351.84,   226.40,   597.86
  350.13,   229.22,   722.82
  348.43,   232.05,   847.77
  352.44,   351.36,   595.04
  350.73,   354.19,   720.00
  349.03,   357.02,   844.95
  476.23,   100.87,   602.40
  474.52,   103.70,   727.35
  472.82,   106.52,   852.31
  476.82,   225.84,   599.58
  475.12,   228.66,   724.53
  473.42,   231.49,   849.49
  477.42,   350.80,   596.76
  475.72,   353.63,   721.72
  474.01,   356.46,   846.67
  223.84,   225.76,   101.11
  223.59,   227.19,   226.10
  223.35,   228.62,   351.09
  226.52,   350.72,    99.68
  226.28,   352.15,   224.67
  226.03,   353.59,   349.66
  229.21,   475.68,    98.25
  228.96,   477.12,   223.24
  228.71,   478.55,   348.23
  348.81,   223.07,   101.39
  348.56,   224.51,   226.38
  348.32,   225.94,   351.37
  351.50,   348.04,    99.96
  351.25,   349.47,   224.95
  351.00,   350.91,   349.94
  354.18,   473.00,    98.53
  353.93,   474.43,   223.52
  353.69,   475.87,   348.51
  473.78,   220.39,   101.66
  473.53,   221.83,   226.65
  473.29,   223.26,   351.65
  476.47,   345.36,   100.23
  476.22,   346.79,   225.23
  475.97,   348.22,   350.22
  479.15,   470.32,    98.81
  478.90,   471.75,   223.80
  478.66,   473.19,   348.79
  223.53,   223.20,   223.36
  223.61,   219.80,   348.32
  223.68,   216.40,   473.27
  223.46,   348.15,   226.76
  223.53,   344.76,   351.72
  223.61,   341.36,   476.67
  223.39,   473.11,   230.16
  223.46,   469.71,   355.11
  223.54,   466.31,   480.07
  348.53,   223.27,   223.29
  348.61,   219.88,   348.24
  348.68,   216.48,   473.19
  348.46,   348.23,   226.69
  348.53,   344.83,   351.64
  348.61,   341.43,   476.59
  348.38,   473.18,   230.08
  348.46,   469.78,   355.04
  348.54,   466.38,   479.99
  473.53,   223.35,   223.21
  473.61,   219.95,   348.16
  473.68,   216.55,   473.12
  473.46,   348.30,   226.61
  473.53,   344.90,   351.56
  473.61,   341.50,   476.52
  473.38,   473.25,   230.01
  473.46,   469.86,   354.96
  473.54,   466.46,   479.92
  225.88,   223.06,   348.59
  226.14,   219.72,   473.55
  226.41,   216.37,   598.50
  227.42,   348.01,   351.93
  227.68,   344.66,   476.89
  227.95,   341.32,   601.84
  228.95,   472.95,   355.28
  229.22,   469.61,   480.23
  229.48,   466.26,   605.19
  350.87,   221.53,   348.29
  351.14,   218.19,   473.24
  351.40,   214.84,   598.20
  352.41,   346.48,   351.63
  352.67,   343.13,   476.58
  352.94,   339.79,   601.54
  353.94,   471.43,   354.97
  354.21,   468.08,   479.93
  354.47,   464.73,   604.88
  475.86,   220.00,   347.98
  476.13,   216.66,   472.94
  476.39,   213.31,   597.89
  477.40,   344.95,   351.32
  477.66,   341.60,   476.28
  477.93,   338.26,   601.23
  478.93,   469.90,   354.67
  479.20,   466.55,   479.62
  479.46,   463.20,   604.58
  225.89,   223.59,   476.43
  222.84,   225.04,   601.39
  219.79,   226.48,   726.34
  223.86,   348.57,   474.94
  220.81,   350.01,   599.89
  217.76,   351.46,   724.85
  221.83,   473.54,   473.44
  218.78,   474.99,   598.40
  215.73,   476.43,   723.35
  350.83,   225.66,   479.46
  347.79,   227.10,   604.41
  344.74,   228.55,   729.37
  348.80,   350.63,   477.96
  345.76,   352.08,   602.92
  342.71,   353.52,   727.87
  346.78,   475.61,   476.46
  343.73,   477.05,   601.42
  340.68,   478.50,   726.37
  475.78,   227.72,   482.48
  472.73,   229.17,   607.43
  469.69,   230.61,   732.39
  473.75,   352.70,   480.98
  470.70,   354.14,   605.94
  467.66,   355.59,   730.89
  471.72,   477.67,   479.49
  468.67,   479.12,   604.44
  465.63,   480.56,   729.40
  224.44,   226.61,   601.95
  221.72,   229.73,   726.89
  218.99,   232.84,   851.82
  225.48,   351.56,   598.86
  222.75,   354.68,   723.79
  220.03,   357.80,   848.72
  226.52,   476.52,   595.76
  223.79,   479.64,   720.69
  221.07,   482.76,   845.62
  349.41,   225.64,   604.70
  346.68,   228.76,   729.64
  343.96,   231.88,   854.57
  350.45,   350.60,   601.61
  347.72,   353.71,   726.54
  344.99,   356.83,   851.47
  351.48,   475.55,   598.51
  348.76,   478.67,   723.44
  346.03,   481.79,   848.37
  474.37,   224.67,   607.46
  471.65,   227.79,   732.39
  468.92,   230.91,   857.32
  475.41,   349.63,   604.36
  472.69,   352.75,   729.29
  469.96,   355.86,   854.22
  476.45,   474.59,   601.26
  473.72,   477.70,   726.19
  471.00,   480.82,   851.13
  223.72,   351.46,    99.41
  225.63,   350.91,   224.40
  227.55,   350.37,   349.38
  224.96,   476.45,    99.94
  226.88,   475.90,   224.92
  228.80,   475.36,   349.91
  226.21,   601.44,   100.47
  228.13,   600.90,   225.45
  230.05,   600.35,   350.43
  348.69,   350.22,    97.49
  350.61,   349.67,   222.47
  352.53,   349.13,   347.46
  349.94,   475.21,    98.02
  351.86,   474.67,   223.00
  353.78,   474.12,   347.98
  351.19,   600.20,    98.54
  353.11,   599.66,   223.53
  355.02,   599.11,   348.51
  473.67,   348.98,    95.57
  475.59,   348.44,   220.55
  477.51,   347.89,   345.53
  474.92,   473.97,    96.09
  476.84,   473.43,   221.08
  478.76,   472.88,   346.06
  476.17,   598.97,    96.62
  478.08,   598.42,   221.60
  480.00,   597.88,   346.59
  226.18,   351.73,   225.10
  226.36,   348.16,   350.04
  226.53,   344.59,   474.99
  225.06,   476.67,   228.67
  225.23,   473.10,   353.62
  225.41,   469.53,   478.57
  223.93,   601.62,   232.24
  224.11,   598.05,   357.19
  224.29,   594.48,   482.14
  351.17,   352.85,   224.95
  351.35,   349.28,   349.90
  351.53,   345.72,   474.85
  350.05,   477.80,   228.52
  350.23,   474.23,   353.47
  350.41,   470.66,   478.42
  348.93,   602.74,   232.09
  349.11,   599.17,   357.04
  349.28,   595.60,   481.99
  476.17,   353.98,   224.80
  476.35,   350.41,   349.75
  476.52,   346.84,   474.70
  475.05,   478.93,   228.38
  475.22,   475.36,   353.32
  475.40,   471.79,   478.27
  473.92,   603.87,   231.95
  474.10,   600.30,   356.90
  474.28,   596.73,   481.84
  223.26,   351.98,   350.25
  226.26,   351.81,   475.21
  229.27,   351.63,   600.18
  219.63,   476.93,   350.51
  222.64,   476.75,   475.47
  225.65,   476.58,   600.44
  216.01,   601.88,   350.77
  219.01,   601.70,   475.74
  222.02,   601.53,   600.70
  348.17,   355.61,   347.25
  351.17,   355.44,   472.21
  354.18,   355.26,   597.17
  344.54,   480.56,   347.51
  347.55,   480.38,   472.47
  350.56,   480.21,   597.44
  340.92,   605.51,   347.77
  343.92,   605.33,   472.74
  346.93,   605.16,   597.70
  473.08,   359.24,   344.25
  476.09,   359.07,   469.21
  479.09,   358.89,   594.17
  469.45,   484.19,   344.51
  472.46,   484.01,   469.47
  475.47,   483.84,   594.44
  465.83,   609.14,   344.77
  468.84,   608.96,   469.73
  471.84,   608.79,   594.70
  224.66,   348.19,   473.18
  223.78,   345.42,   598.14
  222.90,   342.65,   723.11
  225.10,   473.16,   475.95
  224.22,   470.39,   600.92
  223.34,   467.62,   725.88
  225.53,   598.13,   478.72
  224.66,   595.36,   603.69
  223.78,   592.59,   728.65
  349.65,   347.73,   474.04
  348.78,   344.96,   599.01
  347.90,   342.19,   723.98
  350.09,   472.70,   476.82
  349.21,   469.93,   601.78
  348.34,   467.16,   726.75
  350.53,   597.67,   479.59
  349.65,   594.90,   604.56
  348.77,   592.13,   729.52
  474.65,   347.28,   474.91
  473.77,   344.51,   599.88
  472.90,   341.74,   724.84
  475.09,   472.25,   477.68
  474.21,   469.48,   602.65
  473.33,   466.71,   727.62
  475.52,   597.21,   480.46
  474.65,   594.44,   605.42
  473.77,   591.67,   730.39
  226.31,   348.86,   599.76
  228.77,   349.72,   724.73
  231.24,   350.57,   849.70
  229.36,   473.82,   598.84
  231.82,   474.68,   723.82
  234.29,   475.53,   848.79
  232.41,   598.78,   597.93
  234.88,   599.63,   722.90
  237.34,   600.49,   847.87
  351.25,   345.79,   597.32
  353.71,   346.65,   722.29
  356.18,   347.50,   847.26
  354.30,   470.75,   596.40
  356.76,   471.61,   721.37
  359.23,   472.46,   846.35
  357.35,   595.71,   595.49
  359.82,   596.57,   720.46
  362.28,   597.42,   845.43
  476.19,   342.72,   594.87
  478.65,   343.58,   719.85
  481.11,   344.43,   844.82
  479.24,   467.68,   593.96
  481.70,   468.54,   718.93
  484.17,   469.39,   843.90
  482.29,   592.64,   593.04
  484.75,   593.50,   718.02
  487.22,   594.35,   842.99
  224.39,   476.86,    98.26
  221.76,   473.48,   223.18
  219.12,   470.10,   348.11
  223.35,   601.81,   101.62
  220.71,   598.43,   226.54
  218.08,   595.05,   351.47
  222.31,   726.76,   104.98
  219.67,   723.38,   229.90
  217.04,   720.00,   354.83
  349.36,   477.83,   100.92
  346.72,   474.45,   225.84
  344.09,   471.07,   350.77
  348.32,   602.78,   104.28
  345.68,   599.40,   229.20
  343.05,   596.02,   354.13
  347.27,   727.73,   107.64
  344.64,   724.35,   232.56
  342.01,   720.97,   357.49
  474.33,   478.80,   103.58
  471.69,   475.42,   228.50
  469.06,   472.04,   353.43
  473.28,   603.75,   106.94
  470.65,   600.37,   231.86
  468.02,   596.99,   356.79
  472.24,   728.70,   110.30
  469.61,   725.32,   235.22
  466.97,   721.94,   360.15
  223.25,   475.86,   226.71
  220.15,   478.76,   351.63
  217.04,   481.66,   476.56
  224.93,   600.81,   223.84
  221.82,   603.72,   348.77
  218.72,   606.62,   473.70
  226.60,   725.77,   220.98
  223.50,   728.67,   345.91
  220.39,   731.58,   470.84
  348.20,   474.25,   229.85
  345.10,   477.16,   354.78
  341.99,   480.06,   479.70
  349.88,   599.21,   226.99
  346.77,   602.11,   351.91
  343.67,   605.02,   476.84
  351.55,   724.17,   224.12
  348.45,   727.07,   349.05
  345.34,   729.97,   473.98
  473.15,   472.65,   232.99
  470.05,   475.56,   357.92
  466.94,   478.46,   482.85
  474.83,   597.61,   230.13
  471.72,   600.51,   355.06
  468.62,   603.41,   479.98
  476.50,   722.56,   227.27
  473.40,   725.47,   352.19
  470.29,   728.37,   477.12
  225.38,   474.78,   349.28
  225.90,   476.52,   474.27
  226.41,   478.25,   599.26
  224.19,   599.76,   347.55
  224.70,   601.50,   472.54
  225.22,   603.23,   597.53
  222.99,   724.75,   345.82
  223.50,   726.48,   470.81
  224.02,   728.22,   595.80
  350.38,   475.97,   348.75
  350.89,   477.71,   473.74
  351.41,   479.44,   598.73
  349.18,   600.96,   347.02
  349.69,   602.69,   472.01
  350.21,   604.42,   597.00
  347.98,   725.94,   345.29
  348.50,   727.67,   470.28
  349.01,   729.41,   595.27
  475.37,   477.16,   348.22
  475.89,   478.90,   473.21
  476.40,   480.63,   598.19
  474.17,   602.15,   346.49
  474.69,   603.88,   471.48
  475.20,   605.62,   596.46
  472.97,   727.13,   344.76
  473.49,   728.86,   469.75
  474.00,   730.60,   594.73
  224.62,   476.25,   475.25
  224.82,   472.98,   600.20
  225.01,   469.71,   725.16
  227.58,   601.17,   478.51
  227.77,   597.90,   603.47
  227.97,   594.63,   728.43
  230.53,   726.10,   481.78
  230.73,   722.82,   606.74
  230.92,   719.55,   731.69
  349.59,   473.30,   474.97
  349.78,   470.03,   599.93
  349.98,   466.76,   724.89
  352.54,   598.22,   478.24
  352.74,   594.95,   603.20
  352.93,   591.68,   728.16
  355.50,   723.15,   481.51
  355.69,   719.87,   606.46
  355.89,   716.60,   731.42
  474.55,   470.35,   474.70
  474.75,   467.08,   599.66
  474.94,   463.81,   724.62
  477.51,   595.27,   477.97
  477.70,   592.00,   602.93
  477.90,   588.73,   727.88
  480.46,   720.20,   481.24
  480.66,   716.92,   606.19
  480.85,   713.65,   731.15
  223.47,   475.59,   600.17
  221.89,   472.52,   725.13
  220.31,   469.45,   850.08
  220.12,   600.51,   603.20
  218.54,   597.44,   728.15
  216.96,   594.37,   853.10
  216.77,   725.43,   606.22
  215.19,   722.36,   731.18
  213.61,   719.29,   856.13
  348.41,   478.90,   601.83
  346.84,   475.83,   726.79
  345.26,   472.77,   851.74
  345.06,   603.82,   604.86
  343.48,   600.75,   729.81
  341.91,   597.69,   854.76
  341.71,   728.74,   607.88
  340.13,   725.67,   732.83
  338.56,   722.60,   857.79
  473.36,   482.21,   603.49
  471.78,   479.15,   728.45
  470.20,   476.08,   853.40
  470.01,   607.13,   606.52
  468.43,   604.07,   731.47
  466.85,   601.00,   856.42
  466.66,   732.05,   609.54
  465.08,   728.98,   734.49
  463.50,   725.92,   859.45
  224.14,   598.42,    98.27
  225.45,   597.13,   223.25
  226.75,   595.85,   348.24
  226.31,   723.40,    99.53
  227.62,   722.11,   224.52
  228.92,   720.82,   349.51
  228.48,   848.37,   100.80
  229.79,   847.08,   225.79
  231.09,   845.79,   350.77
  349.12,   596.27,    96.94
  350.42,   594.98,   221.93
  351.72,   593.69,   346.92
  351.29,   721.24,    98.21
  352.59,   719.95,   223.20
  353.89,   718.66,   348.18
  353.46,   846.22,    99.48
  354.76,   844.93,   224.46
  356.06,   843.64,   349.45
  474.09,   594.11,    95.62
  475.39,   592.82,   220.61
  476.70,   591.53,   345.59
  476.26,   719.08,    96.88
  477.56,   717.79,   221.87
  478.87,   716.51,   346.86
  478.43,   844.06,    98.15
  479.73,   842.77,   223.14
  481.04,   841.48,   348.12
  223.82,   601.37,   224.35
  223.08,   603.02,   349.33
  222.34,   604.68,   474.32
  224.69,   726.35,   222.69
  223.95,   728.01,   347.68
  223.21,   729.67,   472.67
  225.57,   851.34,   221.04
  224.82,   853.00,   346.03
  224.08,   854.65,   471.01
  348.82,   600.50,   225.10
  348.07,   602.16,   350.09
  347.33,   603.82,   475.08
  349.69,   725.49,   223.45
  348.95,   727.15,   348.44
  348.20,   728.81,   473.42
  350.56,   850.48,   221.80
  349.82,   852.13,   346.78
  349.07,   853.79,   471.77
  473.81,   599.64,   225.86
  473.07,   601.30,   350.84
  472.32,   602.96,   475.83
  474.68,   724.63,   224.21
  473.94,   726.29,   349.19
  473.20,   727.95,   474.18
  475.56,   849.61,   222.55
  474.81,   851.27,   347.54
  474.07,   852.93,   472.53
  223.55,   601.16,   349.16
  223.79,   601.93,   474.15
  224.04,   602.70,   599.15
  222.03,   726.15,   348.39
  222.28,   726.92,   473.39
  222.52,   727.69,   598.39
  220.52,   851.14,   347.63
  220.76,   851.91,   472.62
  221.01,   852.67,   597.62
  348.54,   602.67,   348.90
  348.78,   603.44,   473.90
  349.03,   604.21,   598.90
  347.03,   727.66,   348.14
  347.27,   728.43,   473.14
  347.51,   729.20,   598.13
  345.51,   852.65,   347.37
  345.75,   853.42,   472.37
  346.00,   854.19,   597.37
  473.53,   604.19,   348.65
  473.77,   604.95,   473.65
  474.02,   605.72,   598.65
  472.02,   729.17,   347.89
  472.26,   729.94,   472.88
  472.50,   730.71,   597.88
  470.50,   854.16,   347.12
  470.75,   854.93,   472.12
  470.99,   855.70,   597.11
  224.03,   598.06,   474.24
  224.13,   598.23,   599.24
  224.22,   598.41,   724.24
  220.30,   723.01,   474.07
  220.39,   723.18,   599.07
  220.49,   723.35,   724.07
  216.56,   847.95,   473.90
  216.66,   848.12,   598.90
  216.76,   848.29,   723.90
  348.97,   601.80,   474.14
  349.07,   601.97,   599.14
  349.17,   602.14,   724.14
  345.24,   726.74,   473.97
  345.34,   726.91,   598.97
  345.43,   727.08,   723.97
  341.51,   851.68,   473.80
  341.60,   851.86,   598.80
  341.70,   852.03,   723.80
  473.92,   605.53,   474.04
  474.01,   605.70,   599.04
  474.11,   605.87,   724.04
  470.19,   730.47,   473.87
  470.28,   730.64,   598.87
  470.38,   730.82,   723.87
  466.45,   855.42,   473.70
  466.55,   855.59,   598.70
  466.64,   855.76,   723.70
  225.60,   600.67,   599.99
  224.82,   598.53,   724.97
  224.05,   596.39,   849.94
  226.96,   725.64,   602.13
  226.19,   723.50,   727.11
  225.42,   721.37,   852.09
  228.33,   850.61,   604.28
  227.56,   848.48,   729.26
  226.79,   846.34,   854.24
  350.59,   599.28,   600.73
  349.81,   597.15,   725.71
  349.04,   595.01,   850.69
  351.95,   724.26,   602.88
  351.18,   722.12,   727.86
  350.41,   719.98,   852.84
  353.32,   849.23,   605.03
  352.55,   847.09,   730.00
  351.78,   844.96,   854.98
  475.58,   597.90,   601.48
  474.80,   595.77,   726.46
  474.03,   593.63,   851.44
  476.94,   722.88,   603.63
  476.17,   720.74,   728.61
  475.40,   718.60,   853.59
  478.31,   847.85,   605.77
  477.54,   845.71,   730.75
  476.77,   843.58,   855.73
  350.45,   100.24,   100.59
  346.97,   100.08,   225.54
  343.49,    99.93,   350.49
  351.38,   225.23,   100.77
  347.90,   225.08,   225.72
  344.42,   224.92,   350.67
  352.30,   350.23,   100.95
  348.82,   350.07,   225.90
  345.34,   349.92,   350.86
  475.40,    99.31,   104.07
  471.92,    99.15,   229.02
  468.44,    99.00,   353.97
  476.32,   224.31,   104.25
  472.85,   224.15,   229.20
  469.37,   223.99,   354.15
  477.25,   349.30,   104.43
  473.77,   349.15,   229.38
  470.29,   348.99,   354.33
  600.35,    98.38,   107.55
  596.87,    98.23,   232.50
  593.39,    98.07,   357.45
  601.27,   223.38,   107.73
  597.79,   223.22,   232.68
  594.31,   223.07,   357.63
  602.20,   348.37,   107.91
  598.72,   348.22,   232.86
  595.24,   348.06,   357.81
  350.99,   100.08,   224.77
  351.45,   100.32,   349.77
  351.91,   100.56,   474.77
  353.30,   225.06,   224.52
  353.76,   225.30,   349.52
  354.22,   225.54,   474.52
  355.60,   350.04,   224.27
  356.06,   350.28,   349.27
  356.52,   350.52,   474.27
  475.97,    97.78,   224.31
  476.43,    98.02,   349.31
  476.89,    98.26,   474.31
  478.28,   222.75,   224.06
  478.74,   223.00,   349.06
  479.19,   223.24,   474.06
  480.58,   347.73,   223.81
  481.04,   347.97,   348.81
  481.50,   348.22,   473.81
  600.95,    95.47,   223.86
  601.41,    95.71,   348.86
  601.87,    95.95,   473.86
  603.25,   220.45,   223.61
  603.71,   220.69,   348.61
  604.17,   220.93,   473.61
  605.56,   345.43,   223.36
  606.02,   345.67,   348.36
  606.48,   345.91,   473.36
  349.99,    98.82,   349.14
  349.65,    98.72,   474.14
  349.30,    98.62,   599.13
  350.90,   223.82,   349.24
  350.56,   223.72,   474.24
  350.22,   223.62,   599.24
  351.81,   348.82,   349.34
  351.47,   348.72,   474.34
  351.13,   348.62,   599.34
  474.99,    97.91,   349.48
  474.64,    97.81,   474.48
  474.30,    97.71,   599.48
  475.90,   222.91,   349.58
  475.56,   222.81,   474.58
  475.21,   222.71,   599.58
  476.81,   347.90,   349.68
  476.47,   347.80,   474.68
  476.13,   347.70,   599.68
  599.98,    97.00,   349.82
  599.64,    96.90,   474.82
  599.30,    96.80,   599.82
  600.89,   221.99,   349.92
  600.55,   221.89,   474.92
  600.21,   221.79,   599.92
  601.81,   346.99,   350.02
  601.46,   346.89,   475.02
  601.12,   346.79,   600.02
  351.16,   101.22,   473.20
  351.21,   102.19,   598.20
  351.25,   103.16,   723.19
  350.21,   226.21,   472.23
  350.26,   227.18,   597.22
  350.31,   228.16,   722.22
  349.27,   351.20,   471.25
  349.31,   352.18,   596.25
  349.36,   353.15,   721.25
  476.15,   102.16,   473.14
  476.20,   103.14,   598.14
  476.25,   104.11,   723.14
  475.21,   227.16,   472.17
  475.26,   228.13,   597.17
  475.30,   229.10,   722.16
  474.26,   352.15,   471.20
  474.31,   353.12,   596.20
  474.36,   354.10,   721.19
  601.15,   103.11,   473.09
  601.20,   104.08,   598.09
  601.25,   105.06,   723.08
  600.20,   228.10,   472.12
  600.25,   229.08,   597.11
  600.30,   230.05,   722.11
  599.26,   353.10,   471.14
  599.31,   354.07,   596.14
  599.35,   355.04,   721.14
  350.14,   101.76,   600.03
  350.23,    98.53,   724.99
  350.33,    95.29,   849.94
  353.20,   226.68,   603.26
  353.30,   223.45,   728.22
  353.39,   220.21,   853.18
  356.26,   351.60,   606.49
  356.36,   348.37,   731.45
  356.45,   345.13,   856.41
  475.10,    98.70,   599.85
  475.20,    95.47,   724.81
  475.29,    92.23,   849.77
  478.16,   223.62,   603.09
  478.26,   220.39,   728.04
  478.35,   217.15,   853.00
  481.22,   348.55,   606.32
  481.32,   345.31,   731.28
  481.42,   342.07,   856.23
  600.06,    95.65,   599.68
  600.16,    92.41,   724.64
  600.26,    89.17,   849.59
  603.12,   220.57,   602.91
  603.22,   217.33,   727.87
  603.32,   214.10,   852.83
  606.19,   345.49,   606.14
  606.28,   342.25,   731.10
  606.38,   339.02,   856.06
  348.96,   226.26,    98.18
  348.75,   228.69,   223.15
  348.53,   231.12,   348.13
  346.40,   351.21,    95.74
  346.19,   353.64,   220.72
  345.97,   356.07,   345.70
  343.84,   476.16,    93.31
  343.62,   478.59,   218.29
  343.41,   481.02,   343.26
  473.93,   228.83,    98.34
  473.72,   231.26,   223.32
  473.51,   233.69,   348.29
  471.37,   353.78,    95.91
  471.16,   356.21,   220.88
  470.94,   358.64,   345.86
  468.81,   478.73,    93.47
  468.60,   481.16,   218.45
  468.38,   483.59,   343.43
  598.91,   231.39,    98.50
  598.69,   233.82,   223.48
  598.48,   236.25,   348.46
  596.35,   356.34,    96.07
  596.13,   358.77,   221.05
  595.92,   361.20,   346.02
  593.78,   481.29,    93.64
  593.57,   483.72,   218.62
  593.36,   486.15,   343.59
  351.83,   226.26,   226.73
  349.51,   223.10,   351.67
  347.19,   219.95,   476.61
  350.87,   351.21,   229.87
  348.55,   348.06,   354.81
  346.23,   344.90,   479.74
  349.91,   476.17,   233.00
  347.59,   473.02,   357.94
  345.27,   469.86,   482.88
  476.80,   227.16,   229.07
  474.48,   224.00,   354.01
  472.16,   220.85,   478.95
  475.85,   352.11,   232.21
  473.53,   348.96,   357.15
  471.21,   345.80,   482.09
  474.89,   477.07,   235.35
  472.57,   473.92,   360.29
  470.25,   470.76,   485.23
  601.78,   228.06,   231.42
  599.46,   224.90,   356.35
  597.14,   221.75,   481.29
  600.82,   353.01,   234.55
  598.50,   349.86,   359.49
  596.18,   346.70,   484.43
  599.86,   477.97,   237.69
  597.54,   474.82,   362.63
  595.22,   471.66,   487.57
  349.86,   224.39,   351.93
  346.40,   221.30,   476.85
  342.95,   218.22,   601.76
  346.42,   349.31,   354.92
  342.96,   346.22,   479.84
  339.50,   343.13,   604.75
  342.97,   474.22,   357.91
  339.51,   471.14,   482.83
  336.05,   468.05,   607.74
  474.77,   227.75,   355.47
  471.31,   224.66,   480.39
  467.85,   221.58,   605.30
  471.32,   352.67,   358.46
  467.86,   349.58,   483.38
  464.40,   346.50,   608.29
  467.87,   477.58,   361.45
  464.42,   474.50,   486.37
  460.96,   471.41,   611.28
  599.67,   231.11,   359.01
  596.21,   228.03,   483.93
  592.76,   224.94,   608.84
  596.23,   356.03,   362.00
  592.77,   352.94,   486.92
  589.31,   349.86,   611.83
  592.78,   480.94,   364.99
  589.32,   477.86,   489.91
  585.86,   474.77,   614.82
  349.75,   223.84,   475.09
  346.18,   221.54,   600.01
  342.61,   219.23,   724.94
  350.58,   348.82,   477.42
  347.01,   346.51,   602.35
  343.43,   344.21,   727.27
  351.40,   473.79,   479.75
  347.83,   471.49,   604.68
  344.26,   469.18,   729.60
  474.70,   222.95,   478.64
  471.13,   220.65,   603.57
  467.55,   218.34,   728.50
  475.53,   347.93,   480.98
  471.95,   345.62,   605.90
  468.38,   343.31,   730.83
  476.35,   472.90,   483.31
  472.78,   470.60,   608.23
  469.20,   468.29,   733.16
  599.65,   222.06,   482.20
  596.07,   219.75,   607.13
  592.50,   217.45,   732.06
  600.47,   347.04,   484.53
  596.90,   344.73,   609.46
  593.33,   342.42,   734.39
  601.30,   472.01,   486.86
  597.72,   469.70,   611.79
  594.15,   467.40,   736.72
  350.04,   225.17,   601.49
  352.96,   227.92,   726.43
  355.88,   230.67,   851.36
  353.16,   350.10,   598.67
  356.08,   352.85,   723.60
  359.00,   355.60,   848.54
  356.28,   475.03,   595.85
  359.20,   477.78,   720.78
  362.12,   480.53,   845.72
  474.96,   221.99,   598.64
  477.89,   224.74,   723.57
  480.81,   227.49,   848.51
  478.08,   346.92,   595.82
  481.01,   349.67,   720.75
  483.93,   352.41,   845.69
  481.20,   471.85,   593.00
  484.13,   474.60,   717.93
  487.05,   477.34,   842.87
  599.89,   218.81,   595.79
  602.81,   221.55,   720.72
  605.74,   224.30,   845.66
  603.01,   343.74,   592.96
  605.93,   346.48,   717.90
  608.86,   349.23,   842.84
  606.13,   468.67,   590.14
  609.05,   471.41,   715.08
  611.97,   474.16,   840.02
  351.27,   351.96,    99.96
  351.91,   350.37,   224.95
  352.55,   348.77,   349.94
  350.73,   476.95,   101.56
  351.37,   475.36,   226.54
  352.01,   473.76,   351.53
  350.18,   601.94,   103.15
  350.82,   600.34,   228.14
  351.46,   598.75,   353.13
  476.27,   352.51,    99.33
  476.91,   350.92,   224.32
  477.55,   349.33,   349.30
  475.73,   477.50,   100.92
  476.36,   475.91,   225.91
  477.00,   474.32,   350.90
  475.18,   602.49,   102.52
  475.82,   600.90,   227.51
  476.46,   599.30,   352.50
  601.27,   353.06,    98.70
  601.91,   351.47,   223.68
  602.54,   349.88,   348.67
  600.72,   478.05,   100.29
  601.36,   476.46,   225.28
  602.00,   474.87,   350.27
  600.18,   603.04,   101.89
  600.82,   601.45,   226.88
  601.46,   599.86,   351.86
  351.90,   350.56,   224.75
  351.57,   350.59,   349.75
  351.23,   350.62,   474.75
  354.41,   475.54,   224.73
  354.08,   475.57,   349.73
  353.74,   475.60,   474.73
  356.92,   600.51,   224.70
  356.59,   600.54,   349.70
  356.25,   600.57,   474.70
  476.88,   348.05,   225.09
  476.54,   348.08,   350.09
  476.21,   348.11,   475.09
  479.39,   473.03,   225.06
  479.05,   473.06,   350.06
  478.72,   473.09,   475.06
  481.90,   598.00,   225.04
  481.56,   598.03,   350.04
  481.23,   598.06,   475.04
  601.85,   345.54,   225.42
  601.52,   345.57,   350.42
  601.18,   345.60,   475.42
  604.36,   470.51,   225.40
  604.03,   470.55,   350.40
  603.69,   470.58,   475.40
  606.87,   595.49,   225.38
  606.54,   595.52,   350.37
  606.20,   595.55,   475.37
  348.06,   351.88,   351.04
  348.09,   352.26,   476.04
  348.13,   352.64,   601.04
  345.14,   476.85,   350.67
  345.18,   477.22,   475.67
  345.22,   477.60,   600.66
  342.22,   601.81,   350.29
  342.26,   602.19,   475.29
  342.30,   602.57,   600.29
  473.02,   354.80,   351.00
  473.06,   355.17,   475.99
  473.10,   355.55,   600.99
  470.11,   479.76,   350.62
  470.14,   480.14,   475.62
  470.18,   480.52,   600.62
  467.19,   604.73,   350.24
  467.23,   605.11,   475.24
  467.27,   605.48,   600.24
  597.99,   357.71,   350.95
  598.03,   358.09,   475.95
  598.06,   358.47,   600.95
  595.07,   482.68,   350.57
  595.11,   483.06,   475.57
  595.15,   483.43,   600.57
  592.16,   607.64,   350.20
  592.19,   608.02,   475.20
  592.23,   608.40,   600.19
  348.35,   351.64,   475.48
  348.02,   349.12,   600.45
  347.70,   346.60,   725.43
  347.32,   476.61,   478.00
  347.00,   474.09,   602.97
  346.67,   471.57,   727.95
  346.29,   601.58,   480.52
  345.97,   599.06,   605.49
  345.64,   596.54,   730.46
  473.34,   352.66,   475.82
  473.02,   350.14,   600.80
  472.69,   347.62,   725.77
  472.32,   477.63,   478.34
  471.99,   475.11,   603.32
  471.67,   472.59,   728.29
  471.29,   602.60,   480.86
  470.96,   600.08,   605.84
  470.64,   597.56,   730.81
  598.34,   353.68,   476.17
  598.01,   351.16,   601.14
  597.69,   348.64,   726.12
  597.31,   478.65,   478.69
  596.99,   476.13,   603.66
  596.66,   473.61,   728.64
  596.28,   603.63,   481.21
  595.96,   601.10,   606.18
  595.63,   598.58,   731.15
  350.19,   348.67,   598.01
  349.28,   349.57,   723.00
  348.36,   350.47,   848.00
  348.71,   473.65,   597.10
  347.79,   474.56,   722.09
  346.88,   475.46,   847.08
  347.23,   598.64,   596.18
  346.31,   599.54,   721.18
  345.39,   600.45,   846.17
  475.18,   350.16,   598.92
  474.27,   351.06,   723.91
  473.35,   351.96,   848.90
  473.70,   475.15,   598.00
  472.78,   476.05,   723.00
  471.86,   476.95,   847.99
  472.21,   600.13,   597.09
  471.30,   601.04,   722.08
  470.38,   601.94,   847.08
  600.17,   351.65,   599.82
  599.25,   352.55,   724.82
  598.34,   353.45,   849.81
  598.69,   476.64,   598.91
  597.77,   477.54,   723.90
  596.85,   478.44,   848.90
  597.20,   601.63,   598.00
  596.28,   602.53,   722.99
  595.37,   603.43,   847.98
  350.34,   476.95,    99.82
  347.67,   478.33,   224.79
  345.00,   479.70,   349.75
  351.77,   601.94,    98.48
  349.11,   603.31,   223.44
  346.44,   604.69,   348.41
  353.21,   726.92,    97.14
  350.54,   728.30,   222.10
  347.88,   729.67,   347.06
  475.30,   475.55,   102.51
  472.63,   476.92,   227.47
  469.97,   478.30,   352.43
  476.74,   600.53,   101.16
  474.07,   601.91,   226.13
  471.40,   603.28,   351.09
  478.17,   725.52,    99.82
  475.51,   726.89,   224.78
  472.84,   728.26,   349.74
  600.26,   474.14,   105.19
  597.60,   475.51,   230.15
  594.93,   476.89,   355.11
  601.70,   599.12,   103.84
  599.03,   600.50,   228.81
  596.37,   601.87,   353.77
  603.14,   724.11,   102.50
  600.47,   725.48,   227.46
  597.80,   726.86,   352.43
  351.81,   473.97,   226.21
  352.11,   473.31,   351.21
  352.40,   472.64,   476.21
  350.58,   598.97,   226.88
  350.88,   598.30,   351.88
  351.18,   597.63,   476.88
  349.35,   723.96,   227.55
  349.65,   723.29,   352.55
  349.95,   722.62,   477.55
  476.80,   475.20,   225.92
  477.10,   474.54,   350.92
  477.40,   473.87,   475.92
  475.57,   600.20,   226.59
  475.87,   599.53,   351.59
  476.17,   598.86,   476.59
  474.35,   725.19,   227.26
  474.64,   724.52,   352.26
  474.94,   723.85,   477.26
  601.80,   476.43,   225.63
  602.09,   475.77,   350.63
  602.39,   475.10,   475.62
  600.57,   601.43,   226.30
  600.86,   600.76,   351.30
  601.16,   600.09,   476.29
  599.34,   726.42,   226.97
  599.64,   725.75,   351.97
  599.93,   725.08,   476.96
  350.64,   475.75,   348.01
  349.75,   478.21,   472.98
  348.87,   480.66,   597.95
  352.98,   600.70,   345.57
  352.10,   603.16,   470.54
  351.21,   605.62,   595.51
  355.33,   725.66,   343.12
  354.44,   728.11,   468.10
  353.55,   730.57,   593.07
  475.62,   473.42,   348.94
  474.73,   475.88,   473.91
  473.84,   478.34,   598.89
  477.96,   598.37,   346.50
  477.07,   600.83,   471.47
  476.19,   603.29,   596.44
  480.30,   723.33,   344.06
  479.42,   725.79,   469.03
  478.53,   728.25,   594.00
  600.59,   471.09,   349.87
  599.70,   473.55,   474.85
  598.82,   476.01,   599.82
  602.93,   596.05,   347.43
  602.05,   598.51,   472.40
  601.16,   600.97,   597.38
  605.28,   721.00,   344.99
  604.39,   723.46,   469.96
  603.50,   725.92,   594.94
  351.86,   473.55,   474.63
  355.16,   476.79,   599.55
  358.47,   480.02,   724.46
  349.51,   598.49,   471.46
  352.81,   601.72,   596.38
  356.11,   604.95,   721.29
  347.15,   723.43,   468.29
  350.46,   726.66,   593.21
  353.76,   729.89,   718.12
  476.79,   475.82,   471.27
  480.10,   479.05,   596.18
  483.40,   482.28,   721.10
  474.44,   600.76,   468.10
  477.74,   603.99,   593.01
  481.05,   607.22,   717.93
  472.09,   725.70,   464.93
  475.39,   728.93,   589.84
  478.70,   732.16,   714.76
  601.73,   478.09,   467.90
  605.03,   481.32,   592.82
  608.33,   484.55,   717.73
  599.37,   603.02,   464.74
  602.68,   606.26,   589.65
  605.98,   609.49,   714.56
  597.02,   727.96,   461.57
  600.33,   731.19,   586.48
  603.63,   734.42,   711.39
  350.43,   473.50,   599.31
  353.44,   473.21,   724.27
  356.45,   472.92,   849.24
  347.90,   598.48,   599.66
  350.91,   598.18,   724.63
  353.92,   597.89,   849.59
  345.37,   723.45,   600.02
  348.38,   723.16,   724.98
  351.38,   722.86,   849.94
  475.37,   476.04,   596.31
  478.38,   475.75,   721.27
  481.38,   475.45,   846.24
  472.84,   601.02,   596.66
  475.85,   600.72,   721.63
  478.85,   600.43,   846.59
  470.31,   725.99,   597.02
  473.32,   725.70,   721.98
  476.32,   725.40,   846.95
  600.31,   478.58,   593.31
  603.32,   478.29,   718.27
  606.32,   477.99,   843.24
  597.78,   603.55,   593.66
  600.79,   603.26,   718.63
  603.79,   602.97,   843.59
  595.25,   728.53,   594.02
  598.25,   728.23,   718.98
  601.26,   727.94,   843.95
  350.89,   600.09,    99.64
  354.58,   603.49,   224.54
  358.27,   606.90,   349.44
  353.89,   725.00,    96.15
  357.58,   728.41,   221.05
  361.27,   731.81,   345.94
  356.89,   849.92,    92.65
  360.58,   853.32,   217.55
  364.28,   856.73,   342.45
  475.80,   596.99,    96.03
  479.49,   600.39,   220.93
  483.18,   603.80,   345.83
  478.80,   721.90,    92.54
  482.49,   725.31,   217.44
  486.18,   728.71,   342.33
  481.80,   846.82,    89.04
  485.49,   850.22,   213.94
  489.18,   853.63,   338.84
  600.71,   593.89,    92.42
  604.40,   597.29,   217.32
  608.09,   600.70,   342.22
  603.71,   718.80,    88.93
  607.40,   722.21,   213.83
  611.09,   725.61,   338.73
  606.71,   843.72,    85.43
  610.40,   847.12,   210.33
  614.09,   850.53,   335.23
  349.07,   601.35,   224.79
  350.04,   599.92,   349.78
  351.01,   598.49,   474.77
  347.86,   726.33,   226.23
  348.83,   724.91,   351.22
  349.81,   723.48,   476.20
  346.66,   851.32,   227.66
  347.63,   849.89,   352.65
  348.60,   848.46,   477.64
  474.06,   602.57,   223.83
  475.03,   601.14,   348.82
  476.00,   599.71,   473.81
  472.86,   727.55,   225.27
  473.83,   726.13,   350.26
  474.80,   724.70,   475.25
  471.65,   852.54,   226.71
  472.62,   851.11,   351.70
  473.59,   849.68,   476.68
  599.05,   603.79,   222.88
  600.02,   602.36,   347.86
  600.99,   600.93,   472.85
  597.85,   728.77,   224.31
  598.82,   727.35,   349.30
  599.79,   725.92,   474.29
  596.64,   853.76,   225.75
  597.61,   852.33,   350.74
  598.58,   850.90,   475.73
  349.07,   600.45,   348.58
  351.90,   600.47,   473.55
  354.73,   600.48,   598.52
  351.12,   725.44,   348.52
  353.95,   725.45,   473.49
  356.78,   725.46,   598.46
  353.17,   850.42,   348.46
  356.00,   850.43,   473.43
  358.83,   850.45,   598.40
  474.02,   598.40,   345.75
  476.85,   598.42,   470.72
  479.69,   598.43,   595.68
  476.07,   723.39,   345.69
  478.90,   723.40,   470.66
  481.74,   723.41,   595.62
  478.12,   848.37,   345.63
  480.95,   848.38,   470.60
  483.79,   848.40,   595.56
  598.97,   596.35,   342.92
  601.80,   596.37,   467.88
  604.64,   596.38,   592.85
  601.02,   721.34,   342.86
  603.85,   721.35,   467.82
  606.69,   721.36,   592.79
  603.07,   846.32,   342.80
  605.90,   846.33,   467.76
  608.74,   846.35,   592.73
  351.85,   601.99,   474.34
  351.90,   605.52,   599.29
  351.95,   609.05,   724.25
  352.62,   726.94,   470.81
  352.67,   730.47,   595.76
  352.72,   734.00,   720.71
  353.39,   851.88,   467.28
  353.44,   855.42,   592.23
  353.49,   858.95,   717.18
  476.85,   601.22,   474.32
  476.90,   604.75,   599.27
  476.94,   608.28,   724.22
  477.62,   726.16,   470.79
  477.67,   729.70,   595.74
  477.71,   733.23,   720.69
  478.39,   851.11,   467.25
  478.44,   854.64,   592.20
  478.49,   858.18,   717.15
  601.85,   600.44,   474.29
  601.89,   603.98,   599.24
  601.94,   607.51,   724.19
  602.62,   725.39,   470.76
  602.66,   728.92,   595.71
  602.71,   732.46,   720.66
  603.39,   850.34,   467.23
  603.44,   853.87,   592.18
  603.48,   857.41,   717.13
  348.03,   599.01,   600.63
  346.27,   597.94,   725.61
  344.51,   596.88,   850.59
  348.25,   724.00,   601.70
  346.48,   722.94,   726.68
  344.72,   721.87,   851.66
  348.46,   849.00,   602.77
  346.70,   847.93,   727.75
  344.94,   846.87,   852.73
  473.02,   598.78,   602.39
  471.26,   597.71,   727.37
  469.49,   596.65,   852.36
  473.24,   723.77,   603.46
  471.47,   722.71,   728.44
  469.71,   721.64,   853.42
  473.45,   848.77,   604.53
  471.69,   847.70,   729.51
  469.92,   846.64,   854.49
  598.01,   598.55,   604.15
  596.24,   597.48,   729.13
  594.48,   596.42,   854.12
  598.22,   723.54,   605.22
  596.46,   722.48,   730.20
  594.70,   721.41,   855.19
  598.44,   848.54,   606.29
  596.67,   847.47,   731.27
  594.91,   846.41,   856.25
  476.56,   100.87,   100.39
  477.84,   104.27,   225.33
  479.11,   107.68,   350.28
  480.26,   225.76,    96.95
  481.53,   229.17,   221.89
  482.80,   232.57,   346.84
  483.95,   350.66,    93.50
  485.23,   354.07,   218.45
  486.50,   357.47,   343.40
  601.50,    97.14,    99.22
  602.78,   100.54,   224.16
  604.05,   103.95,   349.11
  605.20,   222.04,    95.78
  606.47,   225.44,   220.72
  607.74,   228.85,   345.67
  608.89,   346.93,    92.33
  610.16,   350.34,   217.28
  611.44,   353.74,   342.23
  726.44,    93.41,    98.05
  727.71,    96.82,   222.99
  728.99,   100.22,   347.94
  730.14,   218.31,    94.61
  731.41,   221.71,   219.55
  732.68,   225.12,   344.50
  733.83,   343.21,    91.16
  735.10,   346.61,   216.11
  736.37,   350.02,   341.06
  475.47,    98.69,   226.61
  472.86,    95.84,   351.55
  470.26,    92.99,   476.49
  473.13,   223.64,   229.41
  470.53,   220.79,   354.35
  467.92,   217.94,   479.29
  470.80,   348.58,   232.20
  468.19,   345.74,   357.15
  465.59,   342.89,   482.09
  600.42,   100.97,   229.26
  597.81,    98.12,   354.20
  595.21,    95.27,   479.14
  598.08,   225.91,   232.06
  595.48,   223.07,   357.00
  592.87,   220.22,   481.94
  595.75,   350.86,   234.86
  593.14,   348.01,   359.80
  590.54,   345.16,   484.74
  725.37,   103.24,   231.92
  722.77,   100.40,   356.86
  720.16,    97.55,   481.80
  723.03,   228.19,   234.72
  720.43,   225.34,   359.66
  717.83,   222.49,   484.60
  720.70,   353.14,   237.52
  718.09,   350.29,   362.46
  715.49,   347.44,   487.40
  473.23,   101.30,   348.36
  470.49,    98.55,   473.30
  467.74,    95.79,   598.24
  476.54,   226.23,   351.19
  473.80,   223.47,   476.13
  471.05,   220.72,   601.07
  479.85,   351.15,   354.02
  477.10,   348.40,   478.96
  474.36,   345.64,   603.90
  598.16,    97.93,   351.04
  595.41,    95.18,   475.97
  592.67,    92.43,   600.91
  601.47,   222.86,   353.86
  598.72,   220.10,   478.80
  595.98,   217.35,   603.74
  604.78,   347.78,   356.69
  602.03,   345.03,   481.63
  599.28,   342.27,   606.57
  723.09,    94.57,   353.71
  720.34,    91.81,   478.65
  717.59,    89.06,   603.59
  726.39,   219.49,   356.53
  723.65,   216.74,   481.47
  720.90,   213.98,   606.41
  729.70,   344.41,   359.36
  726.96,   341.66,   484.30
  724.21,   338.91,   609.24
  476.71,   100.67,   473.51
  475.75,   100.28,   598.50
  474.78,    99.90,   723.50
  474.59,   225.65,   473.88
  473.62,   225.26,   598.87
  472.66,   224.88,   723.87
  472.47,   350.63,   474.25
  471.50,   350.24,   599.24
  470.53,   349.86,   724.24
  601.69,   102.79,   474.48
  600.72,   102.40,   599.48
  599.76,   102.02,   724.47
  599.57,   227.77,   474.85
  598.60,   227.38,   599.84
  597.63,   227.00,   724.84
  597.45,   352.75,   475.22
  596.48,   352.36,   600.21
  595.51,   351.98,   725.21
  726.67,   104.91,   475.45
  725.70,   104.52,   600.45
  724.74,   104.14,   725.44
  724.55,   229.89,   475.82
  723.58,   229.50,   600.82
  722.61,   229.12,   725.81
  722.42,   354.87,   476.19
  721.46,   354.48,   601.19
  720.49,   354.10,   726.18
  476.09,    99.49,   599.71
  475.93,   101.81,   724.69
  475.76,   104.13,   849.67
  475.12,   224.46,   597.39
  474.95,   226.78,   722.37
  474.78,   229.10,   847.35
  474.14,   349.44,   595.07
  473.97,   351.76,   720.05
  473.81,   354.08,   845.02
  601.09,   100.47,   599.86
  600.92,   102.79,   724.84
  600.76,   105.11,   849.82
  600.11,   225.44,   597.54
  599.95,   227.76,   722.52
  599.78,   230.08,   847.49
  599.14,   350.41,   595.22
  598.97,   352.74,   720.19
  598.80,   355.06,   845.17
  726.08,   101.44,   600.01
  725.92,   103.77,   724.99
  725.75,   106.09,   849.96
  725.11,   226.42,   597.69
  724.94,   228.74,   722.66
  724.78,   231.06,   847.64
  724.13,   351.39,   595.36
  723.97,   353.71,   720.34
  723.80,   356.04,   845.32
  476.39,   223.09,    99.14
  475.91,   223.34,   224.14
  475.43,   223.59,   349.13
  476.09,   348.09,    98.89
  475.61,   348.34,   223.89
  475.12,   348.59,   348.89
  475.78,   473.09,    98.64
  475.30,   473.34,   223.64
  474.82,   473.59,   348.64
  601.39,   223.40,    99.62
  600.91,   223.65,   224.62
  600.43,   223.89,   349.62
  601.09,   348.40,    99.37
  600.60,   348.65,   224.37
  600.12,   348.89,   349.37
  600.78,   473.40,    99.12
  600.30,   473.65,   224.12
  599.82,   473.89,   349.12
  726.39,   223.71,   100.10
  725.91,   223.95,   225.10
  725.43,   224.20,   350.10
  726.08,   348.71,    99.85
  725.60,   348.95,   224.85
  725.12,   349.20,   349.85
  725.78,   473.71,    99.60
  725.30,   473.95,   224.60
  724.82,   474.20,   349.60
  476.24,   224.64,   226.85
  476.68,   227.56,   351.82
  477.11,   230.47,   476.78
  478.33,   349.59,   223.93
  478.77,   352.50,   348.89
  479.20,   355.42,   473.86
  480.42,   474.53,   221.00
  480.85,   477.45,   345.97
  481.29,   480.37,   470.93
  601.22,   222.54,   226.47
  601.66,   225.46,   351.43
  602.10,   228.38,   476.40
  603.31,   347.49,   223.54
  603.75,   350.41,   348.51
  604.18,   353.33,   473.47
  605.40,   472.44,   220.62
  605.83,   475.36,   345.58
  606.27,   478.27,   470.55
  726.21,   220.44,   226.08
  726.64,   223.36,   351.05
  727.08,   226.28,   476.01
  728.29,   345.39,   223.16
  728.73,   348.31,   348.12
  729.16,   351.23,   473.09
  730.38,   470.34,   220.23
  730.82,   473.26,   345.19
  731.25,   476.18,   470.16
  475.47,   226.58,   351.91
  473.75,   223.28,   476.85
  472.02,   219.99,   601.80
  476.14,   351.53,   355.21
  474.41,   348.24,   480.15
  472.69,   344.95,   605.10
  476.80,   476.49,   358.51
  475.08,   473.19,   483.46
  473.36,   469.90,   608.40
  600.46,   225.86,   353.61
  598.73,   222.57,   478.56
  597.01,   219.28,   603.50
  601.12,   350.82,   356.91
  599.40,   347.53,   481.86
  597.68,   344.23,   606.80
  601.79,   475.77,   360.22
  600.07,   472.48,   485.16
  598.34,   469.19,   610.11
  725.44,   225.15,   355.32
  723.72,   221.86,   480.26
  722.00,   218.57,   605.21
  726.11,   350.11,   358.62
  724.39,   346.81,   483.57
  722.66,   343.52,   608.51
  726.78,   475.06,   361.92
  725.05,   471.77,   486.87
  723.33,   468.48,   611.81
  475.09,   224.59,   476.84
  477.38,   223.49,   601.81
  479.67,   222.39,   726.79
  476.89,   349.58,   477.91
  479.18,   348.47,   602.89
  481.48,   347.37,   727.86
  478.69,   474.56,   478.98
  480.99,   473.46,   603.96
  483.28,   472.35,   728.93
  600.05,   222.81,   474.53
  602.35,   221.71,   599.51
  604.64,   220.60,   724.48
  601.86,   347.79,   475.60
  604.15,   346.69,   600.58
  606.44,   345.59,   725.55
  603.66,   472.78,   476.67
  605.95,   471.67,   601.65
  608.25,   470.57,   726.62
  725.02,   221.03,   472.22
  727.31,   219.92,   597.20
  729.61,   218.82,   722.17
  726.82,   346.01,   473.29
  729.12,   344.91,   598.27
  731.41,   343.80,   723.24
  728.63,   470.99,   474.36
  730.92,   469.89,   599.34
  733.21,   468.79,   724.31
  475.89,   224.81,   601.78
  477.23,   228.39,   726.72
  478.57,   231.97,   851.66
  476.27,   349.75,   598.19
  477.61,   353.34,   723.13
  478.95,   356.92,   848.07
  476.65,   474.70,   594.60
  477.99,   478.28,   719.55
  479.33,   481.87,   844.49
  600.88,   224.39,   600.45
  602.22,   227.97,   725.39
  603.57,   231.55,   850.33
  601.26,   349.33,   596.86
  602.60,   352.92,   721.80
  603.95,   356.50,   846.74
  601.64,   474.28,   593.27
  602.98,   477.87,   718.21
  604.33,   481.45,   843.16
  725.87,   223.97,   599.12
  727.22,   227.55,   724.06
  728.56,   231.13,   849.00
  726.25,   348.92,   595.53
  727.60,   352.50,   720.47
  728.94,   356.08,   845.41
  726.63,   473.86,   591.94
  727.98,   477.45,   716.88
  729.32,   481.03,   841.83
  475.53,   349.20,    99.02
  473.38,   351.39,   223.98
  471.22,   353.58,   348.94
  476.36,   474.17,    96.84
  474.20,   476.37,   221.80
  472.05,   478.56,   346.76
  477.18,   599.15,    94.66
  475.03,   601.34,   219.62
  472.88,   603.54,   344.59
  600.51,   348.41,   101.18
  598.35,   350.60,   226.15
  596.20,   352.79,   351.11
  601.33,   473.38,    99.01
  599.18,   475.58,   223.97
  597.03,   477.77,   348.93
  602.16,   598.36,    96.83
  600.01,   600.55,   221.79
  597.86,   602.75,   346.75
  725.49,   347.62,   103.35
  723.33,   349.81,   228.31
  721.18,   352.00,   353.27
  726.31,   472.59,   101.17
  724.16,   474.79,   226.13
  722.01,   476.98,   351.10
  727.14,   597.57,    98.99
  724.99,   599.76,   223.96
  722.84,   601.95,   348.92
  475.21,   348.25,   226.52
  478.54,   349.86,   351.46
  481.88,   351.47,   476.41
  474.76,   473.24,   224.91
  478.09,   474.85,   349.86
  481.43,   476.46,   474.80
  474.30,   598.22,   223.31
  477.64,   599.84,   348.26
  480.97,   601.45,   473.20
  600.16,   348.66,   223.17
  603.50,   350.27,   348.12
  606.84,   351.88,   473.06
  599.71,   473.65,   221.57
  603.05,   475.26,   346.52
  606.38,   476.87,   471.46
  599.26,   598.63,   219.97
  602.59,   600.25,   344.91
  605.93,   601.86,   469.86
  725.12,   349.07,   219.83
  728.45,   350.68,   344.78
  731.79,   352.29,   469.72
  724.67,   474.06,   218.23
  728.00,   475.67,   343.18
  731.34,   477.28,   468.12
  724.21,   599.04,   216.63
  727.55,   600.66,   341.57
  730.88,   602.27,   466.52
  475.18,   350.93,   351.70
  474.82,   349.01,   476.69
  474.46,   347.09,   601.67
  476.59,   475.91,   353.63
  476.23,   473.99,   478.61
  475.86,   472.07,   603.59
  478.00,   600.89,   355.55
  477.63,   598.97,   480.53
  477.27,   597.05,   605.52
  600.18,   349.52,   352.04
  599.81,   347.60,   477.03
  599.45,   345.68,   602.01
  601.58,   474.50,   353.97
  601.22,   472.58,   478.95
  600.85,   470.66,   603.94
  602.99,   599.48,   355.89
  602.62,   597.56,   480.88
  602.26,   595.64,   605.86
  725.17,   348.11,   352.39
  724.80,   346.19,   477.37
  724.44,   344.27,   602.36
  726.57,   473.09,   354.31
  726.21,   471.17,   479.30
  725.84,   469.25,   604.28
  727.98,   598.06,   356.23
  727.61,   596.14,   481.22
  727.25,   594.23,   606.20
  475.83,   351.63,   473.26
  475.84,   349.64,   598.25
  475.84,   347.66,   723.23
  477.56,   476.60,   475.25
  477.56,   474.62,   600.23
  477.57,   472.63,   725.22
  479.29,   601.57,   477.23
  479.29,   599.59,   602.21
  479.30,   597.61,   727.20
  600.82,   349.90,   473.23
  600.83,   347.92,   598.22
  600.83,   345.93,   723.20
  602.55,   474.87,   475.21
  602.55,   472.89,   600.20
  602.56,   470.91,   725.18
  604.27,   599.85,   477.20
  604.28,   597.86,   602.18
  604.28,   595.88,   727.17
  725.81,   348.17,   473.20
  725.81,   346.19,   598.18
  725.82,   344.21,   723.17
  727.54,   473.15,   475.18
  727.54,   471.16,   600.17
  727.55,   469.18,   725.15
  729.26,   598.12,   477.16
  729.27,   596.14,   602.15
  729.27,   594.15,   727.13
  474.74,   350.61,   599.55
  472.70,   347.40,   724.50
  470.66,   344.19,   849.44
  478.23,   475.51,   602.82
  476.19,   472.31,   727.76
  474.15,   469.10,   852.70
  481.72,   600.42,   606.08
  479.68,   597.21,   731.02
  477.64,   594.01,   855.97
  599.68,   347.06,   601.50
  597.63,   343.85,   726.45
  595.59,   340.65,   851.39
  603.17,   471.97,   604.77
  601.13,   468.76,   729.71
  599.08,   465.55,   854.65
  606.66,   596.88,   608.03
  604.62,   593.67,   732.97
  602.58,   590.46,   857.92
  724.61,   343.52,   603.45
  722.57,   340.31,   728.40
  720.53,   337.10,   853.34
  728.10,   468.43,   606.72
  726.06,   465.22,   731.66
  724.02,   462.01,   856.60
  731.59,   593.34,   609.98
  729.55,   590.13,   734.92
  727.51,   586.92,   859.87
  475.94,   474.59,   101.04
  477.31,   472.49,   226.02
  478.68,   470.38,   350.99
  479.30,   599.53,   103.11
  480.67,   597.42,   228.08
  482.04,   595.32,   353.06
  482.65,   724.46,   105.17
  484.02,   722.36,   230.15
  485.39,   720.26,   355.12
  600.89,   471.26,    99.62
  602.26,   469.16,   224.59
  603.63,   467.05,   349.57
  604.24,   596.20,   101.68
  605.61,   594.09,   226.66
  606.98,   591.99,   351.63
  607.60,   721.13,   103.75
  608.97,   719.03,   228.72
  610.34,   716.93,   353.70
  725.84,   467.93,    98.19
  727.21,   465.82,   223.17
  728.58,   463.72,   348.14
  729.19,   592.86,   100.26
  730.56,   590.76,   225.23
  731.93,   588.66,   350.21
  732.55,   717.80,   102.32
  733.92,   715.70,   227.30
  735.29,   713.60,   352.27
  475.90,   475.12,   223.59
  476.97,   477.76,   348.55
  478.04,   480.40,   473.52
  475.32,   600.09,   220.95
  476.39,   602.73,   345.91
  477.46,   605.37,   470.88
  474.74,   725.06,   218.31
  475.81,   727.70,   343.28
  476.88,   730.34,   468.24
  600.89,   475.67,   222.50
  601.96,   478.32,   347.47
  603.04,   480.96,   472.44
  600.31,   600.64,   219.86
  601.39,   603.29,   344.83
  602.46,   605.93,   469.80
  599.74,   725.62,   217.23
  600.81,   728.26,   342.19
  601.88,   730.90,   467.16
  725.89,   476.23,   221.42
  726.96,   478.87,   346.39
  728.03,   481.52,   471.35
  725.31,   601.20,   218.78
  726.38,   603.84,   343.75
  727.45,   606.49,   468.72
  724.73,   726.17,   216.14
  725.80,   728.81,   341.11
  726.87,   731.46,   466.08
  476.72,   473.11,   350.07
  475.78,   470.51,   475.04
  474.83,   467.91,   600.01
  473.22,   598.03,   352.64
  472.27,   595.43,   477.61
  471.33,   592.83,   602.58
  469.72,   722.96,   355.21
  468.77,   720.36,   480.18
  467.83,   717.76,   605.15
  601.67,   476.59,   351.09
  600.72,   473.99,   476.06
  599.78,   471.39,   601.03
  598.17,   601.51,   353.66
  597.22,   598.91,   478.63
  596.27,   596.31,   603.60
  594.67,   726.44,   356.23
  593.72,   723.84,   481.20
  592.77,   721.24,   606.17
  726.62,   480.07,   352.11
  725.67,   477.47,   477.08
  724.72,   474.87,   602.05
  723.12,   604.99,   354.68
  722.17,   602.39,   479.65
  721.22,   599.79,   604.62
  719.62,   729.92,   357.25
  718.67,   727.32,   482.22
  717.72,   724.72,   607.19
  474.04,   474.08,   476.40
  476.34,   472.96,   601.37
  478.65,   471.84,   726.35
  472.68,   599.07,   477.54
  474.98,   597.95,   602.52
  477.29,   596.83,   727.49
  471.31,   724.05,   478.69
  473.62,   722.94,   603.66
  475.92,   721.82,   728.63
  599.01,   475.46,   474.11
  601.31,   474.34,   599.08
  603.62,   473.23,   724.05
  597.65,   600.45,   475.25
  599.95,   599.33,   600.22
  602.26,   598.21,   725.20
  596.29,   725.44,   476.39
  598.59,   724.32,   601.37
  600.90,   723.20,   726.34
  723.98,   476.84,   471.81
  726.29,   475.73,   596.79
  728.59,   474.61,   721.76
  722.62,   601.83,   472.96
  724.92,   600.71,   597.93
  727.23,   599.60,   722.90
  721.26,   726.82,   474.10
  723.56,   725.70,   599.07
  725.87,   724.58,   724.05
  476.62,   476.19,   600.39
  480.33,   473.60,   725.31
  484.05,   471.01,   850.23
  477.62,   601.16,   602.95
  481.33,   598.57,   727.87
  485.04,   595.98,   852.79
  478.61,   726.13,   605.51
  482.32,   723.54,   730.43
  486.04,   720.95,   855.35
  601.56,   475.27,   596.66
  605.28,   472.68,   721.58
  608.99,   470.09,   846.50
  602.56,   600.24,   599.22
  606.27,   597.65,   724.14
  609.98,   595.06,   849.06
  603.55,   725.21,   601.78
  607.26,   722.62,   726.70
  610.98,   720.03,   851.62
  726.50,   474.35,   592.93
  730.22,   471.76,   717.84
  733.93,   469.17,   842.76
  727.50,   599.32,   595.49
  731.21,   596.73,   720.41
  734.92,   594.14,   845.32
  728.49,   724.29,   598.05
  732.21,   721.70,   722.97
  735.92,   719.11,   847.88
  474.19,   598.13,    98.55
  472.17,   601.51,   223.49
  470.14,   604.88,   348.42
  475.19,   723.08,    95.19
  473.16,   726.46,   220.13
  471.13,   729.83,   345.07
  476.18,   848.03,    91.83
  474.15,   851.41,   216.77
  472.13,   854.78,   341.71
  599.17,   597.20,   100.60
  597.15,   600.57,   225.54
  595.12,   603.94,   350.48
  600.17,   722.15,    97.24
  598.14,   725.52,   222.18
  596.11,   728.89,   347.12
  601.16,   847.10,    93.89
  599.13,   850.47,   218.82
  597.11,   853.84,   343.76
  724.15,   596.26,   102.65
  722.13,   599.63,   227.59
  720.10,   603.00,   352.53
  725.15,   721.21,    99.29
  723.12,   724.58,   224.23
  721.09,   727.95,   349.17
  726.14,   846.16,    95.94
  724.11,   849.53,   220.88
  722.09,   852.91,   345.81
  474.74,   598.49,   226.76
  471.10,   596.78,   351.70
  467.46,   595.08,   476.63
  471.33,   723.43,   228.36
  467.69,   721.73,   353.30
  464.05,   720.02,   478.24
  467.92,   848.37,   229.97
  464.28,   846.67,   354.90
  460.64,   844.97,   479.84
  599.64,   601.85,   230.45
  596.00,   600.15,   355.38
  592.36,   598.44,   480.32
  596.23,   726.79,   232.05
  592.59,   725.09,   356.99
  588.95,   723.39,   481.92
  592.82,   851.74,   233.65
  589.18,   850.03,   358.59
  585.54,   848.33,   483.53
  724.54,   605.21,   234.13
  720.90,   603.51,   359.07
  717.26,   601.81,   484.00
  721.13,   730.16,   235.74
  717.49,   728.45,   360.67
  713.85,   726.75,   485.61
  717.72,   855.10,   237.34
  714.08,   853.40,   362.28
  710.44,   851.69,   487.21
  473.57,   599.67,   348.25
  475.74,   602.23,   473.21
  477.91,   604.80,   598.16
  470.29,   724.60,   345.74
  472.46,   727.16,   470.70
  474.63,   729.73,   595.65
  467.01,   849.53,   343.23
  469.18,   852.10,   468.19
  471.36,   854.66,   593.14
  598.51,   602.90,   346.01
  600.68,   605.47,   470.97
  602.85,   608.03,   595.92
  595.23,   727.83,   343.50
  597.40,   730.40,   468.46
  599.57,   732.96,   593.41
  591.95,   852.76,   341.00
  594.12,   855.33,   465.95
  596.29,   857.90,   590.91
  723.45,   606.13,   343.78
  725.62,   608.70,   468.73
  727.79,   611.27,   593.69
  720.17,   731.07,   341.27
  722.34,   733.63,   466.22
  724.51,   736.20,   591.18
  716.89,   856.00,   338.76
  719.06,   858.56,   463.71
  721.23,   861.13,   588.67
  475.65,   599.50,   473.63
  475.38,   600.45,   598.63
  475.10,   601.41,   723.62
  479.28,   724.44,   472.69
  479.00,   725.40,   597.68
  478.73,   726.35,   722.68
  482.90,   849.39,   471.74
  482.63,   850.34,   596.74
  482.35,   851.30,   721.73
  600.60,   595.88,   473.93
  600.32,   596.83,   598.93
  600.05,   597.79,   723.93
  604.22,   720.82,   472.99
  603.95,   721.78,   597.98
  603.67,   722.73,   722.98
  607.85,   845.77,   472.04
  607.57,   846.72,   597.04
  607.30,   847.67,   722.03
  725.55,   592.26,   474.24
  725.27,   593.21,   599.23
  725.00,   594.16,   724.23
  729.17,   717.20,   473.29
  728.90,   718.15,   598.29
  728.62,   719.11,   723.28
  732.80,   842.14,   472.35
  732.52,   843.10,   597.34
  732.24,   844.05,   722.34
  476.91,   599.88,   599.88
  480.19,   599.66,   724.84
  483.48,   599.44,   849.80
  473.33,   724.83,   600.20
  476.62,   724.61,   725.15
  479.90,   724.39,   850.11
  469.75,   849.77,   600.51
  473.04,   849.56,   725.46
  476.32,   849.34,   850.42
  601.81,   603.46,   596.60
  605.10,   603.25,   721.56
  608.39,   603.03,   846.52
  598.24,   728.41,   596.92
  601.52,   728.19,   721.87
  604.81,   727.97,   846.83
  594.66,   853.36,   597.23
  597.94,   853.14,   722.19
  601.23,   852.92,   847.14
  726.72,   607.05,   593.33
  730.01,   606.83,   718.28
  733.29,   606.61,   843.24
  723.14,   732.00,   593.64
  726.43,   731.78,   718.60
  729.71,   731.56,   843.55
  719.56,   856.95,   593.95
  722.85,   856.73,   718.91
  726.13,   856.51,   843.87
  601.84,   100.04,   100.11
  600.40,   102.81,   225.07
  598.96,   105.57,   350.03
  601.86,   225.01,    97.35
  600.42,   227.78,   222.31
  598.99,   230.54,   347.27
  601.89,   349.98,    94.59
  600.45,   352.75,   219.55
  599.01,   355.51,   344.51
  726.83,   100.05,   101.55
  725.39,   102.81,   226.51
  723.95,   105.57,   351.47
  726.85,   225.02,    98.79
  725.42,   227.78,   223.75
  723.98,   230.54,   348.71
  726.88,   349.99,    96.03
  725.44,   352.75,   220.99
  724.00,   355.51,   345.95
  851.82,   100.06,   102.99
  850.38,   102.82,   227.95
  848.94,   105.58,   352.91
  851.85,   225.03,   100.23
  850.41,   227.79,   225.19
  848.97,   230.55,   350.15
  851.87,   349.99,    97.47
  850.43,   352.76,   222.43
  849.00,   355.52,   347.39
  598.81,    99.68,   223.51
  601.33,    98.04,   348.48
  603.85,    96.41,   473.44
  600.71,   224.66,   225.11
  603.23,   223.02,   350.08
  605.75,   221.38,   475.04
  602.60,   349.63,   226.71
  605.12,   348.00,   351.68
  607.64,   346.36,   476.64
  723.77,    97.82,   220.97
  726.29,    96.18,   345.93
  728.81,    94.54,   470.90
  725.67,   222.80,   222.57
  728.19,   221.16,   347.53
  730.71,   219.52,   472.50
  727.56,   347.77,   224.17
  730.08,   346.13,   349.13
  732.60,   344.49,   474.10
  848.73,    95.96,   218.42
  851.25,    94.32,   343.39
  853.77,    92.68,   468.35
  850.63,   220.93,   220.02
  853.15,   219.29,   344.99
  855.67,   217.66,   469.95
  852.52,   345.91,   221.62
  855.04,   344.27,   346.59
  857.56,   342.63,   471.55
  600.57,    98.42,   348.19
  597.56,    97.45,   473.15
  594.55,    96.48,   598.11
  599.05,   223.41,   349.12
  596.03,   222.44,   474.08
  593.02,   221.47,   599.04
  597.52,   348.40,   350.06
  594.51,   347.43,   475.02
  591.49,   346.46,   599.98
  725.53,    99.93,   351.21
  722.51,    98.96,   476.17
  719.50,    97.99,   601.13
  724.00,   224.92,   352.15
  720.99,   223.94,   477.11
  717.97,   222.97,   602.07
  722.47,   349.90,   353.08
  719.46,   348.93,   478.04
  716.45,   347.96,   603.00
  850.48,   101.43,   354.24
  847.47,   100.46,   479.20
  844.46,    99.49,   604.16
  848.95,   226.42,   355.17
  845.94,   225.45,   480.13
  842.93,   224.48,   605.09
  847.43,   351.41,   356.11
  844.41,   350.44,   481.07
  841.40,   349.46,   606.03
  600.45,   102.00,   474.76
  598.50,   105.10,   599.70
  596.55,   108.21,   724.65
  602.97,   226.93,   471.69
  601.02,   230.04,   596.63
  599.07,   233.15,   721.58
  605.49,   351.87,   468.62
  603.54,   354.98,   593.57
  601.59,   358.09,   718.51
  725.41,    99.53,   476.77
  723.46,   102.63,   601.71
  721.51,   105.74,   726.66
  727.93,   224.46,   473.70
  725.98,   227.57,   598.64
  724.03,   230.68,   723.59
  730.45,   349.40,   470.63
  728.50,   352.51,   595.58
  726.55,   355.61,   720.52
  850.37,    97.05,   478.78
  848.42,   100.16,   603.72
  846.47,   103.27,   728.67
  852.89,   221.99,   475.71
  850.94,   225.10,   600.65
  848.99,   228.21,   725.60
  855.41,   346.93,   472.64
  853.46,   350.04,   597.59
  851.51,   353.14,   722.53
  598.30,    98.35,   598.32
  599.94,   101.99,   723.25
  601.58,   105.64,   848.19
  597.07,   223.29,   594.69
  598.71,   226.93,   719.62
  600.35,   230.58,   844.56
  595.84,   348.23,   591.06
  597.48,   351.87,   716.00
  599.12,   355.52,   840.93
  723.29,    99.53,   596.64
  724.93,   103.18,   721.58
  726.57,   106.82,   846.51
  722.05,   224.47,   593.01
  723.69,   228.12,   717.95
  725.33,   231.76,   842.88
  720.82,   349.42,   589.38
  722.46,   353.06,   714.32
  724.10,   356.70,   839.26
  848.27,   100.72,   594.96
  849.91,   104.36,   719.90
  851.55,   108.01,   844.84
  847.04,   225.66,   591.34
  848.68,   229.30,   716.27
  850.32,   232.95,   841.21
  845.80,   350.60,   587.71
  847.44,   354.25,   712.64
  849.08,   357.89,   837.58
  598.88,   225.75,    98.06
  599.51,   227.49,   223.05
  600.14,   229.22,   348.04
  601.93,   350.71,    96.31
  602.56,   352.44,   221.30
  603.19,   354.17,   346.29
  604.98,   475.66,    94.57
  605.61,   477.39,   219.55
  606.24,   479.12,   344.54
  723.84,   222.70,    97.48
  724.47,   224.43,   222.46
  725.10,   226.16,   347.45
  726.89,   347.65,    95.73
  727.52,   349.38,   220.72
  728.15,   351.11,   345.70
  729.94,   472.60,    93.98
  730.57,   474.33,   218.97
  731.20,   476.06,   343.95
  848.81,   219.64,    96.89
  849.43,   221.37,   221.88
  850.06,   223.11,   346.87
  851.86,   344.59,    95.14
  852.48,   346.32,   220.13
  853.11,   348.06,   345.12
  854.91,   469.54,    93.40
  855.53,   471.27,   218.38
  856.16,   473.01,   343.37
  599.23,   224.37,   226.18
  599.76,   224.99,   351.18
  600.30,   225.60,   476.18
  595.52,   349.32,   225.59
  596.06,   349.93,   350.58
  596.59,   350.55,   475.58
  591.81,   474.26,   224.99
  592.35,   474.88,   349.98
  592.89,   475.49,   474.98
  724.17,   228.08,   225.63
  724.71,   228.69,   350.63
  725.24,   229.31,   475.62
  720.46,   353.02,   225.03
  721.00,   353.64,   350.03
  721.54,   354.25,   475.02
  716.76,   477.97,   224.43
  717.29,   478.58,   349.43
  717.83,   479.19,   474.43
  849.11,   231.78,   225.07
  849.65,   232.40,   350.07
  850.19,   233.01,   475.07
  845.41,   356.73,   224.48
  845.94,   357.34,   349.47
  846.48,   357.96,   474.47
  841.70,   481.67,   223.88
  842.24,   482.28,   348.87
  842.77,   482.90,   473.87
  599.16,   225.05,   350.18
  595.66,   228.72,   475.08
  592.17,   232.38,   599.98
  598.90,   350.00,   346.51
  595.40,   353.66,   471.41
  591.91,   357.33,   596.30
  598.64,   474.95,   342.84
  595.14,   478.61,   467.73
  591.65,   482.27,   592.63
  724.11,   225.42,   353.66
  720.61,   229.08,   478.56
  717.12,   232.75,   603.46
  723.85,   350.36,   349.99
  720.35,   354.03,   474.89
  716.86,   357.69,   599.79
  723.59,   475.31,   346.32
  720.09,   478.97,   471.22
  716.60,   482.64,   596.11
  849.06,   225.78,   357.15
  845.57,   229.44,   482.04
  842.07,   233.11,   606.94
  848.80,   350.72,   353.47
  845.31,   354.39,   478.37
  841.81,   358.05,   603.27
  848.54,   475.67,   349.80
  845.05,   479.33,   474.70
  841.55,   483.00,   599.60
  599.53,   226.74,   475.12
  596.24,   223.36,   600.03
  592.96,   219.99,   724.94
  602.67,   351.65,   478.58
  599.39,   348.28,   603.49
  596.10,   344.90,   728.40
  605.82,   476.56,   482.03
  602.53,   473.19,   606.94
  599.25,   469.82,   731.85
  724.44,   223.50,   478.32
  721.16,   220.13,   603.23
  717.88,   216.76,   728.14
  727.59,   348.42,   481.77
  724.30,   345.04,   606.68
  721.02,   341.67,   731.60
  730.73,   473.33,   485.23
  727.45,   469.96,   610.14
  724.17,   466.58,   735.05
  849.36,   220.27,   481.51
  846.08,   216.90,   606.42
  842.79,   213.52,   731.34
  852.51,   345.18,   484.97
  849.22,   341.81,   609.88
  845.94,   338.44,   734.79
  855.65,   470.10,   488.43
  852.37,   466.72,   613.34
  849.08,   463.35,   738.25
  599.79,   224.97,   598.07
  601.43,   225.27,   723.06
  603.06,   225.57,   848.05
  596.88,   349.94,   597.81
  598.51,   350.24,   722.80
  600.14,   350.54,   847.79
  593.96,   474.90,   597.55
  595.59,   475.20,   722.54
  597.23,   475.51,   847.52
  724.75,   227.89,   596.43
  726.38,   228.19,   721.42
  728.02,   228.49,   846.41
  721.83,   352.85,   596.17
  723.47,   353.15,   721.16
  725.10,   353.46,   846.15
  718.91,   477.82,   595.91
  720.55,   478.12,   720.89
  722.18,   478.42,   845.88
  849.70,   230.80,   594.79
  851.34,   231.10,   719.78
  852.97,   231.41,   844.77
  846.79,   355.77,   594.53
  848.42,   356.07,   719.52
  850.06,   356.37,   844.50
  843.87,   480.73,   594.26
  845.50,   481.04,   719.25
  847.14,   481.34,   844.24
  598.94,   349.41,    99.82
  600.21,   352.25,   224.78
  601.47,   355.08,   349.74
  598.41,   474.38,    96.99
  599.68,   477.21,   221.95
  600.95,   480.05,   346.91
  597.89,   599.34,    94.16
  599.16,   602.18,   219.12
  600.42,   605.01,   344.09
  723.93,   349.91,    98.54
  725.20,   352.74,   223.51
  726.46,   355.58,   348.47
  723.41,   474.87,    95.71
  724.67,   477.71,   220.68
  725.94,   480.54,   345.64
  722.88,   599.84,    92.88
  724.15,   602.68,   217.85
  725.42,   605.51,   342.81
  848.92,   350.40,    97.27
  850.19,   353.24,   222.23
  851.46,   356.07,   347.19
  848.40,   475.37,    94.44
  849.67,   478.20,   219.40
  850.93,   481.04,   344.36
  847.87,   600.34,    91.61
  849.14,   603.17,   216.57
  850.41,   606.01,   341.53
  599.01,   350.38,   223.55
  597.01,   348.01,   348.51
  595.01,   345.65,   473.47
  596.16,   475.32,   225.87
  594.16,   472.96,   350.83
  592.15,   470.59,   475.79
  593.31,   600.27,   228.19
  591.30,   597.91,   353.15
  589.30,   595.54,   478.11
  723.97,   353.19,   225.61
  721.96,   350.83,   350.57
  719.96,   348.46,   475.53
  721.11,   478.14,   227.93
  719.11,   475.77,   352.89
  717.11,   473.41,   477.85
  718.26,   603.09,   230.25
  716.26,   600.72,   355.21
  714.25,   598.35,   480.17
  848.92,   356.01,   227.67
  846.91,   353.64,   352.63
  844.91,   351.28,   477.59
  846.06,   480.95,   229.98
  844.06,   478.59,   354.95
  842.06,   476.22,   479.91
  843.21,   605.90,   232.30
  841.21,   603.53,   357.27
  839.20,   601.17,   482.23
  599.92,   349.17,   348.23
  599.47,   346.53,   473.20
  599.01,   343.89,   598.17
  598.73,   474.14,   350.87
  598.27,   471.50,   475.84
  597.82,   468.85,   600.81
  597.53,   599.11,   353.50
  597.08,   596.46,   478.48
  596.63,   593.82,   603.45
  724.92,   350.36,   348.71
  724.46,   347.72,   473.68
  724.01,   345.07,   598.65
  723.72,   475.32,   351.35
  723.27,   472.68,   476.32
  722.81,   470.04,   601.29
  722.53,   600.29,   353.98
  722.07,   597.65,   478.95
  721.62,   595.01,   603.93
  849.91,   351.54,   349.19
  849.46,   348.90,   474.16
  849.00,   346.26,   599.13
  848.72,   476.51,   351.82
  848.26,   473.87,   476.80
  847.81,   471.22,   601.77
  847.52,   601.48,   354.46
  847.07,   598.83,   479.43
  846.61,   596.19,   604.41
  601.75,   348.40,   474.85
  604.08,   346.39,   599.81
  606.41,   344.39,   724.77
  602.18,   473.38,   476.85
  604.51,   471.38,   601.81
  606.84,   469.37,   726.77
  602.60,   598.37,   478.85
  604.93,   596.36,   603.81
  607.26,   594.35,   728.77
  726.73,   348.01,   472.51
  729.06,   346.01,   597.48
  731.39,   344.00,   722.44
  727.15,   473.00,   474.51
  729.48,   470.99,   599.47
  731.81,   468.99,   724.44
  727.58,   597.98,   476.51
  729.91,   595.98,   601.47
  732.24,   593.97,   726.43
  851.71,   347.63,   470.18
  854.04,   345.62,   595.14
  856.37,   343.62,   720.10
  852.13,   472.61,   472.17
  854.46,   470.61,   597.14
  856.79,   468.60,   722.10
  852.55,   597.60,   474.17
  854.88,   595.59,   599.13
  857.21,   593.59,   724.10
  600.26,   348.96,   600.19
  602.36,   350.01,   725.17
  604.47,   351.05,   850.14
  599.47,   473.95,   599.16
  601.58,   475.00,   724.13
  603.69,   476.05,   849.11
  598.69,   598.95,   598.12
  600.79,   599.99,   723.10
  602.90,   601.04,   848.08
  725.24,   349.73,   598.08
  727.34,   350.77,   723.05
  729.45,   351.82,   848.03
  724.45,   474.72,   597.04
  726.56,   475.77,   722.02
  728.67,   476.81,   847.00
  723.67,   599.72,   596.01
  725.77,   600.76,   720.99
  727.88,   601.81,   845.97
  850.22,   350.50,   595.96
  852.32,   351.54,   720.94
  854.43,   352.59,   845.92
  849.43,   475.49,   594.93
  851.54,   476.54,   719.91
  853.65,   477.58,   844.88
  848.65,   600.48,   593.90
  850.75,   601.53,   718.87
  852.86,   602.58,   843.85
  600.43,   475.54,    99.55
  600.78,   472.39,   224.51
  601.13,   469.24,   349.47
  602.74,   600.47,   102.69
  603.09,   597.33,   227.65
  603.44,   594.18,   352.61
  605.05,   725.41,   105.83
  605.40,   722.27,   230.79
  605.75,   719.12,   355.75
  725.41,   473.24,    99.14
  725.76,   470.09,   224.10
  726.11,   466.94,   349.06
  727.72,   598.17,   102.28
  728.07,   595.03,   227.24
  728.42,   591.88,   352.20
  730.03,   723.11,   105.42
  730.38,   719.97,   230.38
  730.73,   716.82,   355.34
  850.38,   470.94,    98.73
  850.74,   467.79,   223.69
  851.09,   464.64,   348.65
  852.69,   595.87,   101.87
  853.05,   592.73,   226.83
  853.40,   589.58,   351.79
  855.00,   720.81,   105.01
  855.36,   717.67,   229.97
  855.71,   714.52,   354.93
  599.72,   474.28,   226.37
  597.45,   474.12,   351.35
  595.17,   473.96,   476.33
  599.40,   599.28,   226.52
  597.12,   599.12,   351.50
  594.85,   598.96,   476.48
  599.07,   724.28,   226.68
  596.80,   724.12,   351.65
  594.52,   723.96,   476.63
  724.70,   474.60,   228.65
  722.42,   474.44,   353.63
  720.15,   474.29,   478.61
  724.37,   599.60,   228.80
  722.10,   599.44,   353.78
  719.82,   599.29,   478.76
  724.05,   724.60,   228.95
  721.77,   724.44,   353.93
  719.50,   724.29,   478.91
  849.68,   474.92,   230.92
  847.40,   474.77,   355.90
  845.13,   474.61,   480.88
  849.35,   599.92,   231.07
  847.08,   599.77,   356.05
  844.80,   599.61,   481.03
  849.03,   724.92,   231.23
  846.75,   724.77,   356.21
  844.48,   724.61,   481.18
  598.13,   473.13,   349.67
  599.26,   474.04,   474.66
  600.40,   474.95,   599.66
  599.55,   598.12,   348.75
  600.68,   599.03,   473.74
  601.82,   599.94,   598.73
  600.97,   723.11,   347.83
  602.10,   724.02,   472.82
  603.24,   724.93,   597.81
  723.11,   471.70,   348.55
  724.25,   472.61,   473.54
  725.38,   473.52,   598.53
  724.53,   596.69,   347.63
  725.67,   597.60,   472.62
  726.80,   598.51,   597.61
  725.95,   721.68,   346.70
  727.09,   722.59,   471.69
  728.22,   723.50,   596.69
  848.10,   470.27,   347.42
  849.23,   471.18,   472.41
  850.37,   472.09,   597.41
  849.52,   595.26,   346.50
  850.66,   596.17,   471.49
  851.79,   597.08,   596.48
  850.94,   720.25,   345.58
  852.08,   721.16,   470.57
  853.21,   722.07,   595.56
  600.30,   476.09,   474.69
  598.58,   477.84,   599.67
  596.86,   479.59,   724.64
  596.69,   601.02,   472.89
  594.97,   602.77,   597.87
  593.25,   604.52,   722.85
  593.08,   725.96,   471.10
  591.36,   727.71,   596.07
  589.64,   729.46,   721.05
  725.24,   479.72,   476.37
  723.52,   481.47,   601.34
  721.79,   483.22,   726.32
  721.63,   604.66,   474.57
  719.91,   606.41,   599.54
  718.18,   608.16,   724.52
  718.02,   729.59,   472.77
  716.30,   731.34,   597.74
  714.57,   733.09,   722.72
  850.18,   483.36,   478.04
  848.45,   485.11,   603.01
  846.73,   486.86,   727.99
  846.57,   608.29,   476.24
  844.84,   610.04,   601.21
  843.12,   611.79,   726.19
  842.96,   733.23,   474.44
  841.23,   734.98,   599.42
  839.51,   736.73,   724.39
  600.00,   473.22,   598.45
  598.81,   471.07,   723.43
  597.63,   468.91,   848.41
  598.29,   598.19,   600.59
  597.11,   596.04,   725.57
  595.93,   593.88,   850.54
  596.59,   723.16,   602.73
  595.40,   721.01,   727.70
  594.22,   718.85,   852.68
  724.98,   474.90,   599.67
  723.80,   472.75,   724.64
  722.61,   470.60,   849.62
  723.27,   599.87,   601.80
  722.09,   597.72,   726.78
  720.91,   595.57,   851.75
  721.57,   724.84,   603.94
  720.39,   722.69,   728.92
  719.20,   720.54,   853.89
  849.96,   476.59,   600.88
  848.78,   474.43,   725.85
  847.60,   472.28,   850.83
  848.26,   601.56,   603.02
  847.07,   599.40,   727.99
  845.89,   597.25,   852.97
  846.55,   726.53,   605.15
  845.37,   724.37,   730.13
  844.19,   722.22,   855.10
  601.39,   600.18,    98.86
  599.27,   598.21,   223.83
  597.14,   596.24,   348.79
  604.72,   725.12,   100.89
  602.59,   723.15,   225.85
  600.46,   721.18,   350.82
  608.04,   850.06,   102.92
  605.91,   848.09,   227.88
  603.79,   846.12,   352.85
  726.33,   596.83,   100.93
  724.21,   594.86,   225.90
  722.08,   592.88,   350.87
  729.66,   721.77,   102.96
  727.53,   719.80,   227.93
  725.40,   717.82,   352.89
  732.98,   846.71,   104.99
  730.85,   844.74,   229.96
  728.72,   842.76,   354.92
  851.27,   593.47,   103.01
  849.14,   591.50,   227.97
  847.02,   589.53,   352.94
  854.59,   718.41,   105.03
  852.47,   716.44,   230.00
  850.34,   714.47,   354.97
  857.92,   843.35,   107.06
  855.79,   841.38,   232.03
  853.66,   839.41,   357.00
  598.57,   598.99,   225.77
  600.37,   595.66,   350.71
  602.17,   592.33,   475.65
  597.48,   723.94,   229.11
  599.29,   720.61,   354.05
  601.09,   717.28,   479.00
  596.40,   848.89,   232.45
  598.21,   845.56,   357.40
  600.01,   842.24,   482.34
  723.55,   600.12,   224.00
  725.35,   596.79,   348.94
  727.15,   593.46,   473.88
  722.47,   725.07,   227.34
  724.27,   721.74,   352.28
  726.07,   718.41,   477.22
  721.39,   850.02,   230.68
  723.19,   846.69,   355.63
  724.99,   843.36,   480.57
  848.53,   601.24,   222.23
  850.33,   597.92,   347.17
  852.13,   594.59,   472.11
  847.45,   726.20,   225.57
  849.25,   722.87,   350.51
  851.05,   719.54,   475.45
  846.37,   851.15,   228.91
  848.17,   847.82,   353.85
  849.97,   844.49,   478.80
  598.28,   601.70,   351.26
  600.06,   599.16,   476.22
  601.83,   596.62,   601.18
  600.38,   726.65,   353.77
  602.16,   724.11,   478.73
  603.94,   721.57,   603.69
  602.48,   851.61,   356.28
  604.26,   849.07,   481.24
  606.04,   846.53,   606.20
  723.25,   599.63,   349.44
  725.03,   597.09,   474.40
  726.80,   594.55,   599.36
  725.35,   724.59,   351.95
  727.13,   722.05,   476.91
  728.91,   719.51,   601.87
  727.45,   849.55,   354.46
  729.23,   847.01,   479.42
  731.01,   844.47,   604.38
  848.22,   597.56,   347.62
  850.00,   595.02,   472.58
  851.77,   592.48,   597.54
  850.32,   722.52,   350.13
  852.10,   719.98,   475.09
  853.88,   717.44,   600.05
  852.42,   847.48,   352.64
  854.20,   844.94,   477.60
  855.98,   842.40,   602.56
  600.96,   601.50,   476.12
  599.74,   600.42,   601.10
  598.51,   599.34,   726.09
  603.19,   726.47,   477.22
  601.97,   725.39,   602.21
  600.74,   724.31,   727.20
  605.42,   851.45,   478.32
  604.19,   850.37,   603.31
  602.97,   849.29,   728.30
  725.94,   599.26,   477.32
  724.71,   598.18,   602.31
  723.49,   597.10,   727.30
  728.16,   724.24,   478.42
  726.94,   723.16,   603.41
  725.71,   722.08,   728.40
  730.39,   849.21,   479.53
  729.17,   848.13,   604.51
  727.94,   847.05,   729.50
  850.91,   597.02,   478.52
  849.69,   595.94,   603.51
  848.46,   594.86,   728.50
  853.14,   722.00,   479.63
  851.91,   720.92,   604.62
  850.69,   719.84,   729.61
  855.36,   846.97,   480.73
  854.14,   845.89,   605.72
  852.92,   844.81,   730.71
  599.37,   598.22,   599.79
  598.62,   599.54,   724.78
  597.86,   600.87,   849.77
  601.87,   723.19,   598.48
  601.11,   724.51,   723.47
  600.35,   725.83,   848.46
  604.36,   848.15,   597.17
  603.60,   849.48,   722.16
  602.85,   850.80,   847.15
  724.35,   595.73,   600.57
  723.59,   597.06,   725.56
  722.83,   598.38,   850.56
  726.84,   720.70,   599.26
  726.08,   722.03,   724.26
  725.33,   723.35,   849.25
  729.33,   845.67,   597.96
  728.57,   846.99,   722.95
  727.82,   848.32,   847.94
  849.32,   593.25,   601.36
  848.56,   594.57,   726.35
  847.81,   595.90,   851.34
  851.81,   718.22,   600.05
  851.06,   719.54,   725.04
  850.30,   720.87,   850.03
  854.30,   843.19,   598.74
  853.55,   844.51,   723.73
  852.79,   845.83,   848.72
