27, 125, pa2-unknown-g-output1.txt
  204.84,   205.46,   190.78
  403.42,   407.11,   205.19
   98.96,   100.85,    99.77
  101.65,   103.74,   224.71
  104.35,   106.63,   349.65
   96.89,   225.80,    96.93
   99.58,   228.69,   221.86
  102.28,   231.58,   346.80
   94.81,   350.75,    94.08
   97.51,   353.64,   219.02
  100.20,   356.53,   343.95
  223.91,   102.86,    97.03
  226.61,   105.75,   221.97
  229.30,   108.64,   346.90
  221.84,   227.81,    94.18
  224.54,   230.70,   219.12
  227.23,   233.59,   344.06
  219.77,   352.76,    91.34
  222.46,   355.65,   216.27
  225.16,   358.54,   341.21
  348.87,   104.87,    94.29
  351.56,   107.76,   219.22
  354.26,   110.65,   344.16
  346.79,   229.82,    91.44
  349.49,   232.71,   216.38
  352.19,   235.60,   341.31
  344.72,   354.77,    88.59
  347.42,   357.66,   213.53
  350.11,   360.55,   338.47
  101.22,   100.44,   224.07
  103.00,    99.80,   349.06
  104.77,    99.17,   474.05
  102.68,   225.43,   224.69
  104.46,   224.79,   349.68
  106.24,   224.16,   474.66
  104.14,   350.42,   225.31
  105.92,   349.78,   350.29
  107.70,   349.15,   475.28
  226.20,    98.99,   222.29
  227.98,    98.35,   347.28
  229.75,    97.71,   472.26
  227.66,   223.98,   222.90
  229.44,   223.34,   347.89
  231.22,   222.70,   472.88
  229.12,   348.97,   223.52
  230.90,   348.33,   348.51
  232.68,   347.69,   473.49
  351.18,    97.53,   220.50
  352.95,    96.90,   345.49
  354.73,    96.26,   470.48
  352.64,   222.52,   221.12
  354.42,   221.89,   346.11
  356.19,   221.25,   471.09
  354.10,   347.51,   221.74
  355.88,   346.87,   346.72
  357.66,   346.24,   471.71
  100.19,   100.32,   350.61
  100.72,    96.64,   475.55
  101.25,    92.96,   600.50
  102.85,   225.24,   354.28
  103.38,   221.56,   479.22
  103.91,   217.88,   604.17
  105.52,   350.16,   357.94
  106.04,   346.48,   482.89
  106.57,   342.80,   607.83
  225.17,    97.68,   350.00
  225.69,    94.00,   474.95
  226.22,    90.32,   599.89
  227.83,   222.60,   353.67
  228.35,   218.92,   478.61
  228.88,   215.24,   603.56
  230.49,   347.52,   357.34
  231.01,   343.84,   482.28
  231.54,   340.16,   607.23
  350.14,    95.04,   349.40
  350.66,    91.36,   474.34
  351.19,    87.68,   599.29
  352.80,   219.95,   353.06
  353.32,   216.27,   478.01
  353.85,   212.59,   602.95
  355.46,   344.87,   356.73
  355.98,   341.19,   481.68
  356.51,   337.51,   606.62
   98.37,   101.40,   474.45
   98.10,   103.48,   599.43
   97.83,   105.56,   724.41
   96.55,   226.36,   472.36
   96.28,   228.45,   597.34
   96.02,   230.53,   722.33
   94.74,   351.33,   470.27
   94.47,   353.42,   595.26
   94.20,   355.50,   720.24
  223.36,   103.22,   474.69
  223.09,   105.30,   599.67
  222.82,   107.38,   724.65
  221.54,   228.19,   472.60
  221.27,   230.27,   597.58
  221.00,   232.35,   722.56
  219.72,   353.15,   470.51
  219.45,   355.24,   595.49
  219.19,   357.32,   720.48
  348.34,   105.04,   474.92
  348.07,   107.12,   599.91
  347.81,   109.21,   724.89
  346.53,   230.01,   472.84
  346.26,   232.09,   597.82
  345.99,   234.17,   722.80
  344.71,   354.98,   470.75
  344.44,   357.06,   595.73
  344.17,   359.14,   720.71
   98.88,    98.14,   599.39
  101.22,   101.41,   724.33
  103.56,   104.68,   849.26
   98.60,   223.10,   596.13
  100.93,   226.37,   721.06
  103.27,   229.64,   846.00
   98.31,   348.06,   592.86
  100.65,   351.33,   717.80
  102.99,   354.60,   842.73
  223.86,    98.37,   597.05
  226.20,   101.64,   721.98
  228.54,   104.91,   846.92
  223.57,   223.33,   593.78
  225.91,   226.59,   718.72
  228.25,   229.86,   843.65
  223.29,   348.28,   590.52
  225.62,   351.55,   715.45
  227.96,   354.82,   840.39
  348.84,    98.59,   594.70
  351.18,   101.86,   719.64
  353.51,   105.13,   844.57
  348.55,   223.55,   591.44
  350.89,   226.82,   716.37
  353.23,   230.09,   841.31
  348.26,   348.51,   588.17
  350.60,   351.78,   713.11
  352.94,   355.05,   838.04
   99.77,   225.87,    98.79
  100.76,   224.74,   223.78
  101.74,   223.62,   348.77
   99.69,   350.86,    99.91
  100.67,   349.74,   224.90
  101.65,   348.62,   349.89
   99.60,   475.86,   101.03
  100.58,   474.73,   226.02
  101.57,   473.61,   351.01
  224.77,   225.96,    97.80
  225.75,   224.84,   222.79
  226.74,   223.72,   347.78
  224.68,   350.96,    98.93
  225.67,   349.84,   223.92
  226.65,   348.71,   348.91
  224.59,   475.95,   100.05
  225.58,   474.83,   225.04
  226.56,   473.71,   350.03
  349.77,   226.06,    96.82
  350.75,   224.94,   221.81
  351.74,   223.82,   346.80
  349.68,   351.05,    97.94
  350.66,   349.93,   222.93
  351.65,   348.81,   347.92
  349.59,   476.05,    99.06
  350.57,   474.93,   224.06
  351.56,   473.80,   349.05
  101.67,   226.44,   224.45
  100.53,   224.21,   349.43
   99.39,   221.99,   474.40
   98.06,   351.37,   226.64
   96.92,   349.14,   351.62
   95.77,   346.92,   476.59
   94.45,   476.30,   228.83
   93.30,   474.07,   353.81
   92.16,   471.85,   478.78
  226.62,   230.03,   225.66
  225.47,   227.81,   350.63
  224.33,   225.58,   475.61
  223.00,   354.96,   227.85
  221.86,   352.74,   352.82
  220.72,   350.51,   477.80
  219.39,   479.89,   230.04
  218.25,   477.67,   355.01
  217.10,   475.44,   479.99
  351.56,   233.63,   226.86
  350.42,   231.40,   351.84
  349.27,   229.18,   476.81
  347.95,   358.55,   229.05
  346.80,   356.33,   354.03
  345.66,   354.11,   479.00
  344.33,   483.48,   231.24
  343.19,   481.26,   356.22
  342.05,   479.04,   481.19
  101.62,   223.99,   348.01
  104.75,   222.27,   472.96
  107.87,   220.55,   597.91
   99.51,   348.96,   349.78
  102.64,   347.24,   474.73
  105.77,   345.52,   599.68
   97.41,   473.93,   351.56
  100.54,   472.21,   476.51
  103.67,   470.49,   601.45
  226.56,   226.13,   344.91
  229.69,   224.42,   469.86
  232.82,   222.70,   594.81
  224.45,   351.10,   346.68
  227.58,   349.38,   471.63
  230.71,   347.67,   596.58
  222.35,   476.07,   348.46
  225.48,   474.35,   473.41
  228.61,   472.64,   598.35
  351.50,   228.28,   341.81
  354.63,   226.56,   466.76
  357.76,   224.84,   591.71
  349.40,   353.25,   343.58
  352.53,   351.53,   468.53
  355.66,   349.81,   593.48
  347.29,   478.22,   345.36
  350.42,   476.50,   470.31
  353.55,   474.78,   595.25
   99.60,   226.54,   475.07
   96.57,   228.02,   600.02
   93.54,   229.50,   724.97
   97.63,   351.51,   473.54
   94.60,   352.99,   598.49
   91.57,   354.47,   723.45
   95.67,   476.49,   472.01
   92.64,   477.97,   596.97
   89.61,   479.45,   721.92
  224.54,   228.53,   478.07
  221.51,   230.01,   603.03
  218.48,   231.49,   727.98
  222.58,   353.51,   476.54
  219.55,   354.99,   601.50
  216.52,   356.47,   726.45
  220.62,   478.49,   475.02
  217.59,   479.96,   599.97
  214.56,   481.44,   724.93
  349.49,   230.53,   481.08
  346.46,   232.01,   606.03
  343.43,   233.49,   730.99
  347.53,   355.51,   479.55
  344.50,   356.99,   604.50
  341.47,   358.47,   729.46
  345.57,   480.48,   478.02
  342.54,   481.96,   602.98
  339.51,   483.44,   727.93
  100.48,   226.94,   598.39
  102.70,   227.08,   723.37
  104.92,   227.21,   848.35
   98.21,   351.92,   598.30
  100.43,   352.06,   723.28
  102.65,   352.19,   848.26
   95.94,   476.90,   598.21
   98.16,   477.04,   723.19
  100.38,   477.17,   848.17
  225.44,   229.21,   596.16
  227.66,   229.34,   721.14
  229.88,   229.48,   846.12
  223.17,   354.19,   596.07
  225.39,   354.32,   721.05
  227.61,   354.46,   846.03
  220.90,   479.17,   595.98
  223.12,   479.30,   720.96
  225.34,   479.44,   845.94
  350.40,   231.48,   593.94
  352.62,   231.61,   718.92
  354.84,   231.75,   843.90
  348.13,   356.46,   593.85
  350.35,   356.59,   718.83
  352.57,   356.72,   843.81
  345.86,   481.44,   593.75
  348.08,   481.57,   718.73
  350.30,   481.70,   843.71
   99.68,   350.74,   100.32
   98.42,   347.47,   225.27
   97.16,   344.20,   350.22
  101.88,   475.68,   103.61
  100.62,   472.41,   228.56
   99.36,   469.14,   353.51
  104.08,   600.62,   106.90
  102.82,   597.35,   231.85
  101.56,   594.08,   356.80
  224.66,   348.51,   101.52
  223.39,   345.24,   226.48
  222.13,   341.97,   351.43
  226.85,   473.45,   104.82
  225.59,   470.18,   229.77
  224.33,   466.91,   354.72
  229.05,   598.39,   108.11
  227.79,   595.12,   233.06
  226.53,   591.85,   358.01
  349.63,   346.28,   102.73
  348.37,   343.01,   227.68
  347.11,   339.74,   352.63
  351.83,   471.22,   106.02
  350.57,   467.95,   230.97
  349.31,   464.68,   355.92
  354.03,   596.16,   109.31
  352.77,   592.89,   234.26
  351.51,   589.62,   359.21
   99.87,   350.88,   223.11
  101.57,   348.56,   348.08
  103.27,   346.25,   473.05
   97.19,   475.83,   225.46
   98.90,   473.51,   350.43
  100.60,   471.20,   475.40
   94.52,   600.78,   227.81
   96.22,   598.46,   352.78
   97.92,   596.15,   477.75
  224.83,   353.58,   221.46
  226.53,   351.27,   346.43
  228.23,   348.96,   471.40
  222.15,   478.53,   223.81
  223.86,   476.22,   348.78
  225.56,   473.91,   473.75
  219.48,   603.48,   226.16
  221.18,   601.17,   351.13
  222.88,   598.85,   476.09
  349.79,   356.29,   219.81
  351.49,   353.97,   344.78
  353.19,   351.66,   469.75
  347.11,   481.23,   222.16
  348.81,   478.92,   347.13
  350.52,   476.61,   472.09
  344.44,   606.18,   224.51
  346.14,   603.87,   349.48
  347.84,   601.56,   474.44
   98.52,   350.11,   349.58
   99.71,   347.37,   474.54
  100.89,   344.63,   599.50
   95.50,   475.04,   352.34
   96.69,   472.30,   477.31
   97.87,   469.56,   602.27
   92.49,   599.97,   355.11
   93.67,   597.23,   480.08
   94.85,   594.49,   605.04
  223.48,   353.15,   348.46
  224.66,   350.41,   473.42
  225.85,   347.67,   598.39
  220.46,   478.08,   351.23
  221.65,   475.34,   476.19
  222.83,   472.60,   601.15
  217.44,   603.02,   353.99
  218.63,   600.28,   478.96
  219.81,   597.54,   603.92
  348.44,   356.19,   347.34
  349.62,   353.45,   472.30
  350.81,   350.71,   597.27
  345.42,   481.13,   350.11
  346.60,   478.39,   475.07
  347.79,   475.65,   600.04
  342.40,   606.06,   352.88
  343.59,   603.32,   477.84
  344.77,   600.58,   602.80
   98.24,   348.22,   473.16
   96.32,   350.44,   598.13
   94.40,   352.66,   723.09
   99.44,   473.19,   470.96
   97.52,   475.42,   595.92
   95.60,   477.64,   720.89
  100.64,   598.17,   468.75
   98.72,   600.39,   593.72
   96.80,   602.61,   718.68
  223.22,   347.05,   475.10
  221.30,   349.28,   600.07
  219.38,   351.50,   725.03
  224.42,   472.03,   472.90
  222.50,   474.25,   597.86
  220.58,   476.47,   722.83
  225.62,   597.00,   470.69
  223.70,   599.23,   595.66
  221.78,   601.45,   720.62
  348.20,   345.89,   477.05
  346.28,   348.11,   602.01
  344.36,   350.34,   726.98
  349.40,   470.87,   474.84
  347.48,   473.09,   599.81
  345.56,   475.31,   724.77
  350.60,   595.84,   472.64
  348.68,   598.06,   597.60
  346.75,   600.29,   722.57
   98.88,   351.48,   601.38
   98.12,   352.85,   726.37
   97.35,   354.21,   851.36
   97.65,   476.47,   600.01
   96.88,   477.83,   725.00
   96.12,   479.20,   849.99
   96.41,   601.46,   598.64
   95.65,   602.82,   723.63
   94.88,   604.18,   848.62
  223.88,   352.73,   602.13
  223.11,   354.09,   727.12
  222.35,   355.45,   852.11
  222.64,   477.71,   600.76
  221.88,   479.08,   725.75
  221.11,   480.44,   850.74
  221.41,   602.70,   599.39
  220.64,   604.06,   724.38
  219.87,   605.43,   849.37
  348.87,   353.97,   602.88
  348.10,   355.33,   727.87
  347.34,   356.70,   852.86
  347.63,   478.96,   601.51
  346.87,   480.32,   726.50
  346.10,   481.68,   851.49
  346.40,   603.94,   600.14
  345.63,   605.31,   725.13
  344.87,   606.67,   850.12
   99.42,   473.49,   101.28
   98.01,   473.06,   226.27
   96.61,   472.63,   351.26
   96.42,   598.46,   101.67
   95.01,   598.03,   226.66
   93.60,   597.60,   351.66
   93.42,   723.42,   102.07
   92.01,   722.99,   227.06
   90.60,   722.56,   352.05
  224.37,   476.49,   102.69
  222.97,   476.06,   227.68
  221.56,   475.63,   352.68
  221.37,   601.45,   103.09
  219.97,   601.02,   228.08
  218.56,   600.59,   353.07
  218.37,   726.42,   103.49
  216.97,   725.99,   228.48
  215.56,   725.56,   353.47
  349.33,   479.49,   104.11
  347.92,   479.06,   229.10
  346.52,   478.63,   354.09
  346.33,   604.45,   104.51
  344.92,   604.02,   229.50
  343.52,   603.59,   354.49
  343.33,   729.41,   104.90
  341.92,   728.98,   229.89
  340.51,   728.55,   354.88
   98.06,   473.04,   225.69
   98.33,   476.09,   350.65
   98.60,   479.14,   475.61
   96.33,   597.99,   222.64
   96.61,   601.04,   347.60
   96.88,   604.09,   472.56
   94.61,   722.94,   219.59
   94.88,   725.99,   344.56
   95.16,   729.05,   469.52
  223.04,   474.76,   225.37
  223.32,   477.81,   350.33
  223.59,   480.86,   475.30
  221.32,   599.71,   222.32
  221.59,   602.76,   347.29
  221.87,   605.81,   472.25
  219.60,   724.66,   219.28
  219.87,   727.71,   344.24
  220.14,   730.76,   469.20
  348.03,   476.47,   225.06
  348.31,   479.53,   350.02
  348.58,   482.58,   474.98
  346.31,   601.43,   222.01
  346.58,   604.48,   346.97
  346.86,   607.53,   471.93
  344.58,   726.38,   218.96
  344.86,   729.43,   343.92
  345.13,   732.48,   468.89
  100.43,   474.07,   349.24
  101.48,   473.79,   474.24
  102.53,   473.50,   599.23
  103.98,   599.02,   349.50
  105.03,   598.73,   474.50
  106.08,   598.45,   599.49
  107.53,   723.97,   349.76
  108.58,   723.68,   474.76
  109.63,   723.40,   599.75
  225.37,   470.53,   348.18
  226.42,   470.24,   473.18
  227.47,   469.95,   598.18
  228.92,   595.48,   348.44
  229.97,   595.19,   473.44
  231.02,   594.90,   598.43
  232.47,   720.43,   348.70
  233.52,   720.14,   473.70
  234.57,   719.85,   598.69
  350.32,   466.98,   347.13
  351.37,   466.69,   472.12
  352.42,   466.40,   597.12
  353.87,   591.93,   347.38
  354.92,   591.64,   472.38
  355.97,   591.35,   597.37
  357.42,   716.88,   347.64
  358.47,   716.59,   472.64
  359.52,   716.30,   597.63
  101.89,   473.54,   475.57
   99.44,   475.82,   600.53
   97.00,   478.11,   725.48
  100.06,   598.50,   473.25
   97.61,   600.79,   598.20
   95.17,   603.08,   723.16
   98.23,   723.47,   470.93
   95.78,   725.75,   595.88
   93.34,   728.04,   720.84
  226.85,   475.41,   477.98
  224.41,   477.70,   602.93
  221.96,   479.98,   727.89
  225.02,   600.38,   475.66
  222.58,   602.66,   600.61
  220.13,   604.95,   725.57
  223.19,   725.34,   473.33
  220.75,   727.63,   598.29
  218.30,   729.91,   723.25
  351.81,   477.29,   480.39
  349.37,   479.57,   605.34
  346.92,   481.86,   730.30
  349.98,   602.25,   478.07
  347.54,   604.54,   603.02
  345.09,   606.82,   727.98
  348.15,   727.22,   475.74
  345.71,   729.50,   600.70
  343.26,   731.79,   725.65
  101.21,   475.29,   601.23
   98.01,   476.37,   726.18
   94.81,   477.46,   851.14
  102.31,   600.28,   600.17
   99.11,   601.37,   725.12
   95.91,   602.45,   850.08
  103.41,   725.27,   599.11
  100.21,   726.36,   724.06
   97.01,   727.44,   849.02
  226.16,   474.22,   604.44
  222.96,   475.30,   729.39
  219.76,   476.39,   854.35
  227.26,   599.21,   603.38
  224.06,   600.29,   728.33
  220.86,   601.38,   853.29
  228.36,   724.20,   602.32
  225.16,   725.28,   727.27
  221.96,   726.37,   852.23
  351.12,   473.14,   607.65
  347.92,   474.23,   732.60
  344.72,   475.32,   857.55
  352.22,   598.13,   606.59
  349.02,   599.22,   731.54
  345.82,   600.31,   856.50
  353.32,   723.12,   605.53
  350.12,   724.21,   730.48
  346.92,   725.30,   855.44
  100.70,   601.79,   100.93
   99.21,   602.95,   225.91
   97.72,   604.11,   350.90
  103.98,   726.74,    99.81
  102.48,   727.90,   224.79
  100.99,   729.06,   349.78
  107.25,   851.69,    98.69
  105.76,   852.85,   223.67
  104.26,   854.01,   348.66
  225.65,   598.53,   102.45
  224.16,   599.69,   227.43
  222.67,   600.85,   352.42
  228.92,   723.48,   101.33
  227.43,   724.64,   226.31
  225.94,   725.80,   351.30
  232.20,   848.44,   100.21
  230.70,   849.59,   225.20
  229.21,   850.75,   350.18
  350.60,   595.27,   103.97
  349.11,   596.43,   228.95
  347.62,   597.59,   353.94
  353.87,   720.23,   102.85
  352.38,   721.38,   227.83
  350.89,   722.54,   352.82
  357.14,   845.18,   101.73
  355.65,   846.34,   226.72
  354.16,   847.49,   351.70
  100.01,   600.78,   226.36
   98.96,   597.48,   351.31
   97.91,   594.19,   476.26
  101.59,   725.73,   229.67
  100.54,   722.43,   354.62
   99.49,   719.13,   479.57
  103.17,   850.67,   232.98
  102.12,   847.38,   357.93
  101.07,   844.08,   482.88
  224.99,   599.17,   227.36
  223.94,   595.88,   352.32
  222.90,   592.58,   477.27
  226.57,   724.12,   230.67
  225.52,   720.82,   355.63
  224.48,   717.53,   480.58
  228.15,   849.07,   233.98
  227.10,   845.77,   358.94
  226.06,   842.47,   483.89
  349.98,   597.57,   228.37
  348.93,   594.27,   353.32
  347.88,   590.97,   478.28
  351.56,   722.51,   231.68
  350.51,   719.22,   356.63
  349.46,   715.92,   481.59
  353.14,   847.46,   234.99
  352.09,   844.16,   359.94
  351.04,   840.86,   484.89
  100.94,   601.77,   349.97
  101.12,   599.97,   474.96
  101.30,   598.17,   599.95
   98.81,   726.74,   351.78
   98.98,   724.94,   476.77
   99.16,   723.13,   601.75
   96.67,   851.71,   353.58
   96.85,   849.91,   478.57
   97.02,   848.10,   603.56
  225.92,   603.91,   349.83
  226.10,   602.11,   474.81
  226.28,   600.30,   599.80
  223.79,   728.88,   351.63
  223.96,   727.08,   476.62
  224.14,   725.27,   601.61
  221.65,   853.85,   353.44
  221.83,   852.04,   478.42
  222.00,   850.24,   603.41
  350.91,   606.05,   349.68
  351.08,   604.25,   474.67
  351.26,   602.44,   599.65
  348.77,   731.02,   351.49
  348.95,   729.21,   476.47
  349.12,   727.41,   601.46
  346.63,   855.99,   353.29
  346.81,   854.18,   478.28
  346.99,   852.38,   603.26
   98.91,   598.55,   474.36
  100.38,   599.83,   599.35
  101.85,   601.12,   724.33
  102.23,   723.49,   473.04
  103.70,   724.78,   598.02
  105.18,   726.07,   723.01
  105.56,   848.44,   471.71
  107.03,   849.73,   596.70
  108.50,   851.01,   721.68
  223.86,   595.21,   472.92
  225.33,   596.49,   597.91
  226.80,   597.78,   722.89
  227.18,   720.16,   471.60
  228.65,   721.44,   596.58
  230.12,   722.73,   721.57
  230.50,   845.11,   470.27
  231.98,   846.39,   595.26
  233.45,   847.68,   720.24
  348.80,   591.87,   471.48
  350.28,   593.15,   596.47
  351.75,   594.44,   721.45
  352.13,   716.82,   470.16
  353.60,   718.10,   595.15
  355.07,   719.39,   720.13
  355.45,   841.77,   468.84
  356.92,   843.05,   593.82
  358.39,   844.34,   718.81
  100.77,   600.03,   601.60
  102.34,   603.33,   726.55
  103.90,   606.63,   851.50
  104.17,   724.94,   598.26
  105.73,   728.24,   723.21
  107.30,   731.54,   848.16
  107.57,   849.85,   594.92
  109.13,   853.15,   719.87
  110.70,   856.45,   844.81
  225.72,   596.59,   600.13
  227.28,   599.89,   725.08
  228.85,   603.19,   850.02
  229.11,   721.50,   596.79
  230.68,   724.80,   721.73
  232.24,   728.10,   846.68
  232.51,   846.41,   593.45
  234.07,   849.71,   718.39
  235.64,   853.01,   843.34
  350.66,   593.16,   598.66
  352.22,   596.46,   723.60
  353.79,   599.76,   848.55
  354.06,   718.06,   595.31
  355.62,   721.36,   720.26
  357.19,   724.67,   845.21
  357.45,   842.97,   591.97
  359.02,   846.27,   716.92
  360.58,   849.57,   841.86
  225.73,    99.24,   101.42
  224.66,    99.48,   226.42
  223.60,    99.71,   351.41
  225.25,   224.24,   101.18
  224.19,   224.48,   226.18
  223.12,   224.71,   351.17
  224.78,   349.24,   100.95
  223.71,   349.48,   225.94
  222.64,   349.71,   350.94
  350.72,    99.72,   102.49
  349.66,    99.96,   227.48
  348.59,   100.19,   352.48
  350.25,   224.72,   102.25
  349.18,   224.96,   227.24
  348.12,   225.19,   352.24
  349.77,   349.72,   102.01
  348.70,   349.95,   227.01
  347.64,   350.19,   352.00
  475.72,   100.20,   103.55
  474.65,   100.44,   228.55
  473.59,   100.67,   353.54
  475.24,   225.20,   103.31
  474.18,   225.43,   228.31
  473.11,   225.67,   353.30
  474.77,   350.20,   103.08
  473.70,   350.43,   228.07
  472.63,   350.67,   353.07
  226.93,   100.93,   224.74
  229.62,    97.96,   349.67
  232.31,    94.99,   474.61
  224.68,   225.88,   227.75
  227.37,   222.91,   352.69
  230.06,   219.94,   477.62
  222.43,   350.82,   230.77
  225.12,   347.85,   355.71
  227.81,   344.88,   480.64
  351.88,   103.25,   222.10
  354.57,   100.28,   347.04
  357.26,    97.31,   471.98
  349.64,   228.19,   225.12
  352.32,   225.22,   350.06
  355.01,   222.25,   474.99
  347.39,   353.13,   228.14
  350.07,   350.16,   353.08
  352.76,   347.19,   478.01
  476.84,   105.56,   219.47
  479.52,   102.59,   344.41
  482.21,    99.62,   469.34
  474.59,   230.50,   222.49
  477.27,   227.53,   347.43
  479.96,   224.56,   472.36
  472.34,   355.45,   225.51
  475.02,   352.48,   350.44
  477.71,   349.51,   475.38
  225.57,   100.57,   349.38
  223.62,   102.35,   474.36
  221.67,   104.12,   599.33
  224.51,   225.56,   347.60
  222.56,   227.33,   472.57
  220.61,   229.10,   597.54
  223.45,   350.54,   345.81
  221.50,   352.31,   470.78
  219.55,   354.08,   595.75
  350.55,   101.66,   351.32
  348.60,   103.43,   476.29
  346.65,   105.21,   601.27
  349.49,   226.64,   349.53
  347.54,   228.42,   474.50
  345.59,   230.19,   599.48
  348.43,   351.63,   347.74
  346.48,   353.40,   472.72
  344.53,   355.17,   597.69
  475.53,   102.75,   353.26
  473.58,   104.52,   478.23
  471.63,   106.30,   603.20
  474.47,   227.73,   351.47
  472.52,   229.51,   476.44
  470.57,   231.28,   601.41
  473.41,   352.72,   349.68
  471.46,   354.49,   474.65
  469.51,   356.26,   599.63
  225.27,    99.53,   476.83
  223.31,   100.12,   601.82
  221.35,   100.70,   726.80
  228.72,   224.48,   476.30
  226.76,   225.07,   601.28
  224.80,   225.65,   726.27
  232.18,   349.43,   475.77
  230.22,   350.02,   600.75
  228.26,   350.60,   725.73
  350.21,    96.08,   478.81
  348.24,    96.67,   603.79
  346.28,    97.26,   728.77
  353.66,   221.03,   478.28
  351.70,   221.62,   603.26
  349.74,   222.21,   728.24
  357.12,   345.98,   477.74
  355.15,   346.57,   602.73
  353.19,   347.16,   727.71
  475.14,    92.64,   480.78
  473.18,    93.22,   605.77
  471.22,    93.81,   730.75
  478.60,   217.59,   480.25
  476.64,   218.17,   605.24
  474.68,   218.76,   730.22
  482.05,   342.54,   479.72
  480.09,   343.13,   604.70
  478.13,   343.71,   729.69
  226.32,   101.49,   599.60
  229.01,   104.38,   724.54
  231.70,   107.27,   849.48
  226.47,   226.45,   596.71
  229.17,   229.35,   721.64
  231.86,   232.24,   846.58
  226.63,   351.42,   593.81
  229.32,   354.31,   718.75
  232.01,   357.21,   843.68
  351.29,   101.27,   596.92
  353.98,   104.16,   721.85
  356.67,   107.05,   846.79
  351.44,   226.23,   594.02
  354.14,   229.13,   718.96
  356.83,   232.02,   843.89
  351.60,   351.20,   591.12
  354.29,   354.09,   716.06
  356.99,   356.99,   841.00
  476.26,   101.05,   594.23
  478.95,   103.94,   719.16
  481.64,   106.84,   844.10
  476.42,   226.02,   591.33
  479.11,   228.91,   716.27
  481.80,   231.80,   841.21
  476.57,   350.98,   588.43
  479.26,   353.88,   713.37
  481.96,   356.77,   838.31
  223.33,   224.02,    98.53
  221.64,   221.98,   223.50
  219.95,   219.94,   348.47
  226.77,   348.96,   100.62
  225.08,   346.92,   225.59
  223.39,   344.88,   350.56
  230.21,   473.90,   102.70
  228.52,   471.85,   227.68
  226.83,   469.81,   352.65
  348.27,   220.56,   100.17
  346.58,   218.52,   225.14
  344.89,   216.47,   350.11
  351.71,   345.49,   102.25
  350.02,   343.45,   227.22
  348.33,   341.41,   352.20
  355.15,   470.43,   104.34
  353.46,   468.39,   229.31
  351.77,   466.35,   354.28
  473.21,   217.09,   101.80
  471.52,   215.05,   226.77
  469.83,   213.01,   351.74
  476.65,   342.02,   103.89
  474.96,   339.98,   228.86
  473.27,   337.94,   353.83
  480.09,   466.96,   105.97
  478.40,   464.92,   230.94
  476.71,   462.88,   355.92
  225.32,   224.12,   224.73
  228.97,   222.56,   349.67
  232.62,   220.99,   474.61
  222.85,   349.08,   226.37
  226.50,   347.52,   351.30
  230.15,   345.96,   476.24
  220.38,   474.05,   228.00
  224.03,   472.49,   352.94
  227.68,   470.92,   477.88
  350.24,   226.63,   221.12
  353.89,   225.07,   346.05
  357.54,   223.51,   470.99
  347.77,   351.60,   222.75
  351.42,   350.03,   347.69
  355.07,   348.47,   472.62
  345.30,   476.56,   224.38
  348.95,   475.00,   349.32
  352.60,   473.44,   474.26
  475.16,   229.15,   217.50
  478.81,   227.58,   342.43
  482.46,   226.02,   467.37
  472.69,   354.11,   219.13
  476.34,   352.55,   344.07
  479.99,   350.99,   469.00
  470.23,   479.08,   220.76
  473.88,   477.51,   345.70
  477.53,   475.95,   470.64
  224.27,   225.44,   350.68
  221.71,   225.04,   475.65
  219.15,   224.63,   600.63
  225.42,   350.43,   351.11
  222.86,   350.03,   476.08
  220.30,   349.63,   601.05
  226.58,   475.43,   351.53
  224.02,   475.02,   476.51
  221.46,   474.62,   601.48
  349.24,   224.28,   353.24
  346.68,   223.87,   478.21
  344.12,   223.47,   603.18
  350.39,   349.27,   353.66
  347.83,   348.87,   478.64
  345.27,   348.46,   603.61
  351.55,   474.26,   354.09
  348.99,   473.86,   479.06
  346.43,   473.46,   604.04
  474.21,   223.11,   355.79
  471.64,   222.71,   480.77
  469.08,   222.31,   605.74
  475.36,   348.11,   356.22
  472.80,   347.70,   481.19
  470.24,   347.30,   606.17
  476.52,   473.10,   356.65
  473.95,   472.70,   481.62
  471.39,   472.29,   606.59
  224.28,   224.14,   475.56
  220.73,   225.81,   600.50
  217.18,   227.48,   725.44
  221.39,   349.10,   473.82
  217.84,   350.77,   598.75
  214.29,   352.43,   723.69
  218.50,   474.05,   472.07
  214.95,   475.72,   597.01
  211.40,   477.39,   721.94
  349.20,   227.08,   479.07
  345.65,   228.75,   604.01
  342.10,   230.42,   728.95
  346.31,   352.04,   477.33
  342.76,   353.70,   602.26
  339.21,   355.37,   727.20
  343.42,   476.99,   475.58
  339.87,   478.66,   600.52
  336.32,   480.32,   725.45
  474.11,   230.02,   482.58
  470.56,   231.69,   607.52
  467.01,   233.35,   732.46
  471.22,   354.98,   480.84
  467.67,   356.64,   605.77
  464.12,   358.31,   730.71
  468.33,   479.93,   479.09
  464.78,   481.60,   604.03
  461.23,   483.26,   728.96
  226.02,   224.11,   598.56
  222.37,   223.44,   723.51
  218.72,   222.76,   848.45
  227.88,   349.10,   599.30
  224.23,   348.42,   724.24
  220.58,   347.74,   849.19
  229.74,   474.08,   600.03
  226.09,   473.41,   724.97
  222.44,   472.73,   849.92
  350.95,   222.23,   602.20
  347.30,   221.55,   727.15
  343.65,   220.88,   852.09
  352.81,   347.22,   602.94
  349.16,   346.54,   727.88
  345.51,   345.86,   852.83
  354.68,   472.20,   603.67
  351.03,   471.52,   728.61
  347.38,   470.84,   853.56
  475.88,   220.35,   605.84
  472.23,   219.67,   730.79
  468.58,   218.99,   855.73
  477.75,   345.33,   606.57
  474.10,   344.66,   731.52
  470.45,   343.98,   856.46
  479.61,   470.32,   607.31
  475.96,   469.64,   732.25
  472.31,   468.96,   857.20
  224.25,   351.80,    99.68
  220.79,   351.54,   224.63
  217.33,   351.27,   349.59
  226.82,   476.77,   100.02
  223.36,   476.51,   224.97
  219.90,   476.25,   349.92
  229.39,   601.75,   100.35
  225.93,   601.48,   225.30
  222.47,   601.22,   350.26
  349.18,   349.22,   103.14
  345.72,   348.96,   228.09
  342.26,   348.70,   353.04
  351.75,   474.20,   103.47
  348.29,   473.93,   228.42
  344.82,   473.67,   353.38
  354.32,   599.17,   103.81
  350.86,   598.91,   228.76
  347.39,   598.64,   353.71
  474.11,   346.65,   106.59
  470.64,   346.38,   231.55
  467.18,   346.12,   356.50
  476.67,   471.62,   106.93
  473.21,   471.36,   231.88
  469.75,   471.09,   356.83
  479.24,   596.59,   107.26
  475.78,   596.33,   232.21
  472.32,   596.07,   357.17
  224.71,   351.94,   224.36
  224.24,   354.81,   349.33
  223.77,   357.67,   474.30
  226.20,   476.90,   221.50
  225.73,   479.76,   346.47
  225.26,   482.63,   471.43
  227.69,   601.85,   218.64
  227.22,   604.72,   343.61
  226.75,   607.59,   468.57
  349.70,   350.46,   224.87
  349.23,   353.33,   349.83
  348.76,   356.20,   474.80
  351.19,   475.42,   222.01
  350.72,   478.29,   346.97
  350.25,   481.15,   471.94
  352.68,   600.38,   219.14
  352.21,   603.25,   344.11
  351.74,   606.11,   469.08
  474.69,   348.98,   225.37
  474.22,   351.85,   350.34
  473.75,   354.72,   475.30
  476.18,   473.94,   222.51
  475.71,   476.81,   347.48
  475.24,   479.68,   472.44
  477.67,   598.90,   219.65
  477.20,   601.77,   344.61
  476.73,   604.64,   469.58
  223.06,   349.74,   351.74
  223.11,   351.02,   476.73
  223.16,   352.31,   601.73
  225.67,   474.70,   350.45
  225.72,   475.99,   475.44
  225.77,   477.28,   600.44
  228.28,   599.67,   349.16
  228.33,   600.96,   474.16
  228.38,   602.24,   599.15
  348.03,   347.13,   351.71
  348.08,   348.41,   476.71
  348.14,   349.70,   601.70
  350.64,   472.09,   350.43
  350.69,   473.38,   475.42
  350.74,   474.67,   600.41
  353.25,   597.06,   349.14
  353.30,   598.35,   474.13
  353.35,   599.63,   599.12
  473.00,   344.52,   351.69
  473.06,   345.80,   476.68
  473.11,   347.09,   601.68
  475.61,   469.48,   350.40
  475.67,   470.77,   475.39
  475.72,   472.06,   600.39
  478.22,   594.45,   349.11
  478.28,   595.74,   474.11
  478.33,   597.02,   599.10
  226.48,   351.74,   474.76
  226.77,   355.22,   599.71
  227.06,   358.69,   724.66
  229.22,   476.66,   471.28
  229.50,   480.14,   596.23
  229.79,   483.62,   721.18
  231.95,   601.58,   467.80
  232.24,   605.06,   592.75
  232.52,   608.54,   717.70
  351.45,   349.00,   474.55
  351.74,   352.48,   599.50
  352.03,   355.95,   724.45
  354.19,   473.92,   471.07
  354.47,   477.40,   596.02
  354.76,   480.88,   720.97
  356.92,   598.84,   467.59
  357.21,   602.32,   592.54
  357.49,   605.80,   717.49
  476.42,   346.26,   474.34
  476.71,   349.74,   599.29
  477.00,   353.21,   724.24
  479.15,   471.18,   470.86
  479.44,   474.66,   595.81
  479.73,   478.14,   720.76
  481.89,   596.10,   467.37
  482.18,   599.58,   592.32
  482.46,   603.06,   717.28
  225.17,   348.09,   600.78
  224.12,   347.04,   725.77
  223.06,   346.00,   850.77
  226.50,   473.08,   601.84
  225.45,   472.03,   726.83
  224.39,   470.99,   851.82
  227.83,   598.06,   602.89
  226.78,   597.02,   727.88
  225.72,   595.98,   852.87
  350.16,   346.75,   601.83
  349.10,   345.70,   726.82
  348.05,   344.66,   851.81
  351.49,   471.74,   602.88
  350.44,   470.69,   727.87
  349.38,   469.65,   852.86
  352.82,   596.72,   603.94
  351.77,   595.68,   728.93
  350.71,   594.64,   853.92
  475.15,   345.41,   602.87
  474.09,   344.36,   727.86
  473.04,   343.32,   852.85
  476.48,   470.40,   603.92
  475.42,   469.35,   728.92
  474.37,   468.31,   853.91
  477.81,   595.38,   604.98
  476.75,   594.34,   729.97
  475.70,   593.30,   854.96
  226.87,   475.40,   101.85
  230.53,   474.53,   226.79
  234.19,   473.65,   351.74
  229.50,   600.37,   102.65
  233.16,   599.50,   227.59
  236.81,   598.62,   352.53
  232.13,   725.34,   103.44
  235.78,   724.47,   228.39
  239.44,   723.59,   353.33
  351.79,   472.80,    98.18
  355.45,   471.92,   223.12
  359.11,   471.05,   348.06
  354.42,   597.77,    98.97
  358.07,   596.89,   223.92
  361.73,   596.02,   348.86
  357.04,   722.74,    99.77
  360.70,   721.86,   224.71
  364.36,   720.99,   349.65
  476.71,   470.20,    94.50
  480.37,   469.32,   219.45
  484.02,   468.45,   344.39
  479.34,   595.17,    95.30
  482.99,   594.29,   220.24
  486.65,   593.42,   345.19
  481.96,   720.13,    96.09
  485.62,   719.26,   221.04
  489.28,   718.39,   345.98
  226.18,   475.26,   224.85
  222.55,   477.62,   349.77
  218.92,   479.98,   474.70
  229.53,   600.19,   222.58
  225.90,   602.55,   347.51
  222.27,   604.92,   472.43
  232.88,   725.12,   220.31
  229.25,   727.49,   345.24
  225.62,   729.85,   470.16
  351.08,   471.97,   228.54
  347.45,   474.33,   353.47
  343.82,   476.70,   478.39
  354.43,   596.90,   226.27
  350.80,   599.27,   351.20
  347.17,   601.63,   476.12
  357.79,   721.84,   224.01
  354.15,   724.20,   348.93
  350.52,   726.57,   473.86
  475.98,   468.69,   232.23
  472.35,   471.05,   357.16
  468.72,   473.41,   482.08
  479.34,   593.62,   229.97
  475.70,   595.98,   354.89
  472.07,   598.35,   479.82
  482.69,   718.55,   227.70
  479.06,   720.92,   352.62
  475.43,   723.28,   477.55
  226.20,   475.87,   350.27
  227.48,   476.73,   475.26
  228.75,   477.59,   600.25
  226.33,   600.87,   349.41
  227.61,   601.73,   474.40
  228.88,   602.58,   599.39
  226.47,   725.87,   348.55
  227.74,   726.72,   473.54
  229.02,   727.58,   598.53
  351.19,   475.73,   349.00
  352.47,   476.59,   473.99
  353.74,   477.45,   598.98
  351.33,   600.73,   348.14
  352.60,   601.58,   473.13
  353.88,   602.44,   598.12
  351.46,   725.72,   347.28
  352.74,   726.58,   472.27
  354.01,   727.44,   597.26
  476.19,   475.59,   347.72
  477.46,   476.45,   472.71
  478.74,   477.30,   597.70
  476.32,   600.58,   346.86
  477.60,   601.44,   471.85
  478.87,   602.30,   596.84
  476.45,   725.58,   346.00
  477.73,   726.44,   470.99
  479.00,   727.30,   595.98
  223.96,   475.70,   476.40
  221.29,   474.47,   601.37
  218.63,   473.24,   726.33
  225.81,   600.68,   477.67
  223.15,   599.45,   602.64
  220.48,   598.22,   727.60
  227.67,   725.66,   478.94
  225.00,   724.43,   603.91
  222.34,   723.20,   728.87
  348.92,   473.82,   479.05
  346.25,   472.59,   604.01
  343.59,   471.35,   728.98
  350.77,   598.80,   480.32
  348.11,   597.57,   605.28
  345.44,   596.33,   730.25
  352.63,   723.78,   481.59
  349.96,   722.54,   606.55
  347.30,   721.31,   731.52
  473.87,   471.93,   481.69
  471.21,   470.70,   606.66
  468.54,   469.47,   731.62
  475.73,   596.91,   482.96
  473.06,   595.68,   607.93
  470.40,   594.45,   732.89
  477.58,   721.89,   484.23
  474.92,   720.66,   609.20
  472.26,   719.43,   734.16
  223.24,   475.73,   598.63
  223.65,   477.96,   723.61
  224.07,   480.19,   848.59
  226.50,   600.66,   596.39
  226.91,   602.89,   721.37
  227.33,   605.12,   846.35
  229.76,   725.60,   594.15
  230.17,   727.83,   719.13
  230.58,   730.06,   844.11
  348.20,   472.46,   598.27
  348.61,   474.69,   723.25
  349.02,   476.92,   848.23
  351.45,   597.40,   596.03
  351.87,   599.63,   721.01
  352.28,   601.86,   845.99
  354.71,   722.33,   593.79
  355.13,   724.56,   718.77
  355.54,   726.79,   843.75
  473.15,   469.19,   597.92
  473.57,   471.42,   722.90
  473.98,   473.65,   847.88
  476.41,   594.13,   595.68
  476.83,   596.36,   720.66
  477.24,   598.59,   845.64
  479.67,   719.07,   593.44
  480.08,   721.30,   718.42
  480.50,   723.53,   843.40
  223.27,   598.51,   101.95
  219.83,   599.31,   226.90
  216.40,   600.12,   351.85
  223.54,   723.51,   101.15
  220.10,   724.31,   226.11
  216.67,   725.12,   351.06
  223.81,   848.50,   100.36
  220.37,   849.31,   225.31
  216.94,   850.11,   350.26
  348.22,   598.26,   105.39
  344.79,   599.07,   230.34
  341.35,   599.87,   355.29
  348.49,   723.26,   104.59
  345.06,   724.06,   229.54
  341.62,   724.87,   354.49
  348.76,   848.26,   103.80
  345.33,   849.06,   228.75
  341.89,   849.86,   353.70
  473.17,   598.01,   108.83
  469.74,   598.82,   233.78
  466.30,   599.62,   358.73
  473.44,   723.01,   108.03
  470.01,   723.81,   232.98
  466.57,   724.62,   357.93
  473.72,   848.01,   107.23
  470.28,   848.81,   232.18
  466.84,   849.62,   357.13
  224.13,   599.08,   226.42
  223.81,   598.66,   351.42
  223.49,   598.25,   476.42
  223.07,   724.07,   226.83
  222.75,   723.66,   351.83
  222.44,   723.24,   476.83
  222.02,   849.07,   227.24
  221.70,   848.65,   352.24
  221.38,   848.24,   477.24
  349.12,   600.13,   226.74
  348.80,   599.72,   351.74
  348.49,   599.30,   476.74
  348.07,   725.13,   227.15
  347.75,   724.71,   352.15
  347.43,   724.30,   477.15
  347.01,   850.12,   227.56
  346.69,   849.71,   352.56
  346.38,   849.29,   477.56
  474.12,   601.18,   227.06
  473.80,   600.77,   352.06
  473.48,   600.36,   477.06
  473.06,   726.18,   227.47
  472.74,   725.77,   352.47
  472.43,   725.35,   477.47
  472.01,   851.17,   227.88
  471.69,   850.76,   352.88
  471.37,   850.35,   477.88
  226.67,   600.93,   347.99
  229.24,   598.14,   472.94
  231.81,   595.34,   597.88
  230.10,   725.86,   350.72
  232.67,   723.06,   475.66
  235.24,   720.27,   600.60
  233.54,   850.78,   353.44
  236.10,   847.98,   478.38
  238.67,   845.19,   603.33
  351.60,   597.56,   345.35
  354.17,   594.76,   470.29
  356.73,   591.97,   595.23
  355.03,   722.48,   348.07
  357.60,   719.69,   473.02
  360.17,   716.89,   597.96
  358.46,   847.41,   350.80
  361.03,   844.61,   475.74
  363.60,   841.82,   600.68
  476.53,   594.18,   342.71
  479.09,   591.39,   467.65
  481.66,   588.59,   592.59
  479.96,   719.11,   345.43
  482.52,   716.31,   470.37
  485.09,   713.52,   595.32
  483.39,   844.03,   348.16
  485.96,   841.24,   473.10
  488.52,   838.44,   598.04
  223.75,   601.19,   476.25
  222.72,   600.80,   601.25
  221.69,   600.42,   726.24
  227.19,   726.14,   476.67
  226.16,   725.76,   601.66
  225.13,   725.37,   726.66
  230.64,   851.09,   477.08
  229.61,   850.71,   602.08
  228.58,   850.32,   727.07
  348.69,   597.74,   477.27
  347.66,   597.35,   602.27
  346.63,   596.97,   727.26
  352.14,   722.69,   477.69
  351.11,   722.30,   602.68
  350.08,   721.92,   727.68
  355.59,   847.64,   478.10
  354.56,   847.26,   603.10
  353.53,   846.87,   728.09
  473.64,   594.29,   478.29
  472.61,   593.90,   603.29
  471.58,   593.52,   728.28
  477.09,   719.24,   478.71
  476.06,   718.85,   603.70
  475.03,   718.47,   728.70
  480.54,   844.19,   479.12
  479.51,   843.81,   604.12
  478.48,   843.42,   729.11
  225.96,   601.60,   600.01
  223.19,   603.87,   724.96
  220.43,   606.14,   849.91
  226.08,   726.58,   597.75
  223.31,   728.85,   722.69
  220.54,   731.12,   847.64
  226.19,   851.56,   595.48
  223.42,   853.83,   720.43
  220.66,   856.10,   845.38
  350.93,   601.54,   602.78
  348.16,   603.81,   727.73
  345.40,   606.07,   852.68
  351.05,   726.52,   600.51
  348.28,   728.79,   725.46
  345.51,   731.05,   850.41
  351.16,   851.50,   598.25
  348.39,   853.77,   723.20
  345.63,   856.03,   848.15
  475.90,   601.47,   605.55
  473.13,   603.74,   730.50
  470.36,   606.01,   855.45
  476.01,   726.45,   603.28
  473.25,   728.72,   728.23
  470.48,   730.99,   853.18
  476.13,   851.43,   601.02
  473.36,   853.70,   725.97
  470.60,   855.97,   850.92
  349.77,   101.54,    98.24
  346.81,   104.46,   223.17
  343.84,   107.39,   348.10
  346.53,   226.46,    95.24
  343.56,   229.39,   220.17
  340.60,   232.31,   345.10
  343.29,   351.38,    92.23
  340.32,   354.31,   217.16
  337.36,   357.23,   342.09
  474.70,   104.85,   101.13
  471.73,   107.78,   226.06
  468.76,   110.70,   350.99
  471.45,   229.77,    98.13
  468.49,   232.70,   223.06
  465.52,   235.62,   347.99
  468.21,   354.69,    95.12
  465.25,   357.62,   220.05
  462.28,   360.55,   344.98
  599.62,   108.16,   104.02
  596.65,   111.09,   228.95
  593.68,   114.01,   353.88
  596.38,   233.08,   101.02
  593.41,   236.01,   225.95
  590.44,   238.93,   350.88
  593.14,   358.00,    98.01
  590.17,   360.93,   222.94
  587.20,   363.86,   347.87
  348.06,    99.41,   224.41
  348.95,    97.10,   349.38
  349.83,    94.80,   474.36
  346.72,   224.38,   226.72
  347.60,   222.08,   351.70
  348.49,   219.77,   476.67
  345.37,   349.35,   229.04
  346.26,   347.05,   354.01
  347.14,   344.74,   478.99
  473.05,   100.77,   223.54
  473.94,    98.47,   348.52
  474.82,    96.16,   473.50
  471.71,   225.74,   225.86
  472.59,   223.44,   350.84
  473.48,   221.13,   475.81
  470.36,   350.72,   228.18
  471.24,   348.41,   353.15
  472.13,   346.10,   478.13
  598.04,   102.14,   222.68
  598.93,    99.83,   347.66
  599.81,    97.52,   472.64
  596.70,   227.11,   225.00
  597.58,   224.80,   349.98
  598.47,   222.49,   474.95
  595.35,   352.08,   227.32
  596.23,   349.77,   352.29
  597.12,   347.47,   477.27
  351.00,    98.30,   351.67
  353.26,    98.51,   476.65
  355.51,    98.71,   601.63
  354.46,   223.26,   351.40
  356.72,   223.46,   476.38
  358.97,   223.67,   601.36
  357.92,   348.21,   351.13
  360.18,   348.41,   476.11
  362.43,   348.62,   601.09
  475.94,    94.84,   349.42
  478.19,    95.04,   474.40
  480.44,    95.25,   599.38
  479.40,   219.79,   349.15
  481.65,   220.00,   474.13
  483.90,   220.20,   599.11
  482.86,   344.74,   348.89
  485.11,   344.95,   473.86
  487.37,   345.15,   598.84
  600.87,    91.38,   347.17
  603.12,    91.58,   472.15
  605.38,    91.78,   597.13
  604.33,   216.33,   346.90
  606.58,   216.53,   471.88
  608.84,   216.74,   596.86
  607.79,   341.28,   346.64
  610.04,   341.48,   471.62
  612.30,   341.69,   596.60
  349.01,    99.32,   476.34
  348.45,   102.70,   601.30
  347.89,   106.07,   726.25
  351.73,   224.25,   472.98
  351.17,   227.62,   597.93
  350.61,   231.00,   722.89
  354.45,   349.17,   469.62
  353.89,   352.55,   594.57
  353.33,   355.92,   719.52
  473.98,    96.62,   476.98
  473.42,    99.99,   601.93
  472.86,   103.37,   726.88
  476.70,   221.54,   473.62
  476.14,   224.92,   598.57
  475.58,   228.30,   723.52
  479.42,   346.47,   470.25
  478.86,   349.85,   595.20
  478.30,   353.22,   720.16
  598.95,    93.92,   477.61
  598.39,    97.29,   602.57
  597.83,   100.67,   727.52
  601.67,   218.84,   474.25
  601.11,   222.22,   599.20
  600.55,   225.59,   724.16
  604.39,   343.77,   470.89
  603.83,   347.14,   595.84
  603.27,   350.52,   720.79
  350.51,   101.23,   600.73
  351.47,   100.21,   725.73
  352.44,    99.19,   850.72
  352.01,   226.22,   601.74
  352.97,   225.20,   726.74
  353.94,   224.18,   851.73
  353.51,   351.21,   602.75
  354.47,   350.19,   727.74
  355.44,   349.17,   852.74
  475.49,    99.74,   599.76
  476.46,    98.72,   724.75
  477.42,    97.70,   849.74
  476.99,   224.73,   600.77
  477.96,   223.71,   725.76
  478.92,   222.69,   850.75
  478.49,   349.71,   601.78
  479.46,   348.69,   726.77
  480.42,   347.67,   851.76
  600.48,    98.25,   598.78
  601.45,    97.23,   723.77
  602.41,    96.21,   848.76
  601.98,   223.24,   599.79
  602.95,   222.21,   724.78
  603.91,   221.19,   849.77
  603.48,   348.22,   600.80
  604.45,   347.20,   725.79
  605.41,   346.18,   850.78
  349.38,   225.87,   101.16
  346.29,   222.22,   226.07
  343.20,   218.56,   350.97
  352.29,   350.78,   104.89
  349.20,   347.13,   229.80
  346.10,   343.47,   354.70
  355.20,   475.69,   108.62
  352.11,   472.04,   233.52
  349.01,   468.38,   358.43
  474.31,   222.87,   104.16
  471.21,   219.22,   229.07
  468.12,   215.56,   353.98
  477.22,   347.78,   107.89
  474.12,   344.13,   232.80
  471.03,   340.47,   357.71
  480.12,   472.69,   111.62
  477.03,   469.04,   236.53
  473.94,   465.38,   361.44
  599.23,   219.87,   107.17
  596.14,   216.22,   232.08
  593.05,   212.56,   356.98
  602.14,   344.78,   110.90
  599.05,   341.13,   235.80
  595.96,   337.47,   360.71
  605.05,   469.69,   114.62
  601.96,   466.04,   239.53
  598.87,   462.38,   364.44
  349.09,   226.40,   223.55
  348.75,   227.45,   348.54
  348.41,   228.49,   473.54
  347.88,   351.39,   222.50
  347.54,   352.44,   347.49
  347.20,   353.48,   472.49
  346.67,   476.38,   221.45
  346.33,   477.43,   346.45
  345.99,   478.47,   471.44
  474.08,   227.61,   223.88
  473.74,   228.66,   348.87
  473.40,   229.70,   473.87
  472.87,   352.60,   222.83
  472.53,   353.65,   347.82
  472.19,   354.69,   472.82
  471.66,   477.59,   221.78
  471.32,   478.64,   346.77
  470.98,   479.68,   471.77
  599.08,   228.83,   224.21
  598.74,   229.87,   349.20
  598.40,   230.92,   474.20
  597.87,   353.82,   223.16
  597.53,   354.86,   348.15
  597.19,   355.91,   473.15
  596.66,   478.81,   222.11
  596.32,   479.85,   347.10
  595.98,   480.90,   472.10
  348.52,   223.55,   351.47
  348.34,   225.39,   476.46
  348.17,   227.24,   601.44
  351.52,   348.50,   349.63
  351.35,   350.34,   474.62
  351.17,   352.19,   599.60
  354.53,   473.45,   347.79
  354.35,   475.29,   472.77
  354.17,   477.14,   597.76
  473.49,   220.55,   351.69
  473.31,   222.39,   476.68
  473.13,   224.24,   601.66
  476.49,   345.50,   349.85
  476.31,   347.34,   474.84
  476.13,   349.19,   599.82
  479.49,   470.45,   348.01
  479.31,   472.29,   473.00
  479.13,   474.14,   597.98
  598.45,   217.55,   351.91
  598.27,   219.39,   476.90
  598.09,   221.24,   601.88
  601.45,   342.50,   350.07
  601.27,   344.34,   475.06
  601.10,   346.19,   600.04
  604.45,   467.45,   348.23
  604.28,   469.29,   473.22
  604.10,   471.14,   598.20
  351.60,   226.04,   475.99
  353.22,   228.20,   600.96
  354.83,   230.36,   725.93
  350.50,   351.01,   473.84
  352.11,   353.17,   598.81
  353.73,   355.33,   723.78
  349.39,   475.99,   471.70
  351.01,   478.15,   596.67
  352.63,   480.31,   721.64
  476.59,   227.11,   474.35
  478.20,   229.27,   599.32
  479.82,   231.43,   724.30
  475.48,   352.09,   472.21
  477.10,   354.25,   597.18
  478.72,   356.41,   722.15
  474.38,   477.07,   470.06
  476.00,   479.23,   595.03
  477.61,   481.39,   720.00
  601.57,   228.19,   472.72
  603.19,   230.35,   597.69
  604.80,   232.51,   722.66
  600.47,   353.17,   470.57
  602.08,   355.33,   595.54
  603.70,   357.49,   720.51
  599.36,   478.14,   468.43
  600.98,   480.30,   593.40
  602.60,   482.46,   718.37
  351.96,   225.38,   599.22
  351.92,   223.30,   724.20
  351.89,   221.23,   849.18
  350.14,   350.35,   601.29
  350.10,   348.27,   726.27
  350.07,   346.20,   851.26
  348.32,   475.32,   603.37
  348.28,   473.24,   728.35
  348.24,   471.17,   853.33
  476.95,   227.20,   599.29
  476.91,   225.12,   724.27
  476.87,   223.05,   849.25
  475.13,   352.17,   601.36
  475.09,   350.09,   726.34
  475.05,   348.02,   851.32
  473.31,   477.14,   603.43
  473.27,   475.06,   728.42
  473.23,   472.99,   853.40
  601.94,   229.02,   599.35
  601.90,   226.95,   724.34
  601.86,   224.87,   849.32
  600.11,   353.99,   601.43
  600.08,   351.91,   726.41
  600.04,   349.84,   851.39
  598.29,   478.96,   603.50
  598.26,   476.88,   728.48
  598.22,   474.81,   853.47
  351.36,   351.33,    98.53
  352.31,   350.68,   223.52
  353.26,   350.04,   348.52
  350.03,   476.32,    99.19
  350.98,   475.68,   224.18
  351.93,   475.03,   349.18
  348.70,   601.31,    99.84
  349.65,   600.67,   224.84
  350.60,   600.02,   349.83
  476.35,   352.67,    97.58
  477.30,   352.02,   222.58
  478.25,   351.37,   347.57
  475.02,   477.66,    98.24
  475.97,   477.01,   223.24
  476.92,   476.36,   348.23
  473.69,   602.65,    98.90
  474.64,   602.00,   223.89
  475.59,   601.36,   348.89
  601.34,   354.00,    96.64
  602.29,   353.36,   221.63
  603.24,   352.71,   346.63
  600.01,   478.99,    97.30
  600.96,   478.35,   222.29
  601.91,   477.70,   347.29
  598.68,   603.99,    97.96
  599.63,   603.34,   222.95
  600.58,   602.69,   347.95
  348.77,   350.90,   226.02
  351.01,   352.07,   350.99
  353.25,   353.25,   475.97
  347.01,   475.88,   224.88
  349.26,   477.05,   349.85
  351.50,   478.23,   474.83
  345.26,   600.86,   223.73
  347.50,   602.04,   348.71
  349.75,   603.21,   473.68
  473.73,   352.63,   223.76
  475.98,   353.80,   348.73
  478.22,   354.98,   473.71
  471.98,   477.61,   222.62
  474.23,   478.79,   347.59
  476.47,   479.96,   472.57
  470.23,   602.59,   221.47
  472.47,   603.77,   346.45
  474.72,   604.94,   471.42
  598.70,   354.36,   221.50
  600.95,   355.54,   346.47
  603.19,   356.71,   471.45
  596.95,   479.34,   220.36
  599.19,   480.52,   345.33
  601.44,   481.69,   470.31
  595.20,   604.33,   219.21
  597.44,   605.50,   344.19
  599.68,   606.68,   469.16
  350.46,   351.34,   349.40
  350.43,   349.38,   474.38
  350.40,   347.42,   599.37
  346.76,   476.27,   351.36
  346.73,   474.31,   476.34
  346.70,   472.35,   601.33
  343.06,   601.20,   353.31
  343.03,   599.24,   478.30
  343.00,   597.28,   603.28
  475.41,   355.04,   349.49
  475.38,   353.08,   474.47
  475.35,   351.12,   599.46
  471.71,   479.97,   351.45
  471.68,   478.01,   476.43
  471.65,   476.05,   601.41
  468.01,   604.90,   353.40
  467.97,   602.94,   478.39
  467.94,   600.98,   603.37
  600.35,   358.74,   349.58
  600.32,   356.78,   474.56
  600.29,   354.82,   599.55
  596.65,   483.67,   351.53
  596.62,   481.71,   476.52
  596.59,   479.75,   601.50
  592.95,   608.60,   353.49
  592.92,   606.64,   478.48
  592.89,   604.68,   603.46
  348.75,   349.99,   475.72
  347.11,   349.42,   600.70
  345.47,   348.85,   725.69
  351.83,   474.96,   476.33
  350.19,   474.38,   601.32
  348.55,   473.81,   726.30
  354.90,   599.92,   476.94
  353.26,   599.34,   601.93
  351.62,   598.77,   726.92
  473.70,   346.91,   477.34
  472.06,   346.34,   602.33
  470.42,   345.77,   727.32
  476.78,   471.87,   477.95
  475.14,   471.30,   602.94
  473.50,   470.73,   727.93
  479.85,   596.83,   478.57
  478.21,   596.26,   603.55
  476.57,   595.69,   728.54
  598.65,   343.83,   478.97
  597.01,   343.26,   603.95
  595.37,   342.68,   728.94
  601.73,   468.79,   479.58
  600.09,   468.22,   604.57
  598.45,   467.65,   729.55
  604.80,   593.75,   480.19
  603.16,   593.18,   605.18
  601.52,   592.61,   730.17
  351.12,   349.17,   598.20
  348.99,   351.77,   723.16
  346.87,   354.37,   848.11
  354.45,   474.10,   595.66
  352.32,   476.70,   720.61
  350.20,   479.30,   845.57
  357.78,   599.03,   593.11
  355.65,   601.63,   718.07
  353.53,   604.23,   843.02
  476.05,   345.88,   600.39
  473.93,   348.48,   725.35
  471.81,   351.08,   850.30
  479.38,   470.81,   597.85
  477.26,   473.41,   722.80
  475.14,   476.01,   847.76
  482.71,   595.74,   595.30
  480.59,   598.34,   720.26
  478.47,   600.94,   845.21
  600.99,   342.60,   602.58
  598.87,   345.20,   727.54
  596.74,   347.80,   852.49
  604.32,   467.53,   600.04
  602.20,   470.13,   724.99
  600.07,   472.73,   849.95
  607.65,   592.46,   597.50
  605.53,   595.06,   722.45
  603.40,   597.66,   847.41
  351.09,   475.27,   101.95
  348.93,   476.18,   226.92
  346.76,   477.09,   351.90
  350.19,   600.26,   101.02
  348.02,   601.17,   226.00
  345.85,   602.08,   350.98
  349.28,   725.26,   100.10
  347.12,   726.16,   225.07
  344.95,   727.07,   350.05
  476.07,   476.19,   104.11
  473.91,   477.10,   229.08
  471.74,   478.01,   354.06
  475.17,   601.18,   103.18
  473.00,   602.09,   228.16
  470.83,   603.00,   353.14
  474.26,   726.18,   102.26
  472.09,   727.09,   227.23
  469.93,   728.00,   352.21
  601.05,   477.11,   106.27
  598.88,   478.02,   231.24
  596.72,   478.93,   356.22
  600.14,   602.11,   105.34
  597.98,   603.02,   230.32
  595.81,   603.92,   355.30
  599.24,   727.10,   104.42
  597.07,   728.01,   229.39
  594.90,   728.92,   354.37
  351.28,   475.95,   224.02
  352.32,   477.10,   349.01
  353.37,   478.25,   474.00
  352.54,   600.94,   222.87
  353.59,   602.09,   347.86
  354.64,   603.23,   472.85
  353.80,   725.93,   221.71
  354.85,   727.08,   346.70
  355.90,   728.22,   471.69
  476.27,   474.68,   222.99
  477.31,   475.83,   347.98
  478.36,   476.97,   472.97
  477.53,   599.67,   221.83
  478.58,   600.81,   346.82
  479.62,   601.96,   471.81
  478.79,   724.66,   220.67
  479.84,   725.80,   345.66
  480.89,   726.95,   470.66
  601.26,   473.41,   221.95
  602.30,   474.55,   346.94
  603.35,   475.70,   471.93
  602.52,   598.40,   220.80
  603.57,   599.54,   345.79
  604.61,   600.69,   470.78
  603.78,   723.38,   219.64
  604.83,   724.53,   344.63
  605.88,   725.68,   469.62
  348.11,   473.37,   351.46
  348.63,   469.76,   476.41
  349.16,   466.15,   601.35
  351.65,   598.26,   355.05
  352.18,   594.66,   480.00
  352.70,   591.05,   604.94
  355.19,   723.16,   358.64
  355.72,   719.56,   483.59
  356.24,   715.95,   608.54
  473.06,   469.84,   350.84
  473.58,   466.23,   475.78
  474.11,   462.63,   600.73
  476.60,   594.74,   354.43
  477.12,   591.13,   479.37
  477.65,   587.53,   604.32
  480.14,   719.64,   358.02
  480.67,   716.03,   482.96
  481.19,   712.42,   607.91
  598.01,   466.32,   350.21
  598.53,   462.71,   475.16
  599.05,   459.10,   600.10
  601.55,   591.21,   353.80
  602.07,   587.61,   478.75
  602.60,   584.00,   603.69
  605.09,   716.11,   357.39
  605.61,   712.51,   482.34
  606.14,   708.90,   607.28
  350.46,   475.75,   475.81
  348.52,   473.59,   600.78
  346.57,   471.43,   725.74
  349.64,   600.73,   477.96
  347.69,   598.57,   602.92
  345.74,   596.41,   727.89
  348.81,   725.71,   480.10
  346.86,   723.55,   605.07
  344.91,   721.39,   730.03
  475.45,   476.55,   477.77
  473.50,   474.39,   602.74
  471.55,   472.23,   727.70
  474.62,   601.53,   479.92
  472.67,   599.37,   604.88
  470.72,   597.21,   729.85
  473.79,   726.50,   482.06
  471.84,   724.35,   607.03
  469.89,   722.19,   732.00
  600.43,   477.34,   479.73
  598.48,   475.18,   604.70
  596.53,   473.02,   729.67
  599.60,   602.32,   481.88
  597.65,   600.16,   606.85
  595.70,   598.00,   731.81
  598.77,   727.30,   484.03
  596.82,   725.14,   608.99
  594.88,   722.98,   733.96
  350.52,   473.94,   601.66
  346.83,   474.98,   726.60
  343.14,   476.03,   851.54
  347.96,   598.91,   600.54
  344.27,   599.95,   725.48
  340.58,   601.00,   850.43
  345.39,   723.88,   599.42
  341.71,   724.92,   724.37
  338.02,   725.97,   849.31
  475.44,   476.53,   605.33
  471.75,   477.58,   730.27
  468.06,   478.62,   855.21
  472.87,   601.50,   604.21
  469.19,   602.55,   729.15
  465.50,   603.59,   854.09
  470.31,   726.47,   603.09
  466.63,   727.52,   728.03
  462.94,   728.56,   852.97
  600.36,   479.13,   608.99
  596.67,   480.17,   733.93
  592.98,   481.21,   858.88
  597.79,   604.10,   607.87
  594.11,   605.14,   732.82
  590.42,   606.18,   857.76
  595.23,   729.07,   606.76
  591.54,   730.11,   731.70
  587.86,   731.15,   856.64
  349.52,   600.39,    98.96
  352.55,   598.27,   223.90
  355.58,   596.15,   348.85
  347.02,   725.35,   101.14
  350.05,   723.22,   226.09
  353.08,   721.10,   351.03
  344.53,   850.30,   103.32
  347.56,   848.18,   228.27
  350.59,   846.06,   353.21
  474.46,   602.94,    95.97
  477.49,   600.82,   220.91
  480.52,   598.69,   345.86
  471.96,   727.90,    98.15
  474.99,   725.77,   223.10
  478.02,   723.65,   348.04
  469.47,   852.85,   100.34
  472.50,   850.73,   225.28
  475.53,   848.60,   350.23
  599.40,   605.49,    92.98
  602.43,   603.36,   217.93
  605.46,   601.24,   342.87
  596.90,   730.44,    95.17
  599.93,   728.32,   220.11
  602.96,   726.20,   345.06
  594.40,   855.40,    97.35
  597.44,   853.28,   222.29
  600.47,   851.15,   347.24
  350.03,   601.35,   226.92
  353.46,   599.10,   351.86
  356.89,   596.85,   476.79
  349.31,   726.32,   229.19
  352.75,   724.07,   354.13
  356.18,   721.82,   479.06
  348.60,   851.30,   231.47
  352.03,   849.05,   356.40
  355.46,   846.80,   481.33
  474.98,   602.12,   223.51
  478.41,   599.87,   348.44
  481.84,   597.62,   473.37
  474.27,   727.10,   225.78
  477.70,   724.85,   350.71
  481.13,   722.60,   475.64
  473.55,   852.08,   228.05
  476.98,   849.83,   352.98
  480.41,   847.58,   477.91
  599.93,   602.90,   220.09
  603.36,   600.65,   345.02
  606.79,   598.40,   469.95
  599.22,   727.88,   222.36
  602.65,   725.63,   347.29
  606.08,   723.38,   472.22
  598.50,   852.85,   224.63
  601.93,   850.60,   349.56
  605.37,   848.35,   474.49
  350.51,   600.84,   350.66
  350.89,   602.66,   475.65
  351.28,   604.47,   600.64
  349.42,   725.83,   348.85
  349.80,   727.64,   473.84
  350.19,   729.45,   598.83
  348.32,   850.81,   347.04
  348.71,   852.62,   472.03
  349.09,   854.44,   597.02
  475.50,   601.93,   350.26
  475.89,   603.75,   475.25
  476.27,   605.56,   600.24
  474.41,   726.91,   348.45
  474.80,   728.73,   473.44
  475.18,   730.54,   598.43
  473.32,   851.90,   346.64
  473.70,   853.71,   471.63
  474.09,   855.52,   596.62
  600.50,   603.02,   349.86
  600.88,   604.83,   474.85
  601.27,   606.65,   599.84
  599.41,   728.00,   348.05
  599.79,   729.81,   473.04
  600.17,   731.63,   598.03
  598.31,   852.98,   346.24
  598.70,   854.80,   471.23
  599.08,   856.61,   596.22
  350.65,   601.85,   475.40
  348.21,   598.69,   600.33
  345.78,   595.52,   725.27
  347.99,   726.79,   478.51
  345.55,   723.62,   603.45
  343.12,   720.45,   728.38
  345.33,   851.72,   481.63
  342.89,   848.55,   606.56
  340.46,   845.39,   731.50
  475.60,   604.45,   477.90
  473.16,   601.29,   602.84
  470.73,   598.12,   727.77
  472.94,   729.39,   481.01
  470.50,   726.22,   605.95
  468.07,   723.05,   730.89
  470.28,   854.32,   484.13
  467.84,   851.15,   609.07
  465.40,   847.98,   734.00
  600.55,   607.05,   480.40
  598.11,   603.88,   605.34
  595.67,   600.72,   730.27
  597.89,   731.98,   483.52
  595.45,   728.82,   608.45
  593.01,   725.65,   733.39
  595.23,   856.92,   486.63
  592.79,   853.75,   611.57
  590.35,   850.58,   736.50
  349.99,   600.51,   598.93
  347.72,   602.53,   723.89
  345.44,   604.56,   848.86
  349.26,   725.49,   596.89
  346.99,   727.51,   721.86
  344.72,   729.54,   846.82
  348.54,   850.47,   594.85
  346.26,   852.50,   719.82
  343.99,   854.52,   844.78
  474.96,   601.27,   601.19
  472.69,   603.30,   726.15
  470.42,   605.32,   851.12
  474.24,   726.25,   599.15
  471.97,   728.28,   724.11
  469.70,   730.30,   849.08
  473.51,   851.23,   597.11
  471.24,   853.26,   722.08
  468.97,   855.28,   847.04
  599.94,   602.03,   603.45
  597.67,   604.06,   728.41
  595.40,   606.08,   853.37
  599.22,   727.02,   601.41
  596.95,   729.04,   726.37
  594.67,   731.06,   851.34
  598.49,   852.00,   599.37
  596.22,   854.02,   724.34
  593.95,   856.05,   849.30
  473.09,   101.70,   101.41
  471.32,    99.55,   226.38
  469.55,    97.39,   351.35
  475.95,   226.65,   103.61
  474.18,   224.50,   228.58
  472.41,   222.34,   353.55
  478.81,   351.60,   105.80
  477.04,   349.44,   230.77
  475.27,   347.29,   355.74
  598.05,    98.81,   103.13
  596.27,    96.66,   228.10
  594.50,    94.50,   353.07
  600.90,   223.76,   105.33
  599.13,   221.61,   230.30
  597.36,   219.45,   355.27
  603.76,   348.71,   107.52
  601.99,   346.55,   232.49
  600.22,   344.40,   357.46
  723.00,    95.92,   104.85
  721.23,    93.77,   229.82
  719.46,    91.61,   354.79
  725.86,   220.87,   107.05
  724.09,   218.72,   232.02
  722.32,   216.56,   356.99
  728.72,   345.82,   109.24
  726.95,   343.67,   234.21
  725.18,   341.51,   359.18
  475.85,    99.82,   225.61
  476.74,   101.03,   350.60
  477.62,   102.24,   475.59
  478.52,   224.78,   224.38
  479.40,   225.99,   349.37
  480.29,   227.21,   474.36
  481.19,   349.75,   223.15
  482.07,   350.96,   348.14
  482.96,   352.17,   473.13
  600.82,    97.14,   224.75
  601.70,    98.35,   349.74
  602.59,    99.56,   474.73
  603.49,   222.11,   223.52
  604.37,   223.32,   348.51
  605.26,   224.53,   473.50
  606.15,   347.07,   222.29
  607.04,   348.28,   347.28
  607.93,   349.50,   472.27
  725.79,    94.46,   223.89
  726.67,    95.68,   348.88
  727.56,    96.89,   473.87
  728.46,   219.43,   222.66
  729.34,   220.64,   347.65
  730.23,   221.85,   472.64
  731.12,   344.40,   221.43
  732.01,   345.61,   346.42
  732.89,   346.82,   471.41
  474.09,   101.82,   350.59
  474.83,    98.19,   475.54
  475.57,    94.55,   600.48
  477.46,   226.72,   354.21
  478.20,   223.09,   479.15
  478.94,   219.45,   604.10
  480.83,   351.63,   357.82
  481.57,   347.99,   482.77
  482.30,   344.36,   607.71
  599.04,    98.48,   349.76
  599.78,    94.84,   474.70
  600.52,    91.21,   599.65
  602.41,   223.38,   353.37
  603.15,   219.74,   478.32
  603.89,   216.11,   603.26
  605.78,   348.28,   356.99
  606.52,   344.65,   481.93
  607.26,   341.01,   606.88
  724.00,    95.13,   348.92
  724.74,    91.50,   473.87
  725.47,    87.86,   598.81
  727.36,   220.03,   352.54
  728.10,   216.40,   477.48
  728.84,   212.76,   602.43
  730.73,   344.94,   356.15
  731.47,   341.30,   481.09
  732.21,   337.67,   606.04
  475.94,    99.70,   475.76
  476.47,    96.92,   600.72
  477.01,    94.14,   725.69
  473.14,   224.64,   478.55
  473.67,   221.86,   603.52
  474.21,   219.08,   728.48
  470.34,   349.58,   481.34
  470.87,   346.79,   606.31
  471.41,   344.01,   731.28
  600.91,   102.51,   475.28
  601.44,    99.73,   600.25
  601.98,    96.95,   725.22
  598.11,   227.45,   478.08
  598.64,   224.67,   603.04
  599.18,   221.89,   728.01
  595.31,   352.39,   480.87
  595.84,   349.61,   605.84
  596.38,   346.83,   730.80
  725.87,   105.32,   474.81
  726.41,   102.54,   599.78
  726.94,    99.76,   724.75
  723.07,   230.26,   477.60
  723.61,   227.48,   602.57
  724.14,   224.70,   727.54
  720.27,   355.20,   480.40
  720.81,   352.42,   605.36
  721.34,   349.64,   730.33
  473.14,    98.52,   598.08
  475.78,    98.71,   723.05
  478.41,    98.91,   848.02
  475.56,   223.49,   597.83
  478.19,   223.69,   722.81
  480.83,   223.88,   847.78
  477.97,   348.47,   597.59
  480.61,   348.66,   722.56
  483.24,   348.86,   847.53
  598.09,    96.10,   595.45
  600.73,    96.29,   720.42
  603.36,    96.49,   845.39
  600.51,   221.07,   595.20
  603.14,   221.27,   720.17
  605.78,   221.46,   845.15
  602.92,   346.05,   594.96
  605.55,   346.25,   719.93
  608.19,   346.44,   844.90
  723.04,    93.68,   592.82
  725.68,    93.87,   717.79
  728.31,    94.07,   842.76
  725.45,   218.66,   592.57
  728.09,   218.85,   717.54
  730.73,   219.04,   842.51
  727.87,   343.63,   592.33
  730.50,   343.83,   717.30
  733.14,   344.02,   842.27
  476.21,   224.71,   100.66
  473.52,   222.46,   225.61
  470.83,   220.21,   350.56
  476.56,   349.69,   102.92
  473.87,   347.44,   227.87
  471.18,   345.19,   352.82
  476.91,   474.67,   105.18
  474.22,   472.42,   230.13
  471.53,   470.17,   355.08
  601.18,   224.31,   103.34
  598.49,   222.06,   228.29
  595.80,   219.81,   353.24
  601.53,   349.29,   105.60
  598.84,   347.04,   230.55
  596.15,   344.79,   355.50
  601.88,   474.27,   107.86
  599.19,   472.02,   232.81
  596.50,   469.77,   357.76
  726.15,   223.92,   106.03
  723.46,   221.66,   230.98
  720.77,   219.41,   355.93
  726.50,   348.89,   108.29
  723.81,   346.64,   233.24
  721.12,   344.39,   358.19
  726.85,   473.87,   110.55
  724.16,   471.62,   235.50
  721.47,   469.37,   360.45
  473.46,   224.49,   226.78
  471.08,   224.21,   351.76
  468.69,   223.93,   476.73
  472.33,   349.48,   227.04
  469.94,   349.20,   352.01
  467.56,   348.92,   476.99
  471.20,   474.48,   227.30
  468.81,   474.20,   352.27
  466.43,   473.92,   477.25
  598.43,   225.62,   229.16
  596.05,   225.34,   354.14
  593.67,   225.06,   479.12
  597.30,   350.61,   229.42
  594.92,   350.33,   354.40
  592.53,   350.05,   479.38
  596.17,   475.61,   229.68
  593.78,   475.33,   354.66
  591.40,   475.05,   479.63
  723.40,   226.74,   231.55
  721.02,   226.46,   356.53
  718.64,   226.18,   481.50
  722.27,   351.74,   231.81
  719.89,   351.46,   356.78
  717.51,   351.18,   481.76
  721.14,   476.73,   232.07
  718.76,   476.45,   357.04
  716.37,   476.17,   482.02
  476.19,   225.52,   349.91
  473.95,   222.00,   474.84
  471.70,   218.48,   599.77
  476.81,   350.47,   353.45
  474.57,   346.95,   478.38
  472.32,   343.43,   603.31
  477.44,   475.42,   356.98
  475.19,   471.90,   481.91
  472.94,   468.38,   606.84
  601.17,   224.84,   352.14
  598.93,   221.32,   477.07
  596.68,   217.80,   602.00
  601.79,   349.79,   355.67
  599.55,   346.27,   480.60
  597.30,   342.75,   605.53
  602.41,   474.74,   359.21
  600.17,   471.21,   484.14
  597.92,   467.69,   609.07
  726.15,   224.15,   354.37
  723.90,   220.63,   479.30
  721.66,   217.11,   604.23
  726.77,   349.10,   357.90
  724.53,   345.58,   482.83
  722.28,   342.06,   607.76
  727.39,   474.05,   361.43
  725.15,   470.53,   486.36
  722.90,   467.01,   611.29
  475.25,   225.63,   476.06
  474.61,   228.49,   601.02
  473.98,   231.35,   725.99
  473.67,   350.59,   473.19
  473.04,   353.45,   598.16
  472.40,   356.31,   723.12
  472.09,   475.55,   470.33
  471.46,   478.40,   595.29
  470.83,   481.26,   720.26
  600.24,   227.22,   476.65
  599.60,   230.08,   601.62
  598.97,   232.94,   726.59
  598.66,   352.18,   473.79
  598.02,   355.04,   598.75
  597.39,   357.90,   723.72
  597.08,   477.14,   470.92
  596.45,   480.00,   595.89
  595.81,   482.85,   720.85
  725.22,   228.82,   477.25
  724.59,   231.68,   602.22
  723.96,   234.53,   727.18
  723.65,   353.77,   474.39
  723.01,   356.63,   599.35
  722.38,   359.49,   724.32
  722.07,   478.73,   471.52
  721.43,   481.59,   596.49
  720.80,   484.45,   721.45
  475.05,   226.63,   600.04
  472.07,   226.90,   725.00
  469.09,   227.16,   849.96
  478.57,   351.58,   599.85
  475.60,   351.85,   724.82
  472.62,   352.11,   849.78
  482.10,   476.53,   599.67
  479.12,   476.80,   724.63
  476.14,   477.06,   849.60
  599.97,   223.11,   603.02
  596.99,   223.38,   727.98
  594.01,   223.64,   852.95
  603.49,   348.06,   602.84
  600.51,   348.33,   727.80
  597.53,   348.59,   852.77
  607.01,   473.01,   602.66
  604.03,   473.28,   727.62
  601.06,   473.54,   852.58
  724.88,   219.59,   606.00
  721.90,   219.86,   730.97
  718.92,   220.13,   855.93
  728.40,   344.54,   605.82
  725.43,   344.81,   730.79
  722.45,   345.08,   855.75
  731.93,   469.49,   605.64
  728.95,   469.76,   730.60
  725.97,   470.03,   855.57
  474.55,   348.62,   100.10
  475.17,   348.02,   225.10
  475.79,   347.42,   350.09
  474.82,   473.62,   100.70
  475.44,   473.02,   225.70
  476.06,   472.41,   350.69
  475.08,   598.62,   101.30
  475.70,   598.01,   226.30
  476.32,   597.41,   351.30
  599.55,   348.36,    99.48
  600.17,   347.76,   224.48
  600.79,   347.15,   349.47
  599.82,   473.36,   100.08
  600.44,   472.75,   225.08
  601.05,   472.15,   350.07
  600.08,   598.36,   100.68
  600.70,   597.75,   225.68
  601.32,   597.15,   350.68
  724.55,   348.10,    98.86
  725.17,   347.49,   223.86
  725.79,   346.89,   348.85
  724.81,   473.09,    99.46
  725.43,   472.49,   224.46
  726.05,   471.89,   349.45
  725.08,   598.09,   100.06
  725.70,   597.49,   225.06
  726.32,   596.89,   350.06
  473.92,   350.05,   224.48
  474.84,   352.44,   349.45
  475.76,   354.83,   474.42
  471.20,   474.99,   222.11
  472.12,   477.38,   347.08
  473.04,   479.78,   472.05
  468.49,   599.94,   219.74
  469.41,   602.33,   344.71
  470.33,   604.72,   469.68
  598.88,   352.74,   223.50
  599.80,   355.13,   348.48
  600.73,   357.52,   473.45
  596.17,   477.69,   221.13
  597.09,   480.08,   346.11
  598.01,   482.47,   471.08
  593.45,   602.64,   218.76
  594.37,   605.03,   343.74
  595.30,   607.42,   468.71
  723.85,   355.44,   222.53
  724.77,   357.83,   347.51
  725.69,   360.22,   472.48
  721.14,   480.39,   220.16
  722.06,   482.78,   345.13
  722.98,   485.17,   470.11
  718.42,   605.34,   217.79
  719.34,   607.73,   342.76
  720.26,   610.12,   467.74
  473.68,   350.18,   350.17
  473.51,   352.90,   475.14
  473.33,   355.62,   600.11
  475.83,   475.14,   347.45
  475.65,   477.86,   472.42
  475.47,   480.58,   597.39
  477.97,   600.09,   344.74
  477.79,   602.81,   469.71
  477.62,   605.53,   594.68
  598.67,   348.05,   350.39
  598.49,   350.77,   475.36
  598.31,   353.49,   600.33
  600.81,   473.00,   347.67
  600.63,   475.72,   472.65
  600.46,   478.44,   597.62
  602.95,   597.95,   344.96
  602.77,   600.67,   469.93
  602.60,   603.39,   594.90
  723.65,   345.91,   350.61
  723.47,   348.63,   475.58
  723.29,   351.35,   600.55
  725.79,   470.86,   347.90
  725.61,   473.58,   472.87
  725.44,   476.30,   597.84
  727.93,   595.81,   345.18
  727.76,   598.53,   470.15
  727.58,   601.25,   595.12
  475.91,   351.41,   473.16
  474.70,   354.70,   598.11
  473.49,   357.98,   723.06
  472.78,   476.33,   469.85
  471.57,   479.61,   594.80
  470.36,   482.90,   719.75
  469.66,   601.24,   466.53
  468.45,   604.53,   591.48
  467.24,   607.81,   716.44
  600.86,   354.57,   474.29
  599.65,   357.85,   599.24
  598.44,   361.14,   724.19
  597.74,   479.48,   470.97
  596.53,   482.77,   595.93
  595.32,   486.05,   720.88
  594.61,   604.40,   467.66
  593.40,   607.69,   592.61
  592.19,   610.97,   717.56
  725.82,   357.72,   475.42
  724.61,   361.01,   600.37
  723.40,   364.29,   725.32
  722.69,   482.64,   472.10
  721.48,   485.93,   597.05
  720.27,   489.21,   722.00
  719.57,   607.56,   468.79
  718.36,   610.84,   593.74
  717.15,   614.13,   718.69
  475.03,   348.28,   601.14
  474.82,   344.72,   726.09
  474.60,   341.15,   851.04
  474.94,   473.23,   604.70
  474.73,   469.67,   729.65
  474.51,   466.10,   854.60
  474.85,   598.18,   608.27
  474.63,   594.62,   733.22
  474.42,   591.05,   858.17
  600.03,   348.37,   601.36
  599.82,   344.80,   726.31
  599.60,   341.24,   851.25
  599.94,   473.32,   604.92
  599.72,   469.75,   729.87
  599.51,   466.19,   854.82
  599.85,   598.27,   608.49
  599.63,   594.70,   733.43
  599.42,   591.14,   858.38
  725.03,   348.46,   601.57
  724.82,   344.89,   726.52
  724.60,   341.33,   851.47
  724.94,   473.41,   605.14
  724.72,   469.84,   730.09
  724.51,   466.28,   855.04
  724.85,   598.35,   608.70
  724.63,   594.79,   733.65
  724.42,   591.22,   858.60
  476.10,   475.39,    98.31
  473.98,   476.02,   223.29
  471.85,   476.65,   348.27
  476.18,   600.39,    97.68
  474.06,   601.02,   222.66
  471.93,   601.65,   347.64
  476.26,   725.38,    97.04
  474.14,   726.02,   222.02
  472.01,   726.65,   347.00
  601.09,   475.32,   100.43
  598.96,   475.95,   225.41
  596.84,   476.59,   350.39
  601.17,   600.32,    99.80
  599.04,   600.95,   224.78
  596.92,   601.58,   349.76
  601.25,   725.31,    99.17
  599.12,   725.95,   224.15
  597.00,   726.58,   349.13
  726.07,   475.25,   102.56
  723.94,   475.88,   227.54
  721.82,   476.52,   352.52
  726.15,   600.25,   101.93
  724.02,   600.88,   226.91
  721.90,   601.51,   351.89
  726.23,   725.25,   101.29
  724.10,   725.88,   226.27
  721.98,   726.51,   351.25
  476.31,   474.30,   225.64
  476.18,   471.68,   350.61
  476.05,   469.05,   475.58
  480.03,   599.22,   228.26
  479.89,   596.59,   353.24
  479.76,   593.97,   478.21
  483.74,   724.13,   230.89
  483.61,   721.51,   355.86
  483.47,   718.89,   480.83
  601.26,   470.58,   225.69
  601.12,   467.96,   350.67
  600.99,   465.34,   475.64
  604.97,   595.50,   228.32
  604.84,   592.88,   353.29
  604.71,   590.26,   478.26
  608.68,   720.42,   230.94
  608.55,   717.80,   355.92
  608.42,   715.17,   480.89
  726.20,   466.87,   225.75
  726.07,   464.25,   350.72
  725.94,   461.62,   475.69
  729.91,   591.79,   228.37
  729.78,   589.16,   353.34
  729.65,   586.54,   478.32
  733.63,   716.70,   231.00
  733.50,   714.08,   355.97
  733.36,   711.46,   480.94
  476.47,   474.15,   348.95
  479.30,   470.64,   473.87
  482.13,   467.13,   598.79
  474.94,   599.09,   352.50
  477.77,   595.58,   477.42
  480.60,   592.07,   602.34
  473.40,   724.03,   356.05
  476.23,   720.52,   480.96
  479.06,   717.01,   605.88
  601.43,   475.77,   346.16
  604.26,   472.25,   471.08
  607.09,   468.74,   596.00
  599.90,   600.71,   349.71
  602.73,   597.19,   474.63
  605.56,   593.68,   599.55
  598.36,   725.65,   353.26
  601.19,   722.13,   478.18
  604.02,   718.62,   603.10
  726.39,   477.38,   343.38
  729.22,   473.87,   468.30
  732.05,   470.36,   593.22
  724.85,   602.32,   346.93
  727.69,   598.81,   471.84
  730.52,   595.30,   596.76
  723.32,   727.26,   350.47
  726.15,   723.75,   475.39
  728.98,   720.24,   600.31
  476.83,   475.98,   474.19
  475.92,   472.82,   599.15
  475.02,   469.65,   724.11
  480.42,   600.89,   477.38
  479.52,   597.73,   602.34
  478.62,   594.56,   727.30
  484.02,   725.80,   480.57
  483.12,   722.63,   605.53
  482.22,   719.47,   730.49
  601.77,   472.36,   475.00
  600.87,   469.20,   599.96
  599.97,   466.03,   724.92
  605.37,   597.27,   478.19
  604.47,   594.11,   603.15
  603.56,   590.94,   728.11
  608.97,   722.18,   481.38
  608.06,   719.01,   606.34
  607.16,   715.85,   731.30
  726.72,   468.74,   475.82
  725.81,   465.58,   600.77
  724.91,   462.41,   725.73
  730.31,   593.65,   479.01
  729.41,   590.49,   603.96
  728.51,   587.32,   728.92
  733.91,   718.56,   482.19
  733.01,   715.39,   607.15
  732.11,   712.23,   732.11
  475.14,   475.20,   599.30
  475.80,   475.71,   724.30
  476.46,   476.22,   849.30
  478.72,   600.14,   598.77
  479.37,   600.66,   723.77
  480.03,   601.17,   848.76
  482.29,   725.09,   598.24
  482.95,   725.61,   723.23
  483.61,   726.12,   848.23
  600.08,   471.62,   598.66
  600.74,   472.13,   723.65
  601.40,   472.64,   848.65
  603.66,   596.56,   598.12
  604.32,   597.08,   723.12
  604.98,   597.59,   848.12
  607.24,   721.51,   597.59
  607.90,   722.02,   722.59
  608.56,   722.54,   847.58
  725.03,   468.04,   598.01
  725.69,   468.55,   723.01
  726.35,   469.06,   848.01
  728.61,   592.98,   597.48
  729.27,   593.50,   722.48
  729.93,   594.01,   847.47
  732.19,   717.93,   596.95
  732.85,   718.44,   721.94
  733.51,   718.96,   846.94
  474.20,   598.08,    99.34
  470.63,   596.02,   224.27
  467.05,   593.95,   349.20
  474.60,   723.06,   101.41
  471.03,   721.00,   226.34
  467.46,   718.94,   351.27
  475.00,   848.04,   103.49
  471.43,   845.98,   228.42
  467.86,   843.92,   353.35
  599.15,   597.62,   102.90
  595.58,   595.56,   227.83
  592.00,   593.49,   352.76
  599.55,   722.60,   104.98
  595.98,   720.54,   229.91
  592.41,   718.47,   354.84
  599.95,   847.58,   107.05
  596.38,   845.52,   231.98
  592.81,   843.46,   356.92
  724.10,   597.16,   106.47
  720.52,   595.09,   231.40
  716.95,   593.03,   356.33
  724.50,   722.14,   108.54
  720.93,   720.08,   233.47
  717.35,   718.01,   358.41
  724.90,   847.12,   110.62
  721.33,   845.06,   235.55
  717.76,   842.99,   360.48
  476.53,   600.63,   226.57
  475.47,   598.43,   351.54
  474.41,   596.22,   476.52
  473.40,   725.57,   228.75
  472.34,   723.37,   353.72
  471.28,   721.17,   478.70
  470.27,   850.52,   230.92
  469.21,   848.31,   355.90
  468.14,   846.11,   480.87
  601.49,   603.75,   227.68
  600.43,   601.54,   352.66
  599.37,   599.34,   477.64
  598.36,   728.69,   229.86
  597.29,   726.48,   354.84
  596.23,   724.28,   479.81
  595.22,   853.63,   232.04
  594.16,   851.43,   357.01
  593.10,   849.22,   481.99
  726.44,   606.86,   228.80
  725.38,   604.66,   353.78
  724.32,   602.45,   478.75
  723.31,   731.80,   230.98
  722.25,   729.60,   355.95
  721.19,   727.39,   480.93
  720.18,   856.74,   233.15
  719.12,   854.54,   358.13
  718.06,   852.33,   483.11
  475.08,   599.01,   348.07
  477.46,   596.24,   473.02
  479.83,   593.48,   597.97
  471.61,   723.92,   350.90
  473.98,   721.16,   475.84
  476.36,   718.40,   600.79
  468.13,   848.84,   353.72
  470.51,   846.08,   478.67
  472.88,   843.32,   603.62
  600.01,   602.53,   345.77
  602.39,   599.77,   470.72
  604.76,   597.01,   595.67
  596.54,   727.45,   348.60
  598.91,   724.69,   473.55
  601.29,   721.93,   598.49
  593.06,   852.37,   351.43
  595.44,   849.61,   476.37
  597.81,   846.85,   601.32
  724.94,   606.06,   343.48
  727.32,   603.30,   468.43
  729.69,   600.54,   593.37
  721.47,   730.98,   346.30
  723.84,   728.22,   471.25
  726.22,   725.46,   596.20
  717.99,   855.90,   349.13
  720.37,   853.14,   474.08
  722.74,   850.38,   599.02
  476.99,   600.36,   474.37
  479.31,   600.99,   599.34
  481.62,   601.61,   724.32
  480.32,   725.32,   473.68
  482.63,   725.94,   598.66
  484.94,   726.57,   723.63
  483.64,   850.27,   472.99
  485.95,   850.90,   597.97
  488.27,   851.52,   722.95
  601.93,   597.03,   472.07
  604.24,   597.65,   597.05
  606.56,   598.28,   722.02
  605.25,   721.98,   471.38
  607.56,   722.61,   596.36
  609.88,   723.23,   721.34
  608.57,   846.93,   470.70
  610.89,   847.56,   595.67
  613.20,   848.19,   720.65
  726.86,   593.69,   469.77
  729.18,   594.32,   594.75
  731.49,   594.94,   719.73
  730.19,   718.65,   469.09
  732.50,   719.27,   594.06
  734.81,   719.90,   719.04
  733.51,   843.60,   468.40
  735.82,   844.23,   593.38
  738.14,   844.85,   718.35
  473.78,   601.56,   598.97
  476.08,   605.01,   723.90
  478.37,   608.47,   848.83
  472.46,   726.51,   595.54
  474.76,   729.96,   720.47
  477.05,   733.41,   845.41
  471.14,   851.45,   592.12
  473.44,   854.90,   717.05
  475.73,   858.36,   841.98
  598.75,   602.82,   596.64
  601.05,   606.27,   721.57
  603.35,   609.72,   846.50
  597.43,   727.76,   593.21
  599.73,   731.22,   718.14
  602.03,   734.67,   843.07
  596.11,   852.71,   589.78
  598.41,   856.16,   714.71
  600.71,   859.61,   839.64
  723.72,   604.07,   594.31
  726.02,   607.53,   719.24
  728.32,   610.98,   844.17
  722.40,   729.02,   590.88
  724.70,   732.47,   715.81
  727.00,   735.92,   840.74
  721.08,   853.96,   587.45
  723.38,   857.42,   712.38
  725.68,   860.87,   837.31
  598.48,    98.69,    99.61
  601.80,    98.79,   224.57
  605.12,    98.89,   349.52
  597.61,   223.69,    99.54
  600.93,   223.79,   224.49
  604.26,   223.88,   349.45
  596.74,   348.69,    99.46
  600.07,   348.78,   224.42
  603.39,   348.88,   349.37
  723.43,    99.56,    96.29
  726.75,    99.65,   221.24
  730.08,    99.75,   346.20
  722.56,   224.55,    96.21
  725.89,   224.65,   221.17
  729.21,   224.75,   346.13
  721.70,   349.55,    96.14
  725.02,   349.65,   221.10
  728.34,   349.75,   346.05
  848.38,   100.42,    92.96
  851.71,   100.52,   217.92
  855.03,   100.62,   342.88
  847.52,   225.42,    92.89
  850.84,   225.52,   217.85
  854.16,   225.61,   342.80
  846.65,   350.42,    92.82
  849.97,   350.51,   217.77
  853.29,   350.61,   342.73
  600.82,   100.02,   226.05
  597.93,   103.39,   350.97
  595.04,   106.76,   475.89
  603.87,   224.94,   222.75
  600.98,   228.31,   347.67
  598.08,   231.68,   472.59
  606.91,   349.86,   219.45
  604.02,   353.23,   344.37
  601.13,   356.60,   469.29
  725.75,    97.06,   229.02
  722.86,   100.43,   353.94
  719.97,   103.80,   478.86
  728.80,   221.98,   225.72
  725.90,   225.35,   350.64
  723.01,   228.72,   475.56
  731.84,   346.90,   222.42
  728.95,   350.27,   347.34
  726.05,   353.64,   472.26
  850.68,    94.10,   231.99
  847.79,    97.47,   356.91
  844.90,   100.84,   481.83
  853.73,   219.02,   228.69
  850.83,   222.39,   353.61
  847.94,   225.76,   478.53
  856.77,   343.93,   225.39
  853.88,   347.30,   350.31
  850.98,   350.67,   475.23
  598.34,   101.54,   349.35
  595.51,   103.41,   474.30
  592.69,   105.29,   599.26
  600.73,   226.50,   347.53
  597.90,   228.38,   472.48
  595.07,   230.25,   597.43
  603.11,   351.47,   345.71
  600.29,   353.34,   470.66
  597.46,   355.22,   595.61
  723.29,    99.20,   352.21
  720.46,   101.07,   477.16
  717.63,   102.95,   602.12
  725.67,   224.16,   350.39
  722.85,   226.03,   475.34
  720.02,   227.91,   600.30
  728.06,   349.12,   348.57
  725.23,   351.00,   473.52
  722.40,   352.87,   598.47
  848.23,    96.85,   355.07
  845.41,    98.73,   480.03
  842.58,   100.60,   604.98
  850.62,   221.82,   353.25
  847.79,   223.69,   478.20
  844.96,   225.57,   603.16
  853.00,   346.78,   351.43
  850.18,   348.66,   476.38
  847.35,   350.53,   601.34
  599.37,    99.39,   473.25
  599.03,    99.37,   598.25
  598.68,    99.35,   723.25
  596.46,   224.36,   473.26
  596.12,   224.34,   598.26
  595.78,   224.32,   723.26
  593.56,   349.32,   473.27
  593.22,   349.30,   598.27
  592.88,   349.29,   723.27
  724.33,   102.29,   473.59
  723.99,   102.28,   598.59
  723.65,   102.26,   723.59
  721.43,   227.26,   473.60
  721.09,   227.24,   598.60
  720.75,   227.22,   723.60
  718.52,   352.23,   473.61
  718.18,   352.21,   598.61
  717.84,   352.19,   723.61
  849.30,   105.20,   473.93
  848.96,   105.18,   598.93
  848.62,   105.16,   723.93
  846.39,   230.17,   473.94
  846.05,   230.15,   598.94
  845.71,   230.13,   723.94
  843.49,   355.13,   473.95
  843.15,   355.11,   598.95
  842.81,   355.09,   723.95
  598.02,    98.62,   599.78
  597.17,    96.45,   724.75
  596.32,    94.28,   849.73
  599.22,   223.60,   601.95
  598.36,   221.43,   726.93
  597.51,   219.26,   851.91
  600.41,   348.57,   604.13
  599.56,   346.40,   729.11
  598.71,   344.23,   854.09
  723.01,    97.41,   600.61
  722.16,    95.24,   725.58
  721.31,    93.07,   850.56
  724.21,   222.39,   602.78
  723.36,   220.22,   727.76
  722.51,   218.05,   852.74
  725.41,   347.36,   604.96
  724.55,   345.19,   729.94
  723.70,   343.02,   854.92
  848.00,    96.20,   601.44
  847.15,    94.03,   726.41
  846.30,    91.86,   851.39
  849.20,   221.17,   603.61
  848.35,   219.00,   728.59
  847.50,   216.83,   853.57
  850.40,   346.15,   605.79
  849.55,   343.98,   730.77
  848.69,   341.81,   855.75
  601.17,   225.89,   100.05
  600.22,   229.36,   224.99
  599.27,   232.83,   349.94
  598.15,   350.81,    96.56
  597.20,   354.27,   221.51
  596.25,   357.74,   346.45
  595.13,   475.72,    93.07
  594.19,   479.19,   218.02
  593.24,   482.66,   342.97
  726.13,   228.93,   100.91
  725.18,   232.40,   225.86
  724.23,   235.87,   350.80
  723.11,   353.85,    97.42
  722.16,   357.32,   222.37
  721.21,   360.78,   347.32
  720.09,   478.76,    93.93
  719.15,   482.23,   218.88
  718.20,   485.70,   343.83
  851.09,   231.98,   101.77
  850.14,   235.44,   226.72
  849.19,   238.91,   351.67
  848.07,   356.89,    98.28
  847.12,   360.36,   223.23
  846.17,   363.82,   348.18
  845.05,   481.81,    94.79
  844.11,   485.27,   219.74
  843.16,   488.74,   344.69
  598.17,   223.44,   226.52
  598.47,   226.94,   351.47
  598.77,   230.43,   476.42
  596.62,   348.38,   223.03
  596.92,   351.88,   347.98
  597.22,   355.37,   472.93
  595.07,   473.32,   219.54
  595.37,   476.82,   344.49
  595.67,   480.32,   469.44
  723.16,   224.99,   226.18
  723.46,   228.48,   351.13
  723.76,   231.98,   476.08
  721.61,   349.93,   222.69
  721.91,   353.42,   347.64
  722.21,   356.92,   472.59
  720.06,   474.87,   219.20
  720.36,   478.36,   344.15
  720.66,   481.86,   469.10
  848.15,   226.53,   225.84
  848.45,   230.03,   350.79
  848.75,   233.52,   475.74
  846.60,   351.47,   222.34
  846.90,   354.97,   347.30
  847.20,   358.46,   472.25
  845.05,   476.41,   218.85
  845.35,   479.91,   343.80
  845.65,   483.41,   468.75
  598.56,   224.79,   349.07
  596.63,   222.92,   474.04
  594.69,   221.05,   599.01
  596.85,   349.76,   350.91
  594.91,   347.89,   475.88
  592.98,   346.03,   600.85
  595.14,   474.74,   352.75
  593.20,   472.87,   477.72
  591.27,   471.00,   602.69
  723.54,   226.47,   351.03
  721.60,   224.60,   476.00
  719.66,   222.73,   600.97
  721.82,   351.44,   352.87
  719.89,   349.58,   477.84
  717.95,   347.71,   602.81
  720.11,   476.42,   354.71
  718.18,   474.55,   479.68
  716.24,   472.68,   604.65
  848.51,   228.15,   352.99
  846.57,   226.28,   477.96
  844.64,   224.42,   602.93
  846.80,   353.13,   354.83
  844.86,   351.26,   479.80
  842.93,   349.39,   604.77
  845.09,   478.10,   356.67
  843.15,   476.23,   481.64
  841.21,   474.37,   606.61
  598.68,   225.64,   473.99
  598.61,   222.85,   598.96
  598.55,   220.06,   723.93
  599.43,   350.61,   476.78
  599.37,   347.81,   601.75
  599.30,   345.02,   726.72
  600.19,   475.57,   479.57
  600.12,   472.78,   604.54
  600.06,   469.99,   729.51
  723.68,   224.88,   474.04
  723.61,   222.09,   599.00
  723.55,   219.30,   723.97
  724.43,   349.85,   476.83
  724.37,   347.06,   601.80
  724.30,   344.27,   726.77
  725.18,   474.82,   479.62
  725.12,   472.02,   604.59
  725.06,   469.23,   729.56
  848.67,   224.13,   474.08
  848.61,   221.34,   599.05
  848.55,   218.54,   724.02
  849.43,   349.09,   476.88
  849.36,   346.30,   601.84
  849.30,   343.51,   726.81
  850.18,   474.06,   479.67
  850.12,   471.27,   604.64
  850.05,   468.48,   729.60
  599.45,   223.54,   600.05
  602.89,   222.83,   725.00
  606.34,   222.12,   849.95
  600.39,   348.53,   600.74
  603.84,   347.82,   725.69
  607.28,   347.11,   850.64
  601.34,   473.53,   601.42
  604.78,   472.82,   726.37
  608.22,   472.11,   851.32
  724.40,   222.62,   596.60
  727.84,   221.91,   721.55
  731.29,   221.19,   846.50
  725.34,   347.61,   597.29
  728.79,   346.90,   722.24
  732.23,   346.19,   847.19
  726.29,   472.61,   597.97
  729.73,   471.89,   722.92
  733.17,   471.18,   847.88
  849.35,   221.69,   593.16
  852.79,   220.98,   718.11
  856.24,   220.27,   843.06
  850.29,   346.69,   593.84
  853.74,   345.98,   718.79
  857.18,   345.27,   843.74
  851.24,   471.68,   594.53
  854.68,   470.97,   719.48
  858.12,   470.26,   844.43
  601.92,   351.08,    99.89
  605.04,   352.41,   224.85
  608.16,   353.74,   349.80
  600.20,   476.06,    98.60
  603.32,   477.39,   223.56
  606.44,   478.72,   348.51
  598.48,   601.04,    97.31
  601.60,   602.37,   222.27
  604.72,   603.70,   347.22
  726.87,   352.77,    96.76
  729.99,   354.10,   221.71
  733.11,   355.43,   346.66
  725.15,   477.75,    95.47
  728.27,   479.08,   220.42
  731.39,   480.41,   345.37
  723.43,   602.73,    94.18
  726.55,   604.06,   219.13
  729.67,   605.39,   344.09
  851.82,   354.46,    93.62
  854.94,   355.79,   218.57
  858.06,   357.12,   343.53
  850.10,   479.44,    92.33
  853.22,   480.77,   217.28
  856.34,   482.10,   342.24
  848.38,   604.42,    91.04
  851.50,   605.75,   216.00
  854.61,   607.08,   340.95
  601.69,   349.01,   224.28
  604.85,   347.31,   349.23
  608.01,   345.61,   474.18
  602.66,   473.99,   225.95
  605.82,   472.29,   350.90
  608.98,   470.59,   475.85
  603.64,   598.98,   227.63
  606.80,   597.28,   352.58
  609.96,   595.58,   477.52
  726.64,   348.07,   221.11
  729.80,   346.38,   346.06
  732.96,   344.68,   471.00
  727.62,   473.06,   222.78
  730.78,   471.36,   347.73
  733.94,   469.66,   472.68
  728.59,   598.04,   224.46
  731.75,   596.35,   349.40
  734.91,   594.65,   474.35
  851.60,   347.14,   217.93
  854.76,   345.44,   342.88
  857.92,   343.75,   467.83
  852.57,   472.13,   219.61
  855.73,   470.43,   344.56
  858.89,   468.73,   469.51
  853.55,   597.11,   221.28
  856.71,   595.41,   346.23
  859.87,   593.72,   471.18
  601.59,   350.47,   350.11
  598.58,   351.35,   475.07
  595.56,   352.23,   600.04
  603.38,   475.46,   349.28
  600.37,   476.34,   474.24
  597.36,   477.21,   599.20
  605.17,   600.44,   348.45
  602.16,   601.32,   473.41
  599.15,   602.20,   598.37
  726.54,   348.70,   353.14
  723.53,   349.58,   478.10
  720.51,   350.46,   603.06
  728.33,   473.69,   352.30
  725.32,   474.56,   477.27
  722.31,   475.44,   602.23
  730.12,   598.67,   351.47
  727.11,   599.55,   476.43
  724.10,   600.43,   601.39
  851.49,   346.93,   356.16
  848.48,   347.81,   481.12
  845.46,   348.69,   606.08
  853.28,   471.92,   355.33
  850.27,   472.79,   480.29
  847.26,   473.67,   605.25
  855.07,   596.90,   354.50
  852.06,   597.78,   479.46
  849.05,   598.65,   604.42
  601.34,   351.06,   473.04
  598.72,   348.79,   597.99
  596.09,   346.53,   722.94
  600.32,   476.03,   475.28
  597.69,   473.77,   600.23
  595.07,   471.50,   725.18
  599.30,   601.01,   477.52
  596.67,   598.74,   602.47
  594.04,   596.48,   727.43
  726.31,   352.03,   475.68
  723.68,   349.77,   600.63
  721.06,   347.50,   725.59
  725.29,   477.01,   477.93
  722.66,   474.74,   602.88
  720.03,   472.48,   727.83
  724.27,   601.98,   480.17
  721.64,   599.72,   605.12
  719.01,   597.45,   730.07
  851.28,   353.01,   478.33
  848.65,   350.74,   603.28
  846.02,   348.48,   728.23
  850.26,   477.98,   480.57
  847.63,   475.72,   605.52
  845.00,   473.45,   730.48
  849.23,   602.96,   482.81
  846.61,   600.69,   607.77
  843.98,   598.43,   732.72
  600.02,   351.64,   598.83
  596.67,   350.48,   723.78
  593.32,   349.32,   848.73
  598.61,   476.63,   599.96
  595.26,   475.47,   724.91
  591.91,   474.30,   849.85
  597.21,   601.62,   601.08
  593.86,   600.45,   726.03
  590.51,   599.29,   850.98
  724.97,   353.02,   602.19
  721.62,   351.85,   727.14
  718.27,   350.69,   852.09
  723.56,   478.00,   603.32
  720.21,   476.84,   728.27
  716.86,   475.68,   853.22
  722.15,   602.99,   604.44
  718.80,   601.83,   729.39
  715.45,   600.67,   854.34
  849.91,   354.39,   605.55
  846.56,   353.23,   730.50
  843.22,   352.07,   855.45
  848.51,   479.38,   606.68
  845.16,   478.22,   731.63
  841.81,   477.05,   856.58
  847.10,   604.37,   607.81
  843.75,   603.20,   732.76
  840.40,   602.04,   857.70
  599.03,   476.67,    99.38
  597.69,   474.76,   224.36
  596.36,   472.84,   349.34
  600.03,   601.65,   101.31
  598.70,   599.74,   226.28
  597.36,   597.83,   351.26
  601.04,   726.63,   103.23
  599.70,   724.72,   228.21
  598.37,   722.81,   353.18
  724.02,   475.64,   100.70
  722.68,   473.73,   225.68
  721.35,   471.82,   350.66
  725.02,   600.62,   102.63
  723.69,   598.71,   227.60
  722.35,   596.80,   352.58
  726.03,   725.61,   104.55
  724.69,   723.69,   229.53
  723.36,   721.78,   354.50
  849.01,   474.62,   102.03
  847.67,   472.71,   227.00
  846.34,   470.80,   351.98
  850.01,   599.60,   103.95
  848.68,   597.69,   228.93
  847.34,   595.78,   353.90
  851.02,   724.58,   105.87
  849.68,   722.67,   230.85
  848.34,   720.76,   355.83
  599.79,   476.81,   225.74
  600.15,   475.55,   350.73
  600.51,   474.28,   475.72
  602.64,   601.77,   226.99
  603.01,   600.51,   351.98
  603.37,   599.24,   476.98
  605.50,   726.73,   228.24
  605.86,   725.47,   353.24
  606.23,   724.21,   478.23
  724.75,   473.95,   225.35
  725.12,   472.69,   350.34
  725.48,   471.43,   475.33
  727.61,   598.92,   226.60
  727.97,   597.65,   351.59
  728.34,   596.39,   476.59
  730.47,   723.88,   227.85
  730.83,   722.62,   352.85
  731.19,   721.35,   477.84
  849.72,   471.10,   224.95
  850.08,   469.84,   349.95
  850.45,   468.58,   474.94
  852.58,   596.06,   226.21
  852.94,   594.80,   351.20
  853.30,   593.54,   476.19
  855.43,   721.02,   227.46
  855.80,   719.76,   352.45
  856.16,   718.50,   477.45
  599.86,   475.33,   348.33
  603.08,   471.93,   473.24
  606.29,   468.54,   598.15
  599.42,   600.28,   351.74
  602.64,   596.88,   476.65
  605.85,   593.49,   601.56
  598.98,   725.23,   355.14
  602.20,   721.84,   480.06
  605.41,   718.44,   604.97
  724.82,   475.85,   345.13
  728.03,   472.46,   470.04
  731.25,   469.06,   594.95
  724.38,   600.81,   348.53
  727.59,   597.41,   473.45
  730.81,   594.01,   598.36
  723.94,   725.76,   351.94
  727.16,   722.36,   476.85
  730.37,   718.97,   601.77
  849.77,   476.38,   341.92
  852.99,   472.98,   466.84
  856.21,   469.59,   591.75
  849.34,   601.33,   345.33
  852.55,   597.94,   470.24
  855.77,   594.54,   595.16
  848.90,   726.28,   348.74
  852.11,   722.89,   473.65
  855.33,   719.49,   598.56
  600.93,   476.40,   476.59
  604.46,   475.35,   601.53
  607.99,   474.29,   726.48
  603.30,   601.38,   477.58
  606.83,   600.32,   602.52
  610.36,   599.26,   727.47
  605.67,   726.35,   478.57
  609.20,   725.29,   603.52
  612.73,   724.23,   728.46
  725.86,   474.06,   473.04
  729.39,   473.01,   597.98
  732.92,   471.95,   722.93
  728.23,   599.04,   474.03
  731.76,   597.98,   598.98
  735.28,   596.92,   723.92
  730.60,   724.01,   475.02
  734.13,   722.95,   599.97
  737.65,   721.89,   724.91
  850.79,   471.72,   469.49
  854.32,   470.67,   594.44
  857.84,   469.61,   719.38
  853.16,   596.70,   470.48
  856.68,   595.64,   595.43
  860.21,   594.58,   720.37
  855.52,   721.67,   471.47
  859.05,   720.61,   596.42
  862.58,   719.56,   721.37
  601.23,   476.38,   599.39
  599.53,   479.26,   724.35
  597.83,   482.13,   849.30
  599.26,   601.33,   596.49
  597.57,   604.21,   721.45
  595.87,   607.08,   846.40
  597.30,   726.29,   593.59
  595.60,   729.16,   718.55
  593.90,   732.03,   843.50
  726.20,   478.39,   601.04
  724.50,   481.26,   726.00
  722.81,   484.14,   850.95
  724.24,   603.34,   598.14
  722.54,   606.21,   723.10
  720.84,   609.09,   848.05
  722.27,   728.29,   595.24
  720.57,   731.16,   720.20
  718.87,   734.04,   845.15
  851.18,   480.39,   602.70
  849.48,   483.27,   727.65
  847.78,   486.14,   852.61
  849.21,   605.34,   599.79
  847.51,   608.22,   724.75
  845.81,   611.09,   849.71
  847.24,   730.30,   596.89
  845.55,   733.17,   721.85
  843.85,   736.04,   846.80
  600.81,   601.81,    98.77
  597.86,   598.65,   223.70
  594.91,   595.48,   348.62
  598.83,   726.76,   101.89
  595.88,   723.59,   226.81
  592.93,   720.43,   351.74
  596.85,   851.70,   105.01
  593.90,   848.54,   229.93
  590.95,   845.37,   354.86
  725.76,   603.71,   101.77
  722.81,   600.55,   226.69
  719.86,   597.38,   351.62
  723.78,   728.66,   104.89
  720.83,   725.49,   229.81
  717.88,   722.33,   354.74
  721.80,   853.60,   108.01
  718.85,   850.44,   232.93
  715.90,   847.27,   357.86
  850.71,   605.62,   104.77
  847.76,   602.45,   229.69
  844.81,   599.29,   354.62
  848.73,   730.56,   107.88
  845.78,   727.40,   232.81
  842.83,   724.23,   357.74
  846.75,   855.51,   111.00
  843.80,   852.34,   235.93
  840.85,   849.18,   360.85
  598.57,   599.39,   225.08
  599.83,   601.00,   350.07
  601.09,   602.62,   475.05
  600.24,   724.37,   223.45
  601.50,   725.98,   348.43
  602.77,   727.60,   473.42
  601.91,   849.35,   221.82
  603.18,   850.96,   346.80
  604.44,   852.58,   471.79
  723.55,   597.70,   223.84
  724.81,   599.31,   348.82
  726.08,   600.93,   473.81
  725.22,   722.68,   222.21
  726.49,   724.29,   347.19
  727.75,   725.91,   472.18
  726.90,   847.65,   220.58
  728.16,   849.27,   345.56
  729.42,   850.89,   470.54
  848.53,   596.01,   222.60
  849.79,   597.62,   347.58
  851.06,   599.24,   472.57
  850.20,   720.99,   220.97
  851.47,   722.60,   345.95
  852.73,   724.22,   470.93
  851.88,   845.96,   219.33
  853.14,   847.58,   344.32
  854.41,   849.20,   469.30
  599.75,   600.12,   348.28
  602.49,   601.79,   473.23
  605.24,   603.46,   598.19
  597.20,   725.08,   346.66
  599.94,   726.75,   471.62
  602.68,   728.42,   596.58
  594.64,   850.05,   345.05
  597.39,   851.72,   470.01
  600.13,   853.38,   594.97
  724.69,   602.64,   345.50
  727.44,   604.31,   470.46
  730.18,   605.98,   595.42
  722.14,   727.60,   343.89
  724.88,   729.27,   468.84
  727.63,   730.94,   593.80
  719.59,   852.57,   342.27
  722.33,   854.23,   467.23
  725.07,   855.90,   592.19
  849.64,   605.16,   342.72
  852.38,   606.83,   467.68
  855.13,   608.49,   592.64
  847.08,   730.12,   341.11
  849.83,   731.79,   466.07
  852.57,   733.46,   591.03
  844.53,   855.08,   339.50
  847.27,   856.75,   464.46
  850.02,   858.42,   589.41
  599.60,   601.82,   476.83
  597.78,   599.68,   601.80
  595.95,   597.54,   726.77
  601.80,   726.79,   479.00
  599.97,   724.64,   603.97
  598.15,   722.50,   728.94
  603.99,   851.75,   481.18
  602.17,   849.60,   606.15
  600.35,   847.46,   731.12
  724.57,   599.60,   478.61
  722.75,   597.45,   603.58
  720.92,   595.31,   728.55
  726.77,   724.56,   480.79
  724.94,   722.42,   605.76
  723.12,   720.27,   730.73
  728.96,   849.52,   482.97
  727.14,   847.38,   607.93
  725.31,   845.23,   732.90
  849.54,   597.37,   480.40
  847.71,   595.23,   605.37
  845.89,   593.08,   730.34
  851.73,   722.33,   482.58
  849.91,   720.19,   607.54
  848.08,   718.05,   732.51
  853.93,   847.29,   484.75
  852.10,   845.15,   609.72
  850.28,   843.01,   734.69
  599.86,   599.16,   601.21
  597.98,   598.56,   726.20
  596.10,   597.97,   851.18
  597.58,   724.14,   601.78
  595.70,   723.54,   726.76
  593.81,   722.94,   851.74
  595.30,   849.12,   602.34
  593.41,   848.52,   727.32
  591.53,   847.92,   852.31
  724.83,   601.44,   603.11
  722.94,   600.84,   728.09
  721.06,   600.24,   853.08
  722.55,   726.41,   603.67
  720.66,   725.82,   728.65
  718.78,   725.22,   853.64
  720.26,   851.39,   604.23
  718.38,   850.79,   729.22
  716.50,   850.19,   854.20
  849.79,   603.71,   605.00
  847.91,   603.11,   729.99
  846.03,   602.51,   854.97
  847.51,   728.69,   605.56
  845.63,   728.09,   730.55
  843.74,   727.49,   855.53
  845.23,   853.67,   606.13
  843.34,   853.07,   731.11
  841.46,   852.47,   856.10
