27, 125, pa2-debug-e-output1.txt
  190.80,   204.53,   196.66
  405.62,   408.44,   208.42
  100.42,    98.31,    98.17
  102.83,    96.93,   223.14
  105.23,    95.55,   348.11
   97.65,   223.27,    99.60
  100.06,   221.89,   224.57
  102.46,   220.51,   349.54
   94.88,   348.23,   101.04
   97.28,   346.85,   226.01
   99.69,   345.47,   350.98
  225.37,   101.11,    95.80
  227.78,    99.73,   220.77
  230.18,    98.35,   345.74
  222.60,   226.07,    97.23
  225.00,   224.69,   222.20
  227.41,   223.31,   347.17
  219.82,   351.03,    98.66
  222.23,   349.65,   223.63
  224.63,   348.27,   348.60
  350.32,   103.91,    93.42
  352.72,   102.53,   218.39
  355.13,   101.15,   343.36
  347.54,   228.87,    94.86
  349.95,   227.49,   219.83
  352.35,   226.11,   344.80
  344.77,   353.83,    96.29
  347.17,   352.45,   221.26
  349.58,   351.07,   346.23
   98.10,    98.58,   224.92
   99.22,    97.88,   349.92
  100.34,    97.18,   474.91
   97.49,   223.58,   225.63
   98.61,   222.88,   350.62
   99.73,   222.18,   475.62
   96.88,   348.57,   226.34
   98.00,   347.87,   351.33
   99.12,   347.17,   476.32
  223.09,    99.20,   223.81
  224.21,    98.50,   348.80
  225.33,    97.80,   473.79
  222.48,   224.20,   224.51
  223.60,   223.49,   349.51
  224.72,   222.79,   474.50
  221.87,   349.19,   225.22
  222.99,   348.49,   350.21
  224.11,   347.79,   475.21
  348.09,    99.82,   222.69
  349.21,    99.11,   347.68
  350.33,    98.41,   472.68
  347.48,   224.81,   223.40
  348.60,   224.11,   348.39
  349.72,   223.41,   473.38
  346.87,   349.81,   224.10
  347.99,   349.11,   349.10
  349.11,   348.41,   474.09
  101.96,   101.12,   351.79
  103.87,   104.57,   476.73
  105.78,   108.02,   601.67
  104.31,   226.05,   348.30
  106.22,   229.50,   473.24
  108.13,   232.95,   598.18
  106.66,   350.98,   344.81
  108.57,   354.43,   469.75
  110.49,   357.88,   594.69
  226.92,    98.71,   349.94
  228.83,   102.17,   474.88
  230.75,   105.62,   599.82
  229.27,   223.64,   346.45
  231.18,   227.10,   471.39
  233.10,   230.55,   596.33
  231.62,   348.57,   342.97
  233.53,   352.02,   467.90
  235.45,   355.48,   592.84
  351.88,    96.31,   348.09
  353.80,    99.76,   473.03
  355.71,   103.22,   597.97
  354.23,   221.24,   344.61
  356.15,   224.69,   469.54
  358.06,   228.14,   594.48
  356.58,   346.17,   341.12
  358.50,   349.62,   466.06
  360.41,   353.07,   590.99
   99.98,    98.96,   473.30
   99.27,   101.74,   598.27
   98.55,   104.52,   723.24
   98.44,   223.92,   470.51
   97.72,   226.70,   595.48
   97.00,   229.48,   720.45
   96.89,   348.88,   467.72
   96.17,   351.66,   592.69
   95.46,   354.44,   717.66
  224.97,   100.52,   473.99
  224.25,   103.30,   598.95
  223.54,   106.08,   723.92
  223.42,   225.48,   471.20
  222.71,   228.26,   596.16
  221.99,   231.04,   721.13
  221.88,   350.44,   468.41
  221.16,   353.22,   593.37
  220.44,   356.00,   718.34
  349.96,   102.08,   474.67
  349.24,   104.86,   599.63
  348.53,   107.65,   724.60
  348.41,   227.04,   471.88
  347.70,   229.82,   596.84
  346.98,   232.61,   721.81
  346.87,   352.00,   469.09
  346.15,   354.78,   594.05
  345.43,   357.56,   719.02
  100.75,   101.23,   601.38
  100.99,    97.90,   726.34
  101.24,    94.57,   851.30
  103.40,   226.15,   604.70
  103.64,   222.83,   729.66
  103.89,   219.50,   854.62
  106.05,   351.08,   608.03
  106.29,   347.76,   732.98
  106.54,   344.43,   857.94
  225.72,    98.58,   601.07
  225.97,    95.26,   726.02
  226.21,    91.93,   850.98
  228.37,   223.51,   604.39
  228.61,   220.19,   729.34
  228.86,   216.86,   854.30
  231.02,   348.44,   607.71
  231.26,   345.11,   732.66
  231.51,   341.79,   857.62
  350.69,    95.94,   600.75
  350.94,    92.62,   725.71
  351.18,    89.29,   850.66
  353.34,   220.87,   604.07
  353.59,   217.54,   729.03
  353.83,   214.22,   853.98
  355.99,   345.80,   607.39
  356.24,   342.47,   732.35
  356.48,   339.15,   857.30
   98.40,   223.16,   100.56
   95.43,   225.29,   225.51
   92.46,   227.43,   350.45
   95.57,   348.10,    98.36
   92.60,   350.24,   223.30
   89.63,   352.38,   348.25
   92.75,   473.05,    96.15
   89.77,   475.19,   221.10
   86.80,   477.33,   346.04
  223.34,   226.04,   103.48
  220.36,   228.17,   228.43
  217.39,   230.31,   353.38
  220.51,   350.98,   101.28
  217.53,   353.12,   226.23
  214.56,   355.26,   351.17
  217.68,   475.93,    99.08
  214.70,   478.07,   224.02
  211.73,   480.21,   348.97
  348.27,   228.92,   106.41
  345.29,   231.05,   231.36
  342.32,   233.19,   356.30
  345.44,   353.87,   104.21
  342.47,   356.00,   229.15
  339.49,   358.14,   354.10
  342.61,   478.81,   102.00
  339.64,   480.95,   226.95
  336.66,   483.09,   351.89
  101.10,   226.06,   225.52
   97.89,   226.33,   350.48
   94.68,   226.59,   475.44
   99.51,   351.05,   225.22
   96.30,   351.32,   350.18
   93.09,   351.58,   475.14
   97.92,   476.04,   224.91
   94.71,   476.31,   349.87
   91.50,   476.57,   474.83
  226.05,   227.66,   228.73
  222.84,   227.93,   353.69
  219.63,   228.19,   478.65
  224.46,   352.65,   228.42
  221.25,   352.92,   353.38
  218.04,   353.18,   478.34
  222.86,   477.64,   228.12
  219.66,   477.90,   353.07
  216.45,   478.17,   478.03
  351.00,   229.26,   231.93
  347.79,   229.52,   356.89
  344.58,   229.79,   481.85
  349.40,   354.25,   231.63
  346.20,   354.51,   356.58
  342.99,   354.78,   481.54
  347.81,   479.24,   231.32
  344.61,   479.50,   356.28
  341.40,   479.77,   481.24
   99.41,   223.76,   348.70
   99.81,   221.67,   473.69
  100.21,   219.59,   598.67
  102.16,   348.71,   350.78
  102.56,   346.63,   475.76
  102.96,   344.54,   600.74
  104.91,   473.66,   352.85
  105.31,   471.58,   477.83
  105.71,   469.49,   602.82
  224.38,   221.02,   348.26
  224.78,   218.93,   473.24
  225.18,   216.85,   598.22
  227.13,   345.97,   350.33
  227.53,   343.88,   475.32
  227.93,   341.80,   600.30
  229.88,   470.92,   352.41
  230.28,   468.84,   477.39
  230.67,   466.75,   602.37
  349.35,   218.27,   347.82
  349.75,   216.19,   472.80
  350.15,   214.11,   597.78
  352.10,   343.23,   349.89
  352.50,   341.14,   474.87
  352.89,   339.06,   599.85
  354.85,   468.18,   351.97
  355.25,   466.09,   476.95
  355.64,   464.01,   601.93
   98.72,   225.16,   473.08
   95.68,   227.26,   598.02
   92.65,   229.36,   722.97
   96.16,   350.12,   470.92
   93.12,   352.21,   595.86
   90.09,   354.31,   720.81
   93.60,   475.07,   468.76
   90.56,   477.17,   593.70
   87.53,   479.27,   718.65
  223.65,   227.77,   476.07
  220.62,   229.87,   601.02
  217.58,   231.97,   725.96
  221.09,   352.73,   473.91
  218.06,   354.83,   598.86
  215.02,   356.92,   723.80
  218.53,   477.68,   471.75
  215.50,   479.78,   596.70
  212.46,   481.88,   721.64
  348.59,   230.38,   479.06
  345.55,   232.48,   604.01
  342.52,   234.58,   728.95
  346.03,   355.34,   476.90
  342.99,   357.44,   601.85
  339.96,   359.54,   726.79
  343.47,   480.29,   474.74
  340.43,   482.39,   599.69
  337.40,   484.49,   724.63
   99.85,   226.64,   598.62
   99.58,   223.01,   723.57
   99.31,   219.38,   848.52
  102.20,   351.57,   602.26
  101.92,   347.94,   727.21
  101.65,   344.30,   852.15
  104.54,   476.49,   605.90
  104.27,   472.86,   730.84
  104.00,   469.23,   855.79
  224.83,   224.29,   598.83
  224.56,   220.66,   723.77
  224.28,   217.03,   848.72
  227.17,   349.22,   602.46
  226.90,   345.58,   727.41
  226.63,   341.95,   852.36
  229.52,   474.14,   606.10
  229.25,   470.51,   731.05
  228.97,   466.88,   855.99
  349.81,   221.94,   599.03
  349.53,   218.31,   723.98
  349.26,   214.68,   848.92
  352.15,   346.86,   602.67
  351.88,   343.23,   727.61
  351.61,   339.60,   852.56
  354.50,   471.79,   606.30
  354.22,   468.16,   731.25
  353.95,   464.53,   856.20
   98.20,   350.64,   100.27
   96.35,   353.87,   225.22
   94.51,   357.10,   350.16
  101.08,   475.57,    97.09
   99.23,   478.80,   222.03
   97.39,   482.03,   346.98
  103.95,   600.49,    93.90
  102.11,   603.72,   218.85
  100.26,   606.95,   343.79
  223.15,   347.81,   102.19
  221.31,   351.04,   227.14
  219.46,   354.27,   352.08
  226.03,   472.74,    99.01
  224.18,   475.97,   223.95
  222.34,   479.20,   348.89
  228.90,   597.66,    95.82
  227.06,   600.90,   220.76
  225.22,   604.13,   345.71
  348.11,   344.98,   104.11
  346.26,   348.21,   229.06
  344.42,   351.44,   354.00
  350.98,   469.91,   100.92
  349.14,   473.14,   225.87
  347.29,   476.37,   350.81
  353.86,   594.84,    97.74
  352.01,   598.07,   222.68
  350.17,   601.30,   347.63
   98.48,   349.90,   223.13
  100.57,   349.90,   348.11
  102.66,   349.90,   473.09
   97.89,   474.90,   223.14
   99.98,   474.90,   348.12
  102.07,   474.90,   473.10
   97.30,   599.89,   223.15
   99.39,   599.90,   348.13
  101.48,   599.90,   473.11
  223.47,   350.49,   221.04
  225.56,   350.49,   346.02
  227.65,   350.49,   471.00
  222.87,   475.49,   221.05
  224.96,   475.49,   346.03
  227.05,   475.49,   471.01
  222.28,   600.49,   221.06
  224.37,   600.49,   346.04
  226.46,   600.49,   471.02
  348.45,   351.08,   218.95
  350.54,   351.08,   343.93
  352.63,   351.08,   468.91
  347.85,   476.08,   218.96
  349.94,   476.08,   343.94
  352.03,   476.08,   468.92
  347.26,   601.08,   218.97
  349.35,   601.08,   343.95
  351.44,   601.08,   468.93
   98.76,   348.47,   351.00
   97.66,   348.79,   476.00
   96.56,   349.11,   600.99
   95.05,   473.41,   350.65
   93.95,   473.73,   475.64
   92.86,   474.05,   600.64
   91.34,   598.35,   350.29
   90.25,   598.68,   475.29
   89.15,   599.00,   600.28
  223.70,   352.18,   352.09
  222.60,   352.50,   477.08
  221.50,   352.82,   602.08
  219.99,   477.12,   351.73
  218.89,   477.44,   476.73
  217.80,   477.76,   601.72
  216.28,   602.06,   351.38
  215.19,   602.39,   476.37
  214.09,   602.71,   601.37
  348.64,   355.88,   353.18
  347.54,   356.21,   478.17
  346.44,   356.53,   603.16
  344.93,   480.83,   352.82
  343.83,   481.15,   477.82
  342.74,   481.47,   602.81
  341.23,   605.77,   352.47
  340.13,   606.10,   477.46
  339.03,   606.42,   602.46
  100.74,   351.57,   475.11
  103.38,   349.35,   600.06
  106.01,   347.14,   725.01
   98.72,   476.53,   477.36
  101.36,   474.32,   602.32
  104.00,   472.11,   727.27
   96.71,   601.49,   479.62
   99.35,   599.28,   604.57
  101.99,   597.07,   729.52
  225.69,   353.63,   472.51
  228.33,   351.41,   597.46
  230.97,   349.20,   722.41
  223.68,   478.59,   474.76
  226.32,   476.38,   599.71
  228.96,   474.16,   724.67
  221.67,   603.55,   477.02
  224.31,   601.34,   601.97
  226.95,   599.13,   726.92
  350.65,   355.68,   469.90
  353.29,   353.47,   594.86
  355.93,   351.26,   719.81
  348.64,   480.65,   472.16
  351.28,   478.44,   597.11
  353.91,   476.22,   722.06
  346.62,   605.61,   474.41
  349.26,   603.40,   599.37
  351.90,   601.19,   724.32
   98.73,   349.49,   600.14
  101.68,   347.63,   725.09
  104.63,   345.77,   850.04
   99.43,   474.47,   601.98
  102.39,   472.61,   726.93
  105.34,   470.76,   851.88
  100.14,   599.46,   603.82
  103.09,   597.60,   728.77
  106.04,   595.74,   853.72
  223.69,   348.83,   597.17
  226.64,   346.97,   722.12
  229.60,   345.11,   847.08
  224.39,   473.81,   599.02
  227.35,   471.95,   723.97
  230.30,   470.10,   848.92
  225.10,   598.80,   600.86
  228.05,   596.94,   725.81
  231.01,   595.08,   850.76
  348.65,   348.17,   594.21
  351.61,   346.31,   719.16
  354.56,   344.45,   844.11
  349.36,   473.15,   596.05
  352.31,   471.30,   721.00
  355.26,   469.44,   845.95
  350.06,   598.14,   597.89
  353.01,   596.28,   722.84
  355.97,   594.42,   847.80
  100.96,   473.42,    98.37
  104.62,   477.04,   223.26
  108.28,   480.65,   348.15
  103.07,   598.35,    94.69
  106.72,   601.97,   219.58
  110.38,   605.58,   344.47
  105.17,   723.28,    91.01
  108.83,   726.89,   215.90
  112.49,   730.51,   340.79
  225.89,   471.21,    94.77
  229.55,   474.83,   219.66
  233.21,   478.45,   344.56
  227.99,   596.14,    91.09
  231.65,   599.76,   215.98
  235.31,   603.37,   340.88
  230.10,   721.07,    87.41
  233.76,   724.69,   212.30
  237.41,   728.30,   337.20
  350.82,   469.00,    91.17
  354.48,   472.62,   216.07
  358.14,   476.24,   340.96
  352.92,   593.93,    87.49
  356.58,   597.55,   212.39
  360.24,   601.17,   337.28
  355.02,   718.86,    83.81
  358.68,   722.48,   208.71
  362.34,   726.10,   333.60
   98.38,   476.21,   225.79
  100.33,   479.63,   350.73
  102.27,   483.04,   475.67
   94.96,   601.12,   222.43
   96.91,   604.54,   347.37
   98.85,   607.95,   472.31
   91.54,   726.03,   219.07
   93.48,   729.44,   344.01
   95.43,   732.86,   468.94
  223.32,   479.58,   223.76
  225.27,   483.00,   348.69
  227.21,   486.41,   473.63
  219.90,   604.49,   220.39
  221.84,   607.90,   345.33
  223.79,   611.32,   470.27
  216.48,   729.40,   217.03
  218.42,   732.81,   341.97
  220.36,   736.23,   466.91
  348.26,   482.95,   221.72
  350.20,   486.36,   346.66
  352.15,   489.78,   471.60
  344.84,   607.86,   218.36
  346.78,   611.27,   343.30
  348.72,   614.69,   468.24
  341.42,   732.77,   215.00
  343.36,   736.18,   339.94
  345.30,   739.60,   464.87
  101.32,   476.51,   348.18
  101.56,   474.02,   473.16
  101.80,   471.53,   598.13
  104.73,   601.44,   350.66
  104.97,   598.95,   475.64
  105.21,   596.46,   600.61
  108.14,   726.37,   353.15
  108.38,   723.88,   478.12
  108.62,   721.39,   603.10
  226.28,   473.11,   347.87
  226.52,   470.62,   472.85
  226.76,   468.13,   597.82
  229.69,   598.04,   350.36
  229.93,   595.55,   475.33
  230.17,   593.06,   600.31
  233.09,   722.97,   352.84
  233.34,   720.48,   477.81
  233.58,   717.99,   602.79
  351.23,   469.71,   347.56
  351.47,   467.22,   472.54
  351.71,   464.73,   597.51
  354.64,   594.64,   350.05
  354.88,   592.14,   475.02
  355.12,   589.65,   600.00
  358.05,   719.56,   352.53
  358.29,   717.07,   477.51
  358.53,   714.58,   602.48
   98.31,   475.37,   473.74
  101.92,   478.60,   598.65
  105.54,   481.83,   723.55
   97.69,   600.33,   470.53
  101.30,   603.56,   595.44
  104.91,   606.79,   720.34
   97.07,   725.29,   467.32
  100.68,   728.52,   592.22
  104.29,   731.75,   717.13
  223.26,   475.90,   470.12
  226.87,   479.13,   595.02
  230.48,   482.36,   719.93
  222.64,   600.86,   466.90
  226.25,   604.09,   591.81
  229.86,   607.32,   716.72
  222.02,   725.82,   463.69
  225.63,   729.05,   588.60
  229.24,   732.27,   713.50
  348.21,   476.43,   466.49
  351.82,   479.66,   591.40
  355.43,   482.89,   716.30
  347.59,   601.39,   463.28
  351.20,   604.62,   588.18
  354.81,   607.84,   713.09
  346.97,   726.34,   460.07
  350.58,   729.57,   584.97
  354.19,   732.80,   709.88
  100.66,   475.51,   599.63
  103.43,   473.76,   724.58
  106.19,   472.02,   849.54
  104.37,   600.44,   601.29
  107.14,   598.70,   726.25
  109.90,   596.95,   851.20
  108.08,   725.37,   602.95
  110.85,   723.63,   727.91
  113.61,   721.89,   852.86
  225.58,   471.83,   596.81
  228.34,   470.09,   721.77
  231.10,   468.35,   846.73
  229.29,   596.77,   598.47
  232.05,   595.02,   723.43
  234.82,   593.28,   848.39
  233.00,   721.70,   600.14
  235.76,   719.96,   725.09
  238.53,   718.21,   850.05
  350.49,   468.16,   594.00
  353.25,   466.42,   718.96
  356.02,   464.67,   843.91
  354.20,   593.09,   595.66
  356.97,   591.35,   720.62
  359.73,   589.61,   845.57
  357.91,   718.03,   597.32
  360.68,   716.28,   722.28
  363.44,   714.54,   847.24
   98.91,   599.64,    99.28
  101.43,   603.11,   224.21
  103.95,   606.58,   349.14
   95.24,   724.54,    95.89
   97.76,   728.01,   220.81
  100.28,   731.48,   345.74
   91.57,   849.44,    92.49
   94.09,   852.91,   217.41
   96.61,   856.38,   342.34
  223.83,   603.23,    96.66
  226.35,   606.71,   221.59
  228.87,   610.18,   346.52
  220.16,   728.13,    93.26
  222.68,   731.61,   218.19
  225.20,   735.08,   343.12
  216.49,   853.03,    89.87
  219.01,   856.51,   214.79
  221.53,   859.98,   339.72
  348.75,   606.83,    94.04
  351.27,   610.30,   218.97
  353.79,   613.78,   343.89
  345.08,   731.73,    90.64
  347.60,   735.20,   215.57
  350.12,   738.68,   340.50
  341.41,   856.63,    87.25
  343.93,   860.10,   212.17
  346.45,   863.58,   337.10
   99.34,   601.53,   224.20
  100.41,   600.16,   349.18
  101.47,   598.79,   474.17
   96.48,   726.49,   225.59
   97.55,   725.12,   350.58
   98.61,   723.75,   475.56
   93.62,   851.45,   226.98
   94.69,   850.08,   351.97
   95.75,   848.71,   476.96
  224.31,   604.40,   223.16
  225.37,   603.03,   348.15
  226.43,   601.66,   473.14
  221.45,   729.36,   224.56
  222.51,   727.99,   349.54
  223.57,   726.62,   474.53
  218.59,   854.32,   225.95
  219.65,   852.95,   350.94
  220.71,   851.58,   475.92
  349.27,   607.27,   222.13
  350.33,   605.90,   347.12
  351.40,   604.54,   472.11
  346.41,   732.23,   223.52
  347.47,   730.86,   348.51
  348.54,   729.50,   473.50
  343.55,   857.19,   224.92
  344.61,   855.82,   349.90
  345.68,   854.45,   474.89
   98.89,   598.89,   350.56
   95.63,   598.16,   475.51
   92.37,   597.42,   600.47
   95.19,   723.84,   351.20
   91.93,   723.10,   476.15
   88.68,   722.37,   601.11
   91.50,   848.78,   351.83
   88.24,   848.04,   476.79
   84.98,   847.31,   601.74
  223.79,   602.57,   353.83
  220.53,   601.83,   478.79
  217.27,   601.10,   603.74
  220.09,   727.51,   354.47
  216.84,   726.78,   479.43
  213.58,   726.04,   604.38
  216.40,   852.46,   355.11
  213.14,   851.72,   480.07
  209.89,   850.99,   605.02
  348.69,   606.24,   357.11
  345.43,   605.51,   482.07
  342.18,   604.77,   607.02
  345.00,   731.19,   357.75
  341.74,   730.45,   482.71
  338.48,   729.72,   607.66
  341.30,   856.13,   358.39
  338.05,   855.40,   483.34
  334.79,   854.66,   608.30
   99.40,   601.77,   474.22
   98.84,   599.07,   599.19
   98.27,   596.36,   724.16
   99.48,   726.74,   476.92
   98.92,   724.04,   601.89
   98.35,   721.33,   726.86
   99.56,   851.71,   479.63
   99.00,   849.01,   604.60
   98.43,   846.30,   729.57
  224.40,   601.68,   474.78
  223.84,   598.98,   599.75
  223.27,   596.27,   724.72
  224.48,   726.65,   477.49
  223.92,   723.95,   602.46
  223.35,   721.24,   727.43
  224.56,   851.62,   480.19
  224.00,   848.92,   605.16
  223.43,   846.21,   730.13
  349.40,   601.59,   475.35
  348.84,   598.88,   600.32
  348.27,   596.18,   725.29
  349.48,   726.56,   478.05
  348.92,   723.86,   603.02
  348.35,   721.15,   727.99
  349.56,   851.53,   480.75
  348.99,   848.83,   605.72
  348.43,   846.12,   730.69
  100.77,   600.54,   598.85
   97.44,   597.30,   723.76
   94.12,   594.06,   848.68
  102.52,   725.48,   602.14
   99.19,   722.24,   727.05
   95.87,   719.00,   851.96
  104.27,   850.43,   605.42
  100.94,   847.19,   730.34
   97.62,   843.95,   855.25
  225.71,   598.70,   602.13
  222.39,   595.46,   727.04
  219.06,   592.22,   851.95
  227.46,   723.64,   605.41
  224.14,   720.40,   730.33
  220.81,   717.16,   855.24
  229.21,   848.59,   608.70
  225.89,   845.35,   733.61
  222.56,   842.11,   858.53
  350.65,   596.86,   605.40
  347.33,   593.62,   730.32
  344.01,   590.38,   855.23
  352.40,   721.81,   608.69
  349.08,   718.57,   733.60
  345.76,   715.33,   858.52
  354.16,   846.75,   611.98
  350.83,   843.51,   736.89
  347.51,   840.27,   861.81
  224.23,    99.05,   100.48
  221.79,    98.68,   225.45
  219.35,    98.31,   350.43
  225.22,   224.05,   100.87
  222.79,   223.68,   225.84
  220.35,   223.30,   350.82
  226.22,   349.04,   101.26
  223.78,   348.67,   226.24
  221.35,   348.30,   351.21
  349.20,    98.05,   102.91
  346.76,    97.68,   227.89
  344.32,    97.30,   352.86
  350.20,   223.04,   103.30
  347.76,   222.67,   228.28
  345.32,   222.30,   353.25
  351.19,   348.04,   103.69
  348.76,   347.67,   228.67
  346.32,   347.29,   353.65
  474.17,    97.04,   105.35
  471.73,    96.67,   230.32
  469.30,    96.30,   355.30
  475.17,   222.04,   105.74
  472.73,   221.67,   230.71
  470.29,   221.29,   355.69
  476.17,   347.03,   106.13
  473.73,   346.66,   231.10
  471.29,   346.29,   356.08
  224.80,   101.18,   224.60
  226.84,   100.13,   349.57
  228.88,    99.08,   474.55
  221.38,   226.13,   225.70
  223.42,   225.08,   350.68
  225.46,   224.03,   475.66
  217.96,   351.08,   226.81
  220.00,   350.03,   351.79
  222.05,   348.97,   476.77
  349.74,   104.62,   222.58
  351.78,   103.57,   347.56
  353.82,   102.51,   472.54
  346.32,   229.57,   223.69
  348.36,   228.52,   348.67
  350.40,   227.46,   473.65
  342.90,   354.52,   224.80
  344.94,   353.46,   349.78
  346.98,   352.41,   474.76
  474.67,   108.06,   220.57
  476.71,   107.00,   345.55
  478.76,   105.95,   470.53
  471.25,   233.00,   221.68
  473.30,   231.95,   346.66
  475.34,   230.90,   471.64
  467.84,   357.95,   222.79
  469.88,   356.90,   347.77
  471.92,   355.85,   472.75
  224.80,    99.52,   349.59
  226.43,    97.82,   474.57
  228.06,    96.12,   599.55
  225.91,   224.51,   351.28
  227.54,   222.80,   476.26
  229.16,   221.10,   601.23
  227.02,   349.49,   352.97
  228.64,   347.79,   477.94
  230.27,   346.09,   602.92
  349.79,    98.44,   347.95
  351.41,    96.74,   472.93
  353.04,    95.04,   597.91
  350.89,   223.42,   349.64
  352.52,   221.72,   474.61
  354.15,   220.02,   599.59
  352.00,   348.40,   351.32
  353.63,   346.70,   476.30
  355.26,   345.00,   601.28
  474.77,    97.35,   346.31
  476.40,    95.65,   471.29
  478.03,    93.95,   596.26
  475.88,   222.34,   347.99
  477.51,   220.63,   472.97
  479.13,   218.93,   597.95
  476.98,   347.32,   349.68
  478.61,   345.62,   474.66
  480.24,   343.92,   599.64
  224.26,    98.37,   475.07
  222.14,    96.02,   600.03
  220.02,    93.67,   724.99
  221.63,   223.32,   477.37
  219.51,   220.97,   602.33
  217.39,   218.63,   727.29
  219.00,   348.27,   479.67
  216.87,   345.92,   604.63
  214.75,   343.58,   729.59
  349.22,   100.96,   477.24
  347.10,    98.61,   602.20
  344.98,    96.27,   727.16
  346.58,   225.91,   479.54
  344.46,   223.56,   604.50
  342.34,   221.22,   729.46
  343.95,   350.86,   481.84
  341.83,   348.52,   606.80
  339.71,   346.17,   731.76
  474.17,   103.55,   479.41
  472.05,   101.21,   604.37
  469.93,    98.86,   729.33
  471.54,   228.50,   481.71
  469.42,   226.16,   606.67
  467.30,   223.81,   731.63
  468.90,   353.45,   484.01
  466.78,   351.11,   608.97
  464.66,   348.76,   733.93
  223.17,   100.39,   598.25
  226.82,   101.00,   723.19
  230.47,   101.62,   848.14
  221.43,   225.38,   597.69
  225.08,   225.99,   722.63
  228.73,   226.60,   847.58
  219.68,   350.37,   597.13
  223.34,   350.98,   722.07
  226.99,   351.59,   847.02
  348.10,   102.12,   594.59
  351.76,   102.73,   719.53
  355.41,   103.34,   844.48
  346.36,   227.10,   594.03
  350.01,   227.72,   718.97
  353.67,   228.33,   843.92
  344.62,   352.09,   593.46
  348.27,   352.70,   718.41
  351.92,   353.32,   843.35
  473.04,   103.84,   590.93
  476.69,   104.46,   715.87
  480.34,   105.07,   840.82
  471.29,   228.83,   590.36
  474.95,   229.44,   715.31
  478.60,   230.05,   840.25
  469.55,   353.82,   589.80
  473.20,   354.43,   714.75
  476.86,   355.04,   839.69
  226.71,   226.41,   100.69
  225.73,   225.25,   225.68
  224.76,   224.08,   350.68
  224.67,   351.39,   101.84
  223.70,   350.23,   226.83
  222.72,   349.06,   351.82
  222.64,   476.37,   102.99
  221.66,   475.20,   227.98
  220.69,   474.04,   352.97
  351.69,   228.44,   101.69
  350.71,   227.28,   226.68
  349.74,   226.11,   351.67
  349.65,   353.42,   102.84
  348.68,   352.25,   227.83
  347.70,   351.09,   352.82
  347.61,   478.40,   103.99
  346.64,   477.23,   228.98
  345.67,   476.07,   353.97
  476.67,   230.47,   102.68
  475.69,   229.30,   227.67
  474.72,   228.14,   352.66
  474.63,   355.45,   103.83
  473.66,   354.28,   228.82
  472.68,   353.12,   353.81
  472.59,   480.43,   104.98
  471.62,   479.26,   229.97
  470.65,   478.09,   354.96
  226.06,   225.98,   226.22
  227.45,   225.78,   351.21
  228.85,   225.59,   476.20
  227.95,   350.97,   226.39
  229.34,   350.77,   351.38
  230.73,   350.57,   476.38
  229.83,   475.95,   226.57
  231.23,   475.76,   351.56
  232.62,   475.56,   476.55
  351.04,   224.10,   224.82
  352.43,   223.90,   349.81
  353.82,   223.70,   474.80
  352.92,   349.08,   225.00
  354.32,   348.89,   349.99
  355.71,   348.69,   474.98
  354.81,   474.07,   225.17
  356.20,   473.87,   350.16
  357.60,   473.67,   475.16
  476.02,   222.21,   223.42
  477.41,   222.02,   348.42
  478.80,   221.82,   473.41
  477.90,   347.20,   223.60
  479.30,   347.00,   348.59
  480.69,   346.80,   473.58
  479.79,   472.18,   223.78
  481.18,   471.99,   348.77
  482.58,   471.79,   473.76
  226.55,   226.07,   348.51
  226.93,   224.80,   473.51
  227.30,   223.52,   598.50
  224.31,   351.04,   349.79
  224.68,   349.77,   474.79
  225.06,   348.49,   599.78
  222.06,   476.02,   351.08
  222.44,   474.74,   476.07
  222.82,   473.47,   601.06
  351.53,   228.32,   348.16
  351.91,   227.04,   473.15
  352.28,   225.77,   598.15
  349.29,   353.29,   349.44
  349.66,   352.02,   474.43
  350.04,   350.74,   599.43
  347.04,   478.26,   350.72
  347.42,   476.99,   475.72
  347.80,   475.71,   600.71
  476.51,   230.57,   347.81
  476.89,   229.29,   472.80
  477.26,   228.01,   597.79
  474.27,   355.54,   349.09
  474.64,   354.26,   474.08
  475.02,   352.99,   599.07
  472.02,   480.51,   350.37
  472.40,   479.24,   475.36
  472.77,   477.96,   600.36
  223.45,   224.56,   476.77
  222.05,   228.08,   601.71
  220.64,   231.60,   726.66
  226.21,   349.48,   473.28
  224.80,   353.00,   598.22
  223.40,   356.52,   723.17
  228.96,   474.40,   469.79
  227.55,   477.92,   594.73
  226.15,   481.44,   719.68
  348.42,   221.84,   478.25
  347.01,   225.36,   603.20
  345.61,   228.89,   728.14
  351.17,   346.76,   474.76
  349.76,   350.29,   599.71
  348.36,   353.81,   724.65
  353.92,   471.69,   471.27
  352.52,   475.21,   596.22
  351.11,   478.73,   721.16
  473.38,   219.13,   479.73
  471.97,   222.65,   604.68
  470.57,   226.17,   729.62
  476.13,   344.05,   476.24
  474.72,   347.57,   601.19
  473.32,   351.10,   726.13
  478.88,   468.97,   472.75
  477.48,   472.49,   597.70
  476.07,   476.02,   722.64
  223.91,   223.13,   600.11
  227.30,   220.70,   725.04
  230.68,   218.27,   849.97
  224.90,   348.10,   602.51
  228.29,   345.67,   727.44
  231.67,   343.24,   852.38
  225.89,   473.07,   604.92
  229.27,   470.64,   729.85
  232.66,   468.21,   854.78
  348.86,   222.20,   596.71
  352.25,   219.77,   721.64
  355.63,   217.35,   846.57
  349.85,   347.18,   599.11
  353.24,   344.75,   724.04
  356.62,   342.32,   848.97
  350.84,   472.15,   601.51
  354.22,   469.72,   726.45
  357.61,   467.29,   851.38
  473.81,   221.28,   593.31
  477.20,   218.85,   718.24
  480.58,   216.42,   843.17
  474.80,   346.25,   595.71
  478.19,   343.82,   720.64
  481.57,   341.40,   845.57
  475.79,   471.23,   598.11
  479.17,   468.80,   723.04
  482.56,   466.37,   847.97
  225.30,   350.60,    98.22
  229.01,   348.64,   223.15
  232.71,   346.67,   348.08
  227.23,   475.57,   100.12
  230.94,   473.61,   225.05
  234.64,   471.64,   349.98
  229.16,   600.54,   102.03
  232.87,   598.58,   226.96
  236.57,   596.61,   351.89
  350.23,   348.73,    94.48
  353.94,   346.76,   219.41
  357.64,   344.80,   344.34
  352.16,   473.70,    96.39
  355.87,   471.73,   221.32
  359.57,   469.77,   346.25
  354.09,   598.67,    98.30
  357.80,   596.70,   223.23
  361.50,   594.74,   348.16
  475.16,   346.86,    90.75
  478.87,   344.89,   215.68
  482.57,   342.93,   340.61
  477.09,   471.83,    92.66
  480.80,   469.86,   217.59
  484.50,   467.90,   342.52
  479.02,   596.80,    94.56
  482.73,   594.83,   219.49
  486.43,   592.87,   344.42
  226.95,   348.74,   224.16
  226.12,   346.22,   349.13
  225.28,   343.71,   474.10
  226.25,   473.71,   226.67
  225.41,   471.20,   351.64
  224.58,   468.68,   476.62
  225.55,   598.69,   229.18
  224.71,   596.17,   354.16
  223.88,   593.65,   479.13
  351.95,   349.43,   225.01
  351.11,   346.91,   349.98
  350.28,   344.39,   474.95
  351.24,   474.40,   227.52
  350.41,   471.88,   352.49
  349.57,   469.36,   477.46
  350.54,   599.37,   230.03
  349.71,   596.85,   355.01
  348.87,   594.34,   479.98
  476.94,   350.11,   225.86
  476.11,   347.59,   350.83
  475.27,   345.08,   475.80
  476.24,   475.09,   228.37
  475.40,   472.57,   353.34
  474.57,   470.05,   478.31
  475.54,   600.06,   230.88
  474.70,   597.54,   355.85
  473.87,   595.02,   480.83
  224.32,   350.81,   349.57
  225.67,   350.95,   474.56
  227.02,   351.09,   599.55
  226.92,   475.78,   349.40
  228.27,   475.92,   474.39
  229.62,   476.06,   599.38
  229.52,   600.76,   349.23
  230.87,   600.90,   474.22
  232.21,   601.04,   599.22
  349.29,   348.21,   348.22
  350.64,   348.35,   473.22
  351.98,   348.49,   598.21
  351.89,   473.18,   348.06
  353.23,   473.32,   473.05
  354.58,   473.46,   598.04
  354.48,   598.16,   347.89
  355.83,   598.30,   472.88
  357.18,   598.44,   597.87
  474.25,   345.61,   346.88
  475.60,   345.75,   471.87
  476.95,   345.89,   596.86
  476.85,   470.58,   346.71
  478.20,   470.72,   471.70
  479.55,   470.86,   596.70
  479.45,   595.56,   346.54
  480.80,   595.70,   471.54
  482.14,   595.84,   596.53
  223.96,   350.36,   473.35
  221.15,   352.37,   598.30
  218.35,   354.38,   723.25
  224.76,   475.34,   471.35
  221.96,   477.35,   596.30
  219.15,   479.37,   721.26
  225.57,   600.32,   469.36
  222.76,   602.33,   594.31
  219.96,   604.35,   719.26
  348.92,   349.60,   476.16
  346.12,   351.61,   601.12
  343.31,   353.62,   726.07
  349.73,   474.58,   474.17
  346.92,   476.59,   599.12
  344.12,   478.60,   724.07
  350.53,   599.56,   472.17
  347.73,   601.57,   597.13
  344.93,   603.59,   722.08
  473.89,   348.84,   478.98
  471.08,   350.85,   603.93
  468.28,   352.86,   728.88
  474.69,   473.82,   476.98
  471.89,   475.83,   601.94
  469.09,   477.84,   726.89
  475.50,   598.80,   474.99
  472.70,   600.81,   599.94
  469.89,   602.82,   724.89
  224.34,   348.99,   598.21
  225.60,   345.37,   723.16
  226.86,   341.74,   848.10
  225.34,   473.93,   601.83
  226.60,   470.31,   726.77
  227.86,   466.69,   851.71
  226.34,   598.88,   605.44
  227.60,   595.25,   730.38
  228.86,   591.63,   855.32
  349.33,   348.03,   596.93
  350.59,   344.40,   721.87
  351.85,   340.78,   846.81
  350.33,   472.97,   600.54
  351.59,   469.35,   725.48
  352.85,   465.73,   850.42
  351.33,   597.91,   604.15
  352.59,   594.29,   729.09
  353.85,   590.67,   854.03
  474.32,   347.06,   595.64
  475.58,   343.44,   720.58
  476.84,   339.82,   845.52
  475.32,   472.01,   599.25
  476.58,   468.38,   724.19
  477.84,   464.76,   849.13
  476.32,   596.95,   602.86
  477.58,   593.33,   727.80
  478.84,   589.71,   852.74
  224.43,   473.87,   101.05
  221.73,   472.42,   226.01
  219.04,   470.96,   350.97
  227.23,   598.83,   102.56
  224.53,   597.38,   227.52
  221.84,   595.92,   352.49
  230.03,   723.79,   104.08
  227.33,   722.33,   229.04
  224.64,   720.88,   354.00
  349.37,   471.04,   103.71
  346.67,   469.58,   228.67
  343.98,   468.13,   353.63
  352.17,   596.00,   105.22
  349.47,   594.54,   230.18
  346.78,   593.09,   355.15
  354.97,   720.96,   106.74
  352.27,   719.50,   231.70
  349.58,   718.05,   356.66
  474.31,   468.21,   106.37
  471.61,   466.75,   231.33
  468.92,   465.30,   356.29
  477.11,   593.16,   107.88
  474.41,   591.71,   232.85
  471.72,   590.26,   357.81
  479.91,   718.12,   109.40
  477.21,   716.67,   234.36
  474.52,   715.22,   359.32
  226.30,   473.51,   225.71
  222.76,   474.25,   350.66
  219.23,   474.99,   475.61
  226.46,   598.51,   224.98
  222.92,   599.25,   349.92
  219.39,   599.99,   474.87
  226.62,   723.51,   224.24
  223.08,   724.24,   349.19
  219.54,   724.98,   474.14
  351.25,   473.37,   229.25
  347.71,   474.11,   354.19
  344.18,   474.85,   479.14
  351.41,   598.37,   228.51
  347.87,   599.11,   353.46
  344.34,   599.85,   478.41
  351.56,   723.37,   227.78
  348.03,   724.11,   352.72
  344.49,   724.85,   477.67
  476.20,   473.23,   232.78
  472.66,   473.97,   357.73
  469.13,   474.71,   482.68
  476.36,   598.23,   232.05
  472.82,   598.97,   357.00
  469.29,   599.71,   481.94
  476.51,   723.23,   231.31
  472.98,   723.97,   356.26
  469.44,   724.71,   481.21
  224.98,   473.21,   350.90
  224.02,   474.70,   475.89
  223.06,   476.19,   600.88
  227.28,   598.18,   349.43
  226.32,   599.67,   474.42
  225.36,   601.16,   599.40
  229.58,   723.15,   347.96
  228.62,   724.64,   472.94
  227.66,   726.14,   597.93
  349.95,   470.92,   351.89
  348.99,   472.41,   476.88
  348.04,   473.91,   601.86
  352.25,   595.89,   350.42
  351.29,   597.38,   475.40
  350.34,   598.88,   600.39
  354.55,   720.86,   348.94
  353.60,   722.35,   473.93
  352.64,   723.85,   598.92
  474.93,   468.63,   352.87
  473.97,   470.12,   477.86
  473.01,   471.62,   602.85
  477.23,   593.60,   351.40
  476.27,   595.09,   476.39
  475.31,   596.59,   601.38
  479.53,   718.57,   349.93
  478.57,   720.06,   474.91
  477.61,   721.56,   599.90
  226.70,   474.04,   475.79
  227.92,   471.24,   600.75
  229.14,   468.43,   725.71
  227.05,   599.01,   478.59
  228.27,   596.20,   603.55
  229.49,   593.40,   728.52
  227.41,   723.98,   481.39
  228.63,   721.17,   606.35
  229.85,   718.37,   731.32
  351.69,   473.71,   474.56
  352.91,   470.91,   599.52
  354.13,   468.10,   724.49
  352.05,   598.68,   477.36
  353.27,   595.88,   602.33
  354.49,   593.07,   727.29
  352.40,   723.65,   480.16
  353.62,   720.84,   605.13
  354.84,   718.04,   730.09
  476.68,   473.38,   473.33
  477.90,   470.58,   598.30
  479.13,   467.77,   723.26
  477.04,   598.35,   476.13
  478.26,   595.55,   601.10
  479.48,   592.74,   726.06
  477.40,   723.32,   478.94
  478.62,   720.52,   603.90
  479.84,   717.71,   728.86
  226.48,   474.77,   598.74
  226.67,   476.38,   723.73
  226.86,   477.99,   848.72
  227.85,   599.76,   597.13
  228.04,   601.36,   722.12
  228.23,   602.97,   847.11
  229.22,   724.74,   595.52
  229.40,   726.34,   720.51
  229.59,   727.95,   845.50
  351.47,   473.40,   598.57
  351.66,   475.01,   723.56
  351.85,   476.62,   848.55
  352.84,   598.39,   596.96
  353.03,   599.99,   721.95
  353.22,   601.60,   846.94
  354.21,   723.37,   595.35
  354.40,   724.97,   720.34
  354.59,   726.58,   845.33
  476.47,   472.03,   598.40
  476.65,   473.64,   723.39
  476.84,   475.25,   848.38
  477.83,   597.02,   596.79
  478.02,   598.62,   721.78
  478.21,   600.23,   846.77
  479.20,   722.00,   595.18
  479.39,   723.60,   720.17
  479.58,   725.21,   845.16
  224.05,   600.30,    98.32
  226.46,   602.91,   223.27
  228.87,   605.51,   348.22
  220.38,   725.22,    95.79
  222.79,   727.83,   220.74
  225.20,   730.43,   345.69
  216.71,   850.14,    93.25
  219.12,   852.75,   218.20
  221.53,   855.35,   343.15
  348.97,   603.92,    95.84
  351.38,   606.53,   220.79
  353.79,   609.13,   345.74
  345.31,   728.84,    93.30
  347.71,   731.45,   218.25
  350.12,   734.05,   343.20
  341.64,   853.76,    90.77
  344.05,   856.37,   215.72
  346.46,   858.97,   340.67
  473.90,   607.54,    93.36
  476.31,   610.14,   218.30
  478.72,   612.75,   343.25
  470.23,   732.46,    90.82
  472.64,   735.06,   215.77
  475.05,   737.67,   340.72
  466.56,   857.38,    88.29
  468.97,   859.99,   213.24
  471.38,   862.59,   338.19
  224.47,   599.89,   226.42
  225.25,   596.39,   351.37
  226.03,   592.90,   476.32
  227.87,   724.80,   229.90
  228.65,   721.30,   354.85
  229.43,   717.80,   479.80
  231.28,   849.70,   233.37
  232.06,   846.20,   358.32
  232.84,   842.71,   483.27
  349.42,   596.51,   225.55
  350.20,   593.01,   350.50
  350.98,   589.51,   475.45
  352.83,   721.41,   229.02
  353.61,   717.92,   353.97
  354.38,   714.42,   478.92
  356.23,   846.32,   232.50
  357.01,   842.82,   357.45
  357.79,   839.32,   482.40
  474.37,   593.13,   224.67
  475.15,   589.63,   349.62
  475.93,   586.13,   474.57
  477.78,   718.03,   228.15
  478.56,   714.53,   353.10
  479.34,   711.04,   478.05
  481.18,   842.94,   231.62
  481.96,   839.44,   356.57
  482.74,   835.94,   481.52
  223.45,   600.36,   350.25
  221.12,   602.36,   475.21
  218.79,   604.36,   600.17
  225.86,   725.32,   348.29
  223.53,   727.32,   473.25
  221.21,   729.32,   598.22
  228.28,   850.28,   346.34
  225.95,   852.28,   471.30
  223.62,   854.28,   596.26
  348.41,   597.98,   352.61
  346.08,   599.98,   477.57
  343.75,   601.98,   602.54
  350.82,   722.95,   350.66
  348.49,   724.94,   475.62
  346.16,   726.94,   600.58
  353.23,   847.91,   348.70
  350.90,   849.91,   473.67
  348.57,   851.90,   598.63
  473.36,   595.61,   354.98
  471.03,   597.61,   479.94
  468.70,   599.61,   604.90
  475.77,   720.57,   353.02
  473.44,   722.57,   477.99
  471.12,   724.57,   602.95
  478.19,   845.53,   351.07
  475.86,   847.53,   476.03
  473.53,   849.53,   601.00
  223.76,   601.34,   476.90
  222.99,   603.06,   601.89
  222.21,   604.77,   726.88
  222.79,   726.32,   475.18
  222.01,   728.04,   600.17
  221.23,   729.76,   725.15
  221.81,   851.31,   473.46
  221.03,   853.02,   598.45
  220.26,   854.74,   723.43
  348.76,   602.33,   477.67
  347.98,   604.04,   602.65
  347.20,   605.76,   727.64
  347.78,   727.31,   475.95
  347.00,   729.03,   600.93
  346.23,   730.74,   725.92
  346.80,   852.30,   474.22
  346.03,   854.01,   599.21
  345.25,   855.73,   724.20
  473.75,   603.31,   478.43
  472.97,   605.03,   603.42
  472.20,   606.74,   728.40
  472.77,   728.30,   476.71
  472.00,   730.01,   601.70
  471.22,   731.73,   726.68
  471.80,   853.28,   474.99
  471.02,   855.00,   599.97
  470.24,   856.71,   724.96
  224.74,   600.70,   598.59
  224.79,   604.03,   723.54
  224.85,   607.36,   848.50
  227.45,   725.62,   595.25
  227.51,   728.96,   720.21
  227.56,   732.29,   845.16
  230.17,   850.55,   591.92
  230.22,   853.88,   716.88
  230.28,   857.22,   841.83
  349.71,   597.98,   598.61
  349.76,   601.32,   723.56
  349.82,   604.65,   848.52
  352.42,   722.91,   595.27
  352.48,   726.24,   720.23
  352.53,   729.58,   845.18
  355.14,   847.83,   591.94
  355.19,   851.17,   716.89
  355.25,   854.50,   841.85
  474.68,   595.27,   598.62
  474.73,   598.60,   723.58
  474.79,   601.93,   848.54
  477.40,   720.19,   595.29
  477.45,   723.53,   720.25
  477.50,   726.86,   845.20
  480.11,   845.12,   591.96
  480.16,   848.45,   716.91
  480.22,   851.79,   841.87
  351.96,   100.99,    99.55
  354.69,   100.83,   224.52
  357.42,   100.67,   349.49
  349.60,   225.97,    99.76
  352.33,   225.81,   224.73
  355.07,   225.65,   349.70
  347.25,   350.95,    99.97
  349.98,   350.79,   224.94
  352.71,   350.63,   349.91
  476.90,   103.35,    96.82
  479.64,   103.19,   221.79
  482.37,   103.03,   346.76
  474.55,   228.33,    97.03
  477.28,   228.17,   222.00
  480.02,   228.01,   346.97
  472.19,   353.30,    97.24
  474.93,   353.15,   222.21
  477.66,   352.99,   347.18
  601.85,   105.71,    94.09
  604.59,   105.55,   219.06
  607.32,   105.39,   344.03
  599.50,   230.69,    94.30
  602.23,   230.53,   219.27
  604.96,   230.37,   344.24
  597.14,   355.66,    94.51
  599.88,   355.50,   219.48
  602.61,   355.35,   344.45
  348.19,   100.06,   223.39
  350.54,   101.13,   348.37
  352.88,   102.20,   473.34
  350.32,   225.03,   222.29
  352.66,   226.10,   347.26
  355.01,   227.17,   472.23
  352.44,   350.01,   221.18
  354.79,   351.08,   346.15
  357.14,   352.15,   471.12
  473.15,    97.91,   221.07
  475.50,    98.98,   346.04
  477.84,   100.05,   471.01
  475.28,   222.89,   219.96
  477.62,   223.96,   344.93
  479.97,   225.03,   469.91
  477.40,   347.86,   218.85
  479.75,   348.93,   343.82
  482.10,   350.00,   468.80
  598.11,    95.76,   218.74
  600.46,    96.83,   343.71
  602.80,    97.90,   468.69
  600.24,   220.74,   217.63
  602.58,   221.81,   342.60
  604.93,   222.88,   467.58
  602.36,   345.72,   216.52
  604.71,   346.79,   341.50
  607.06,   347.86,   466.47
  349.88,   100.12,   348.20
  351.36,    98.15,   473.17
  352.84,    96.18,   598.15
  347.28,   225.08,   350.20
  348.76,   223.11,   475.18
  350.24,   221.14,   600.15
  344.67,   350.04,   352.20
  346.15,   348.07,   477.18
  347.63,   346.09,   602.16
  474.85,   102.76,   346.76
  476.33,   100.78,   471.73
  477.81,    98.81,   596.71
  472.24,   227.71,   348.76
  473.72,   225.74,   473.74
  475.20,   223.77,   598.71
  469.63,   352.67,   350.77
  471.11,   350.70,   475.74
  472.59,   348.72,   600.72
  599.81,   105.39,   345.32
  601.29,   103.42,   470.30
  602.77,   101.44,   595.27
  597.20,   230.34,   347.32
  598.68,   228.37,   472.30
  600.16,   226.40,   597.28
  594.60,   355.30,   349.33
  596.08,   353.33,   474.30
  597.56,   351.36,   599.28
  350.82,    99.04,   476.17
  348.44,    97.02,   601.13
  346.06,    95.00,   726.10
  351.62,   224.03,   478.21
  349.24,   222.00,   603.17
  346.86,   219.98,   728.13
  352.41,   349.01,   480.25
  350.03,   346.98,   605.21
  347.65,   344.96,   730.17
  475.79,    98.21,   478.54
  473.42,    96.19,   603.50
  471.04,    94.16,   728.46
  476.59,   223.19,   480.58
  474.21,   221.17,   605.54
  471.83,   219.14,   730.50
  477.39,   348.17,   482.62
  475.01,   346.15,   607.58
  472.63,   344.13,   732.54
  600.77,    97.38,   480.90
  598.39,    95.35,   605.86
  596.01,    93.33,   730.83
  601.56,   222.36,   482.94
  599.19,   220.33,   607.90
  596.81,   218.31,   732.86
  602.36,   347.34,   484.98
  599.98,   345.31,   609.94
  597.60,   343.29,   734.90
  348.21,    98.92,   598.88
  349.24,   101.24,   723.86
  350.28,   103.55,   848.83
  347.61,   223.90,   596.57
  348.65,   226.21,   721.55
  349.69,   228.53,   846.52
  347.01,   348.87,   594.26
  348.05,   351.19,   719.23
  349.09,   353.51,   844.21
  473.20,    99.50,   597.84
  474.24,   101.81,   722.81
  475.28,   104.13,   847.78
  472.61,   224.47,   595.52
  473.64,   226.79,   720.50
  474.68,   229.11,   845.47
  472.01,   349.45,   593.21
  473.05,   351.77,   718.18
  474.08,   354.08,   843.16
  598.20,   100.07,   596.79
  599.23,   102.39,   721.76
  600.27,   104.71,   846.74
  597.60,   225.05,   594.47
  598.64,   227.37,   719.45
  599.67,   229.68,   844.42
  597.00,   350.03,   592.16
  598.04,   352.34,   717.14
  599.08,   354.66,   842.11
  348.21,   223.82,    98.89
  349.31,   225.19,   223.88
  350.41,   226.57,   348.87
  346.90,   348.81,    97.53
  348.00,   350.18,   222.52
  349.11,   351.56,   347.50
  345.60,   473.79,    96.16
  346.70,   475.17,   221.15
  347.80,   476.54,   346.14
  473.19,   225.11,    97.78
  474.30,   226.49,   222.76
  475.40,   227.86,   347.75
  471.89,   350.10,    96.41
  472.99,   351.47,   221.40
  474.10,   352.85,   346.39
  470.59,   475.08,    95.05
  471.69,   476.46,   220.03
  472.79,   477.83,   345.02
  598.18,   226.40,    96.66
  599.29,   227.78,   221.65
  600.39,   229.15,   346.63
  596.88,   351.39,    95.30
  597.98,   352.76,   220.28
  599.08,   354.14,   345.27
  595.58,   476.37,    93.93
  596.68,   477.75,   218.92
  597.78,   479.13,   343.91
  349.11,   226.21,   226.85
  348.00,   228.04,   351.83
  346.88,   229.88,   476.81
  348.58,   351.19,   225.01
  347.46,   353.03,   349.99
  346.34,   354.87,   474.97
  348.04,   476.18,   223.17
  346.92,   478.01,   348.15
  345.80,   479.85,   473.13
  474.11,   226.76,   227.96
  472.99,   228.60,   352.94
  471.87,   230.43,   477.92
  473.57,   351.75,   226.12
  472.45,   353.58,   351.10
  471.34,   355.42,   476.08
  473.03,   476.73,   224.27
  471.92,   478.57,   349.26
  470.80,   480.40,   474.24
  599.10,   227.32,   229.07
  597.99,   229.15,   354.05
  596.87,   230.99,   479.03
  598.56,   352.30,   227.22
  597.45,   354.14,   352.21
  596.33,   355.97,   477.19
  598.03,   477.29,   225.38
  596.91,   479.12,   350.36
  595.79,   480.96,   475.35
  351.71,   223.93,   348.65
  349.12,   221.49,   473.60
  346.54,   219.05,   598.55
  354.21,   348.88,   351.14
  351.63,   346.44,   476.09
  349.05,   344.00,   601.04
  356.72,   473.83,   353.64
  354.14,   471.39,   478.59
  351.56,   468.95,   603.54
  476.66,   221.38,   351.18
  474.07,   218.93,   476.13
  471.49,   216.49,   601.08
  479.16,   346.33,   353.68
  476.58,   343.88,   478.62
  474.00,   341.44,   603.57
  481.67,   471.28,   356.17
  479.09,   468.83,   481.12
  476.51,   466.39,   606.07
  601.60,   218.82,   353.71
  599.02,   216.38,   478.66
  596.44,   213.93,   603.61
  604.11,   343.77,   356.21
  601.53,   341.33,   481.16
  598.95,   338.88,   606.11
  606.62,   468.72,   358.70
  604.04,   466.28,   483.65
  601.45,   463.83,   608.60
  348.90,   223.34,   475.51
  351.29,   224.97,   600.47
  353.68,   226.60,   725.44
  351.71,   348.29,   473.82
  354.11,   349.93,   598.78
  356.50,   351.56,   723.75
  354.53,   473.25,   472.13
  356.93,   474.88,   597.10
  359.32,   476.52,   722.06
  473.84,   220.49,   473.15
  476.24,   222.12,   598.12
  478.63,   223.76,   723.08
  476.66,   345.44,   471.46
  479.05,   347.08,   596.43
  481.45,   348.71,   721.39
  479.48,   470.40,   469.77
  481.87,   472.03,   594.74
  484.27,   473.67,   719.71
  598.79,   217.64,   470.79
  601.18,   219.27,   595.76
  603.57,   220.91,   720.73
  601.60,   342.59,   469.11
  604.00,   344.23,   594.07
  606.39,   345.86,   719.04
  604.42,   467.55,   467.42
  606.82,   469.18,   592.38
  609.21,   470.82,   717.35
  349.42,   224.84,   601.63
  349.42,   228.14,   726.58
  349.41,   231.44,   851.54
  347.73,   349.78,   598.33
  347.73,   353.08,   723.28
  347.72,   356.38,   848.24
  346.04,   474.73,   595.03
  346.04,   478.03,   719.98
  346.03,   481.33,   844.94
  474.41,   226.53,   601.59
  474.41,   229.83,   726.55
  474.40,   233.13,   851.50
  472.72,   351.47,   598.29
  472.72,   354.77,   723.25
  472.71,   358.07,   848.20
  471.03,   476.42,   594.99
  471.03,   479.72,   719.95
  471.02,   483.02,   844.90
  599.40,   228.22,   601.55
  599.39,   231.52,   726.51
  599.39,   234.82,   851.46
  597.71,   353.16,   598.25
  597.70,   356.46,   723.21
  597.70,   359.76,   848.16
  596.02,   478.11,   594.95
  596.01,   481.41,   719.91
  596.01,   484.71,   844.86
  351.93,   349.96,    98.50
  349.58,   347.74,   223.46
  347.23,   345.52,   348.41
  355.48,   474.89,   100.78
  353.13,   472.67,   225.74
  350.78,   470.45,   350.70
  359.02,   599.82,   103.07
  356.68,   597.60,   228.02
  354.33,   595.38,   352.98
  476.86,   346.37,   100.78
  474.51,   344.15,   225.74
  472.16,   341.93,   350.70
  480.41,   471.30,   103.07
  478.06,   469.08,   228.02
  475.71,   466.86,   352.98
  483.95,   596.23,   105.35
  481.60,   594.01,   230.31
  479.26,   591.79,   355.27
  601.79,   342.78,   103.07
  599.44,   340.56,   228.02
  597.09,   338.34,   352.98
  605.33,   467.71,   105.35
  602.98,   465.49,   230.31
  600.64,   463.27,   355.27
  608.88,   592.64,   107.63
  606.53,   590.42,   232.59
  604.18,   588.20,   357.55
  348.97,   348.04,   224.04
  346.19,   347.57,   349.01
  343.41,   347.10,   473.98
  346.51,   473.02,   224.46
  343.73,   472.55,   349.42
  340.95,   472.08,   474.39
  344.06,   597.99,   224.87
  341.28,   597.52,   349.84
  338.50,   597.05,   474.81
  473.91,   350.48,   226.83
  471.13,   350.02,   351.80
  468.35,   349.55,   476.77
  471.46,   475.46,   227.24
  468.68,   474.99,   352.21
  465.90,   474.52,   477.18
  469.00,   600.43,   227.66
  466.22,   599.97,   352.63
  463.45,   599.50,   477.59
  598.86,   352.93,   229.62
  596.08,   352.46,   354.58
  593.30,   351.99,   479.55
  596.40,   477.90,   230.03
  593.62,   477.43,   355.00
  590.84,   476.97,   479.97
  593.95,   602.88,   230.44
  591.17,   602.41,   355.41
  588.39,   601.94,   480.38
  348.77,   348.12,   351.64
  345.37,   345.77,   476.57
  341.96,   343.43,   601.51
  345.18,   473.05,   353.89
  341.77,   470.70,   478.82
  338.37,   468.36,   603.75
  341.58,   597.97,   356.13
  338.18,   595.63,   481.07
  334.77,   593.29,   606.00
  473.67,   351.65,   355.11
  470.27,   349.30,   480.05
  466.86,   346.96,   604.98
  470.08,   476.58,   357.36
  466.67,   474.23,   482.29
  463.27,   471.89,   607.22
  466.48,   601.51,   359.61
  463.08,   599.16,   484.54
  459.67,   596.82,   609.47
  598.57,   355.18,   358.58
  595.17,   352.84,   483.52
  591.76,   350.49,   608.45
  594.98,   480.11,   360.83
  591.58,   477.76,   485.76
  588.17,   475.42,   610.69
  591.39,   605.04,   363.08
  587.98,   602.69,   488.01
  584.58,   600.35,   612.94
  349.70,   349.75,   475.69
  347.49,   348.71,   600.66
  345.27,   347.67,   725.64
  352.18,   474.73,   476.77
  349.96,   473.68,   601.75
  347.75,   472.64,   726.73
  354.66,   599.70,   477.86
  352.44,   598.65,   602.84
  350.22,   597.61,   727.81
  474.66,   347.26,   477.88
  472.44,   346.21,   602.86
  470.22,   345.17,   727.83
  477.14,   472.23,   478.97
  474.92,   471.18,   603.95
  472.70,   470.14,   728.92
  479.61,   597.20,   480.06
  477.40,   596.15,   605.03
  475.18,   595.11,   730.01
  599.61,   344.76,   480.08
  597.40,   343.72,   605.05
  595.18,   342.67,   730.03
  602.09,   469.73,   481.17
  599.87,   468.69,   606.14
  597.66,   467.64,   731.12
  604.57,   594.70,   482.26
  602.35,   593.66,   607.23
  600.14,   592.61,   732.21
  348.86,   350.94,   601.72
  345.53,   353.59,   726.65
  342.20,   356.25,   851.57
  347.03,   475.89,   599.01
  343.70,   478.55,   723.94
  340.37,   481.20,   848.87
  345.19,   600.85,   596.31
  341.86,   603.51,   721.23
  338.53,   606.16,   846.16
  473.80,   352.84,   605.01
  470.48,   355.50,   729.93
  467.15,   358.15,   854.86
  471.97,   477.80,   602.30
  468.64,   480.46,   727.23
  465.31,   483.11,   852.16
  470.13,   602.76,   599.60
  466.80,   605.41,   724.52
  463.48,   608.07,   849.45
  598.75,   354.75,   608.29
  595.42,   357.41,   733.22
  592.09,   360.06,   858.15
  596.91,   479.71,   605.59
  593.58,   482.36,   730.52
  590.25,   485.02,   855.44
  595.07,   604.66,   602.88
  591.75,   607.32,   727.81
  588.42,   609.98,   852.74
  351.12,   475.10,    99.41
  353.40,   474.29,   224.39
  355.68,   473.47,   349.36
  349.23,   600.09,   100.26
  351.51,   599.27,   225.24
  353.79,   598.46,   350.21
  347.34,   725.07,   101.11
  349.62,   724.25,   226.09
  351.90,   723.44,   351.06
  476.09,   477.01,    97.15
  478.37,   476.20,   222.12
  480.64,   475.38,   347.10
  474.19,   601.99,    97.99
  476.47,   601.18,   222.97
  478.75,   600.36,   347.95
  472.30,   726.98,    98.84
  474.58,   726.16,   223.82
  476.86,   725.35,   348.80
  601.05,   478.92,    94.88
  603.33,   478.10,   219.86
  605.61,   477.29,   344.83
  599.16,   603.90,    95.73
  601.44,   603.09,   220.70
  603.72,   602.27,   345.68
  597.27,   728.88,    96.58
  599.55,   728.07,   221.55
  601.83,   727.25,   346.53
  350.05,   476.71,   224.74
  350.43,   477.29,   349.74
  350.82,   477.86,   474.74
  349.06,   601.71,   224.17
  349.45,   602.28,   349.17
  349.84,   602.86,   474.16
  348.08,   726.70,   223.60
  348.47,   727.28,   348.59
  348.85,   727.85,   473.59
  475.04,   477.70,   224.35
  475.43,   478.27,   349.35
  475.82,   478.85,   474.34
  474.06,   602.69,   223.78
  474.44,   603.27,   348.77
  474.83,   603.84,   473.77
  473.07,   727.69,   223.20
  473.46,   728.26,   348.20
  473.85,   728.84,   473.20
  600.04,   478.68,   223.96
  600.42,   479.25,   348.95
  600.81,   479.83,   473.95
  599.05,   603.67,   223.38
  599.44,   604.25,   348.38
  599.83,   604.82,   473.38
  598.07,   728.67,   222.81
  598.46,   729.24,   347.81
  598.84,   729.82,   472.81
  351.13,   475.24,   349.95
  354.07,   478.62,   474.87
  357.01,   482.00,   599.79
  354.14,   600.16,   346.50
  357.08,   603.54,   471.42
  360.02,   606.92,   596.34
  357.14,   725.08,   343.05
  360.08,   728.45,   467.97
  363.03,   731.83,   592.89
  476.06,   472.16,   347.09
  479.00,   475.54,   472.01
  481.94,   478.92,   596.93
  479.06,   597.07,   343.64
  482.01,   600.45,   468.56
  484.95,   603.83,   593.48
  482.07,   721.99,   340.19
  485.01,   725.37,   465.11
  487.96,   728.75,   590.03
  600.99,   469.07,   344.24
  603.93,   472.45,   469.16
  606.87,   475.83,   594.07
  603.99,   593.99,   340.79
  606.94,   597.37,   465.70
  609.88,   600.75,   590.62
  607.00,   718.90,   337.33
  609.94,   722.28,   462.25
  612.89,   725.66,   587.17
  350.22,   473.30,   476.31
  346.46,   471.23,   601.24
  342.71,   469.16,   726.16
  353.42,   598.24,   478.48
  349.66,   596.17,   603.40
  345.90,   594.10,   728.33
  356.62,   723.18,   480.64
  352.86,   721.11,   605.57
  349.10,   719.04,   730.50
  475.12,   470.04,   480.01
  471.37,   467.97,   604.94
  467.61,   465.89,   729.86
  478.32,   594.98,   482.18
  474.56,   592.91,   607.10
  470.81,   590.83,   732.03
  481.52,   719.92,   484.35
  477.76,   717.85,   609.27
  474.01,   715.77,   734.20
  600.02,   466.77,   483.71
  596.27,   464.70,   608.64
  592.51,   462.63,   733.56
  603.22,   591.71,   485.88
  599.47,   589.64,   610.81
  595.71,   587.57,   735.73
  606.42,   716.66,   488.05
  602.66,   714.58,   612.97
  598.91,   712.51,   737.90
  349.01,   475.13,   598.76
  352.29,   475.04,   723.71
  355.56,   474.95,   848.67
  352.44,   600.08,   598.75
  355.72,   599.99,   723.71
  359.00,   599.91,   848.67
  355.87,   725.04,   598.75
  359.15,   724.95,   723.71
  362.43,   724.86,   848.67
  473.92,   471.70,   595.48
  477.20,   471.61,   720.43
  480.47,   471.52,   845.39
  477.35,   596.65,   595.47
  480.63,   596.56,   720.43
  483.91,   596.48,   845.39
  480.78,   721.61,   595.47
  484.06,   721.52,   720.43
  487.34,   721.43,   845.39
  598.83,   468.27,   592.20
  602.11,   468.18,   717.15
  605.38,   468.09,   842.11
  602.26,   593.22,   592.20
  605.54,   593.13,   717.15
  608.82,   593.05,   842.11
  605.69,   718.18,   592.19
  608.97,   718.09,   717.15
  612.25,   718.00,   842.11
  350.04,   601.92,   101.96
  352.24,   600.99,   226.94
  354.43,   600.07,   351.91
  348.86,   726.91,   102.91
  351.05,   725.98,   227.88
  353.25,   725.06,   352.86
  347.68,   851.90,   103.85
  349.87,   850.97,   228.83
  352.07,   850.05,   353.81
  475.02,   603.12,    99.78
  477.21,   602.19,   224.75
  479.40,   601.26,   349.73
  473.84,   728.11,   100.72
  476.03,   727.18,   225.70
  478.22,   726.25,   350.68
  472.66,   853.10,   101.67
  474.85,   852.17,   226.65
  477.04,   851.24,   351.63
  599.99,   604.31,    97.59
  602.19,   603.39,   222.57
  604.38,   602.46,   347.55
  598.81,   729.30,    98.54
  601.01,   728.38,   223.52
  603.20,   727.45,   348.50
  597.63,   854.29,    99.49
  599.83,   853.37,   224.47
  602.02,   852.44,   349.44
  350.31,   601.02,   226.69
  349.86,   598.73,   351.66
  349.40,   596.43,   476.64
  352.55,   725.98,   228.99
  352.10,   723.68,   353.96
  351.64,   721.39,   478.94
  354.79,   850.94,   231.29
  354.33,   848.64,   356.26
  353.88,   846.35,   481.24
  475.29,   598.77,   227.10
  474.84,   596.48,   352.08
  474.38,   594.19,   477.06
  477.53,   723.73,   229.40
  477.07,   721.44,   354.38
  476.62,   719.15,   479.36
  479.77,   848.69,   231.70
  479.31,   846.40,   356.68
  478.86,   844.11,   481.66
  600.27,   596.53,   227.51
  599.82,   594.24,   352.49
  599.36,   591.94,   477.47
  602.51,   721.49,   229.81
  602.05,   719.19,   354.79
  601.60,   716.90,   479.77
  604.75,   846.45,   232.11
  604.29,   844.15,   357.09
  603.83,   841.86,   482.07
  350.90,   600.62,   349.92
  349.60,   602.56,   474.90
  348.30,   604.50,   599.88
  347.93,   725.57,   347.95
  346.63,   727.51,   472.93
  345.34,   729.45,   597.91
  344.97,   850.52,   345.98
  343.67,   852.46,   470.95
  342.37,   854.40,   595.93
  475.86,   603.60,   351.17
  474.56,   605.55,   476.15
  473.26,   607.49,   601.13
  472.89,   728.55,   349.20
  471.59,   730.50,   474.18
  470.29,   732.44,   599.16
  469.92,   853.50,   347.23
  468.63,   855.45,   472.21
  467.33,   857.39,   597.18
  600.81,   606.59,   352.42
  599.52,   608.53,   477.40
  598.22,   610.47,   602.38
  597.85,   731.54,   350.45
  596.55,   733.48,   475.43
  595.25,   735.42,   600.41
  594.88,   856.49,   348.48
  593.58,   858.43,   473.46
  592.29,   860.37,   598.44
  350.10,   598.17,   476.33
  346.71,   594.91,   601.24
  343.33,   591.64,   726.15
  346.35,   723.08,   479.49
  342.96,   719.81,   604.41
  339.58,   716.55,   729.32
  342.60,   847.98,   482.66
  339.22,   844.72,   607.57
  335.83,   841.45,   732.48
  474.99,   601.83,   479.81
  471.61,   598.57,   604.72
  468.22,   595.30,   729.63
  471.25,   726.74,   482.98
  467.86,   723.47,   607.89
  464.48,   720.21,   732.80
  467.50,   851.64,   486.14
  464.11,   848.37,   611.05
  460.73,   845.11,   735.96
  599.89,   605.49,   483.29
  596.51,   602.23,   608.20
  593.12,   598.96,   733.12
  596.14,   730.40,   486.46
  592.76,   727.13,   611.37
  589.37,   723.86,   736.28
  592.40,   855.30,   489.62
  589.01,   852.03,   614.53
  585.63,   848.77,   739.44
  348.18,   600.14,   598.02
  346.36,   600.80,   723.01
  344.55,   601.46,   847.99
  350.94,   725.11,   597.40
  349.12,   725.77,   722.39
  347.31,   726.43,   847.37
  353.69,   850.07,   596.78
  351.88,   850.73,   721.77
  350.06,   851.39,   846.75
  473.14,   597.39,   599.85
  471.32,   598.05,   724.84
  469.51,   598.71,   849.82
  475.89,   722.36,   599.23
  474.08,   723.02,   724.22
  472.26,   723.68,   849.20
  478.65,   847.33,   598.61
  476.83,   847.99,   723.59
  475.02,   848.65,   848.58
  598.09,   594.64,   601.68
  596.28,   595.30,   726.66
  594.46,   595.96,   851.65
  600.85,   719.61,   601.06
  599.03,   720.27,   726.04
  597.22,   720.93,   851.03
  603.61,   844.58,   600.44
  601.79,   845.24,   725.42
  599.97,   845.90,   850.41
  476.47,   101.35,   100.45
  473.17,   101.26,   225.40
  469.88,   101.18,   350.36
  474.92,   226.34,   100.49
  471.62,   226.25,   225.45
  468.33,   226.17,   350.41
  473.37,   351.33,   100.54
  470.07,   351.24,   225.50
  466.78,   351.16,   350.45
  601.42,   102.90,   103.74
  598.12,   102.81,   228.70
  594.83,   102.73,   353.66
  599.87,   227.89,   103.79
  596.57,   227.80,   228.75
  593.28,   227.72,   353.70
  598.32,   352.88,   103.84
  595.02,   352.79,   228.79
  591.72,   352.71,   353.75
  726.36,   104.45,   107.04
  723.07,   104.36,   232.00
  719.77,   104.27,   356.95
  724.81,   229.44,   107.09
  721.52,   229.35,   232.04
  718.22,   229.26,   357.00
  723.26,   354.43,   107.13
  719.97,   354.34,   232.09
  716.67,   354.26,   357.05
  475.79,    98.59,   223.89
  476.53,    97.04,   348.88
  477.26,    95.50,   473.86
  474.96,   223.58,   225.44
  475.70,   222.03,   350.43
  476.44,   220.49,   475.41
  474.13,   348.57,   226.99
  474.87,   347.02,   351.98
  475.61,   345.47,   476.97
  600.78,    99.43,   223.16
  601.52,    97.88,   348.15
  602.26,    96.34,   473.13
  599.95,   224.42,   224.71
  600.69,   222.87,   349.70
  601.43,   221.32,   474.69
  599.12,   349.40,   226.26
  599.86,   347.86,   351.25
  600.60,   346.31,   476.24
  725.78,   100.27,   222.43
  726.52,    98.72,   347.42
  727.25,    97.17,   472.41
  724.95,   225.25,   223.98
  725.69,   223.71,   348.97
  726.43,   222.16,   473.96
  724.12,   350.24,   225.53
  724.86,   348.70,   350.52
  725.60,   347.15,   475.51
  473.46,   101.72,   348.67
  471.98,   104.07,   473.64
  470.49,   106.42,   598.61
  476.28,   226.67,   346.35
  474.80,   229.02,   471.32
  473.32,   231.36,   596.29
  479.11,   351.62,   344.04
  477.62,   353.96,   469.01
  476.14,   356.31,   593.98
  598.42,    98.93,   350.20
  596.93,   101.27,   475.17
  595.45,   103.62,   600.14
  601.24,   223.87,   347.89
  599.76,   226.22,   472.86
  598.28,   228.57,   597.83
  604.07,   348.82,   345.57
  602.58,   351.17,   470.54
  601.10,   353.51,   595.51
  723.38,    96.13,   351.74
  721.89,    98.48,   476.71
  720.41,   100.83,   601.68
  726.20,   221.08,   349.42
  724.72,   223.42,   474.39
  723.23,   225.77,   599.36
  729.02,   346.02,   347.11
  727.54,   348.37,   472.08
  726.06,   350.72,   597.05
  476.35,   101.17,   473.76
  474.54,   104.87,   598.69
  472.74,   108.56,   723.62
  476.09,   226.12,   470.06
  474.28,   229.81,   594.99
  472.48,   233.50,   719.92
  475.82,   351.07,   466.36
  474.02,   354.76,   591.29
  472.21,   358.45,   716.23
  601.34,   101.49,   475.55
  599.53,   105.18,   600.48
  597.73,   108.88,   725.42
  601.07,   226.44,   471.86
  599.27,   230.13,   596.79
  597.46,   233.82,   721.72
  600.81,   351.38,   468.16
  599.00,   355.07,   593.09
  597.20,   358.77,   718.02
  726.32,   101.81,   477.35
  724.52,   105.50,   602.28
  722.71,   109.19,   727.21
  726.06,   226.75,   473.65
  724.25,   230.45,   598.58
  722.45,   234.14,   723.52
  725.80,   351.70,   469.96
  723.99,   355.39,   594.89
  722.19,   359.08,   719.82
  474.25,   101.94,   598.55
  471.81,   103.06,   723.52
  469.36,   104.18,   848.49
  471.65,   226.91,   597.38
  469.21,   228.03,   722.35
  466.76,   229.15,   847.32
  469.05,   351.88,   596.21
  466.61,   352.99,   721.18
  464.16,   354.11,   846.15
  599.20,   104.56,   600.97
  596.76,   105.68,   725.94
  594.31,   106.80,   850.91
  596.60,   229.53,   599.80
  594.16,   230.65,   724.77
  591.71,   231.77,   849.74
  594.00,   354.50,   598.63
  591.55,   355.62,   723.60
  589.11,   356.74,   848.57
  724.15,   107.19,   603.39
  721.71,   108.31,   728.36
  719.26,   109.42,   853.33
  721.55,   232.16,   602.22
  719.10,   233.27,   727.19
  716.66,   234.39,   852.16
  718.95,   357.12,   601.05
  716.50,   358.24,   726.02
  714.06,   359.36,   850.99
  473.10,   225.95,    99.52
  476.54,   228.51,   224.45
  479.97,   231.06,   349.38
  469.35,   350.87,    97.07
  472.79,   353.43,   222.00
  476.22,   355.98,   346.93
  465.60,   475.79,    94.62
  469.03,   478.35,   219.55
  472.47,   480.90,   344.48
  598.00,   229.64,    96.02
  601.43,   232.19,   220.94
  604.87,   234.74,   345.87
  594.25,   354.55,    93.57
  597.68,   357.11,   218.49
  601.11,   359.66,   343.42
  590.50,   479.47,    91.12
  593.93,   482.03,   216.04
  597.36,   484.58,   340.97
  722.90,   233.32,    92.51
  726.33,   235.87,   217.44
  729.76,   238.42,   342.36
  719.15,   358.24,    90.06
  722.58,   360.79,   214.99
  726.01,   363.34,   339.91
  715.40,   483.16,    87.61
  718.83,   485.71,   212.54
  722.26,   488.26,   337.46
  474.12,   223.13,   225.58
  476.02,   224.05,   350.56
  477.92,   224.96,   475.54
  475.41,   348.12,   224.64
  477.31,   349.04,   349.63
  479.21,   349.95,   474.61
  476.71,   473.11,   223.71
  478.61,   474.03,   348.70
  480.50,   474.94,   473.68
  599.10,   221.83,   223.69
  601.00,   222.74,   348.67
  602.90,   223.65,   473.65
  600.39,   346.82,   222.76
  602.29,   347.73,   347.74
  604.19,   348.64,   472.72
  601.69,   471.81,   221.82
  603.58,   472.72,   346.81
  605.48,   473.63,   471.79
  724.08,   220.52,   221.80
  725.98,   221.43,   346.78
  727.88,   222.34,   471.76
  725.37,   345.51,   220.87
  727.27,   346.42,   345.85
  729.17,   347.33,   470.83
  726.66,   470.50,   219.93
  728.56,   471.41,   344.92
  730.46,   472.32,   469.90
  476.39,   223.55,   349.97
  473.94,   226.28,   474.92
  471.49,   229.01,   599.86
  478.57,   348.50,   347.29
  476.12,   351.23,   472.23
  473.68,   353.96,   597.18
  480.76,   473.45,   344.60
  478.31,   476.18,   469.55
  475.86,   478.91,   594.49
  601.35,   221.42,   352.47
  598.90,   224.15,   477.41
  596.45,   226.88,   602.36
  603.53,   346.37,   349.78
  601.08,   349.10,   474.73
  598.63,   351.83,   599.68
  605.71,   471.32,   347.10
  603.27,   474.05,   472.04
  600.82,   476.78,   596.99
  726.30,   219.29,   354.96
  723.85,   222.02,   479.91
  721.41,   224.74,   604.86
  728.49,   344.24,   352.28
  726.04,   346.97,   477.22
  723.59,   349.70,   602.17
  730.67,   469.19,   349.59
  728.22,   471.92,   474.54
  725.77,   474.65,   599.49
  474.54,   224.01,   474.99
  472.27,   225.89,   599.96
  470.00,   227.78,   724.92
  478.07,   348.94,   473.17
  475.80,   350.83,   598.14
  473.53,   352.72,   723.10
  481.60,   473.88,   471.35
  479.33,   475.77,   596.31
  477.06,   477.65,   721.28
  599.47,   220.51,   477.32
  597.20,   222.39,   602.28
  594.93,   224.28,   727.25
  603.00,   345.44,   475.50
  600.73,   347.33,   600.46
  598.46,   349.22,   725.43
  606.53,   470.38,   473.67
  604.26,   472.27,   598.64
  601.99,   474.15,   723.60
  724.40,   217.01,   479.64
  722.13,   218.90,   604.61
  719.85,   220.78,   729.57
  727.93,   341.95,   477.82
  725.66,   343.83,   602.78
  723.39,   345.72,   727.75
  731.46,   466.88,   476.00
  729.19,   468.77,   600.96
  726.92,   470.66,   725.93
  476.65,   225.12,   599.33
  474.36,   225.75,   724.31
  472.06,   226.37,   849.29
  473.40,   350.07,   598.64
  471.11,   350.70,   723.62
  468.81,   351.33,   848.60
  470.15,   475.03,   597.96
  467.86,   475.66,   722.93
  465.57,   476.29,   847.91
  601.58,   228.38,   601.61
  599.29,   229.01,   726.58
  597.00,   229.64,   851.56
  598.33,   353.33,   600.92
  596.04,   353.96,   725.90
  593.75,   354.59,   850.87
  595.08,   478.29,   600.23
  592.79,   478.92,   725.21
  590.50,   479.55,   850.18
  726.52,   231.64,   603.88
  724.23,   232.27,   728.86
  721.94,   232.90,   853.83
  723.27,   356.60,   603.19
  720.98,   357.23,   728.17
  718.69,   357.85,   853.15
  720.02,   481.55,   602.50
  717.73,   482.18,   727.48
  715.44,   482.81,   852.46
  473.70,   351.04,    98.11
  476.80,   351.26,   223.07
  479.91,   351.48,   348.03
  474.83,   476.04,    97.86
  477.94,   476.25,   222.82
  481.04,   476.47,   347.78
  475.96,   601.03,    97.62
  479.07,   601.25,   222.58
  482.17,   601.46,   347.54
  598.65,   349.90,    95.00
  601.76,   350.12,   219.96
  604.87,   350.34,   344.92
  599.78,   474.90,    94.76
  602.89,   475.12,   219.72
  606.00,   475.33,   344.68
  600.92,   599.89,    94.51
  604.02,   600.11,   219.47
  607.13,   600.33,   344.43
  723.61,   348.77,    91.90
  726.72,   348.98,   216.86
  729.82,   349.20,   341.82
  724.74,   473.76,    91.65
  727.85,   473.98,   216.61
  730.95,   474.19,   341.57
  725.87,   598.76,    91.41
  728.98,   598.97,   216.37
  732.09,   599.19,   341.33
  476.96,   348.96,   223.21
  478.18,   348.24,   348.20
  479.41,   347.53,   473.19
  478.88,   473.94,   223.90
  480.10,   473.23,   348.89
  481.32,   472.52,   473.89
  480.79,   598.92,   224.59
  482.01,   598.21,   349.59
  483.24,   597.50,   474.58
  601.94,   347.05,   221.98
  603.16,   346.34,   346.97
  604.39,   345.63,   471.96
  603.86,   472.03,   222.67
  605.08,   471.32,   347.66
  606.30,   470.61,   472.65
  605.77,   597.01,   223.36
  606.99,   596.30,   348.35
  608.22,   595.59,   473.34
  726.92,   345.14,   220.74
  728.14,   344.43,   345.73
  729.37,   343.72,   470.73
  728.83,   470.12,   221.43
  730.06,   469.41,   346.43
  731.28,   468.70,   471.42
  730.75,   595.11,   222.13
  731.97,   594.40,   347.12
  733.20,   593.68,   472.11
  475.33,   350.65,   348.42
  474.88,   351.34,   473.42
  474.44,   352.03,   598.41
  478.89,   475.59,   347.74
  478.45,   476.29,   472.74
  478.00,   476.98,   597.74
  482.46,   600.54,   347.06
  482.01,   601.23,   472.06
  481.57,   601.92,   597.06
  600.28,   347.08,   348.88
  599.83,   347.78,   473.88
  599.39,   348.47,   598.88
  603.84,   472.03,   348.21
  603.40,   472.72,   473.20
  602.95,   473.41,   598.20
  607.41,   596.98,   347.53
  606.96,   597.67,   472.53
  606.52,   598.36,   597.52
  725.23,   343.52,   349.35
  724.78,   344.21,   474.35
  724.33,   344.90,   599.34
  728.79,   468.47,   348.67
  728.35,   469.16,   473.67
  727.90,   469.85,   598.67
  732.36,   593.42,   347.99
  731.91,   594.11,   472.99
  731.46,   594.80,   597.99
  474.14,   351.56,   474.52
  476.02,   352.08,   599.50
  477.90,   352.59,   724.49
  475.07,   476.55,   473.98
  476.95,   477.07,   598.97
  478.83,   477.59,   723.95
  476.00,   601.55,   473.45
  477.88,   602.07,   598.44
  479.76,   602.58,   723.42
  599.13,   350.62,   472.64
  601.00,   351.14,   597.63
  602.88,   351.66,   722.61
  600.05,   475.62,   472.11
  601.93,   476.14,   597.09
  603.81,   476.65,   722.08
  600.98,   600.61,   471.58
  602.86,   601.13,   596.56
  604.74,   601.65,   721.55
  724.11,   349.69,   470.77
  725.99,   350.21,   595.75
  727.87,   350.72,   720.74
  725.04,   474.68,   470.24
  726.91,   475.20,   595.22
  728.79,   475.72,   720.21
  725.96,   599.68,   469.70
  727.84,   600.20,   594.69
  729.72,   600.71,   719.67
  474.59,   351.29,   599.09
  472.28,   348.12,   724.03
  469.97,   344.96,   848.97
  477.88,   476.20,   602.32
  475.57,   473.04,   727.26
  473.26,   469.87,   852.20
  481.17,   601.12,   605.54
  478.86,   597.95,   730.48
  476.55,   594.79,   855.42
  599.52,   347.94,   601.32
  597.22,   344.78,   726.26
  594.91,   341.61,   851.19
  602.81,   472.86,   604.54
  600.50,   469.69,   729.48
  598.20,   466.53,   854.42
  606.10,   597.77,   607.77
  603.79,   594.61,   732.71
  601.48,   591.44,   857.64
  724.46,   344.59,   603.54
  722.15,   341.43,   728.48
  719.84,   338.26,   853.42
  727.75,   469.51,   606.77
  725.44,   466.34,   731.70
  723.13,   463.18,   856.64
  731.04,   594.42,   609.99
  728.73,   591.26,   734.93
  726.42,   588.10,   859.87
  475.33,   476.42,   100.65
  476.52,   476.77,   225.64
  477.71,   477.12,   350.63
  477.64,   601.39,   100.27
  478.83,   601.75,   225.26
  480.03,   602.10,   350.26
  479.95,   726.37,    99.90
  481.15,   726.72,   224.89
  482.34,   727.08,   349.88
  600.30,   474.10,    99.46
  601.49,   474.45,   224.45
  602.69,   474.80,   349.45
  602.61,   599.08,    99.08
  603.81,   599.43,   224.08
  605.00,   599.78,   349.07
  604.93,   724.05,    98.71
  606.12,   724.41,   223.70
  607.31,   724.76,   348.70
  725.27,   471.78,    98.27
  726.47,   472.13,   223.26
  727.66,   472.49,   348.26
  727.59,   596.76,    97.90
  728.78,   597.11,   222.89
  729.97,   597.46,   347.88
  729.90,   721.74,    97.52
  731.09,   722.09,   222.51
  732.29,   722.44,   347.51
  476.99,   473.34,   223.20
  480.64,   474.96,   348.14
  484.29,   476.59,   473.07
  477.46,   598.33,   221.56
  481.11,   599.95,   346.50
  484.76,   601.58,   471.43
  477.93,   723.32,   219.92
  481.58,   724.94,   344.86
  485.23,   726.56,   469.80
  601.94,   472.82,   219.56
  605.59,   474.45,   344.49
  609.24,   476.07,   469.43
  602.40,   597.81,   217.92
  606.06,   599.44,   342.85
  609.71,   601.06,   467.79
  602.87,   722.80,   216.28
  606.53,   724.42,   341.21
  610.18,   726.05,   466.15
  726.88,   472.31,   215.91
  730.53,   473.93,   340.85
  734.18,   475.55,   465.78
  727.35,   597.29,   214.27
  731.00,   598.92,   339.21
  734.65,   600.54,   464.14
  727.82,   722.28,   212.63
  731.47,   723.91,   337.57
  735.12,   725.53,   462.51
  475.80,   474.52,   349.01
  476.04,   473.72,   474.01
  476.28,   472.92,   599.01
  478.22,   599.50,   349.81
  478.46,   598.69,   474.81
  478.70,   597.89,   599.81
  480.64,   724.47,   350.61
  480.88,   723.67,   475.61
  481.12,   722.87,   600.60
  600.77,   472.10,   348.76
  601.01,   471.30,   473.76
  601.25,   470.50,   598.75
  603.20,   597.08,   349.56
  603.44,   596.27,   474.55
  603.68,   595.47,   599.55
  605.62,   722.05,   350.35
  605.86,   721.25,   475.35
  606.10,   720.44,   600.35
  725.75,   469.68,   348.50
  725.99,   468.88,   473.50
  726.23,   468.08,   598.50
  728.17,   594.65,   349.30
  728.41,   593.85,   474.30
  728.65,   593.05,   599.30
  730.60,   719.63,   350.10
  730.83,   718.83,   475.10
  731.07,   718.02,   600.09
  476.75,   475.34,   474.85
  473.88,   474.54,   599.82
  471.01,   473.74,   724.78
  474.15,   600.31,   475.59
  471.28,   599.51,   600.56
  468.41,   598.71,   725.52
  471.54,   725.28,   476.33
  468.67,   724.48,   601.30
  465.80,   723.68,   726.26
  601.69,   477.92,   477.74
  598.82,   477.13,   602.70
  595.95,   476.33,   727.67
  599.09,   602.90,   478.48
  596.22,   602.10,   603.44
  593.35,   601.30,   728.41
  596.48,   727.87,   479.22
  593.61,   727.07,   604.18
  590.74,   726.27,   729.15
  726.63,   480.51,   480.63
  723.76,   479.71,   605.59
  720.89,   478.91,   730.55
  724.03,   605.48,   481.36
  721.16,   604.68,   606.33
  718.29,   603.88,   731.29
  721.42,   730.45,   482.10
  718.55,   729.65,   607.07
  715.68,   728.86,   732.03
  473.40,   476.13,   600.16
  474.90,   478.62,   725.13
  476.40,   481.12,   850.09
  474.50,   601.10,   597.65
  476.00,   603.59,   722.62
  477.50,   606.09,   847.58
  475.60,   726.07,   595.14
  477.10,   728.56,   720.11
  478.60,   731.06,   845.08
  598.38,   475.00,   598.68
  599.89,   477.49,   723.65
  601.39,   479.99,   848.61
  599.48,   599.97,   596.17
  600.99,   602.46,   721.14
  602.49,   604.96,   846.10
  600.58,   724.94,   593.66
  602.09,   727.43,   718.63
  603.59,   729.93,   843.60
  723.37,   473.87,   597.20
  724.87,   476.36,   722.17
  726.37,   478.86,   847.13
  724.47,   598.84,   594.69
  725.97,   601.33,   719.66
  727.47,   603.83,   844.62
  725.57,   723.81,   592.18
  727.07,   726.30,   717.15
  728.58,   728.80,   842.11
  476.44,   600.57,    98.85
  473.44,   599.59,   223.81
  470.44,   598.61,   348.77
  475.71,   725.56,    99.81
  472.71,   724.58,   224.77
  469.71,   723.60,   349.73
  474.98,   850.56,   100.77
  471.98,   849.58,   225.73
  468.98,   848.59,   350.69
  601.40,   601.27,   101.85
  598.40,   600.29,   226.81
  595.40,   599.31,   351.77
  600.67,   726.27,   102.82
  597.67,   725.29,   227.78
  594.67,   724.30,   352.74
  599.94,   851.26,   103.78
  596.94,   850.28,   228.74
  593.94,   849.30,   353.70
  726.36,   601.98,   104.86
  723.36,   600.99,   229.82
  720.36,   600.01,   354.78
  725.63,   726.97,   105.82
  722.63,   725.99,   230.78
  719.63,   725.01,   355.74
  724.91,   851.96,   106.79
  721.91,   850.98,   231.75
  718.91,   850.00,   356.71
  474.13,   601.06,   224.62
  473.42,   602.91,   349.60
  472.71,   604.77,   474.59
  473.65,   726.04,   222.76
  472.94,   727.90,   347.75
  472.23,   729.75,   472.73
  473.18,   851.03,   220.91
  472.47,   852.88,   345.89
  471.75,   854.74,   470.88
  599.13,   601.55,   225.32
  598.42,   603.40,   350.31
  597.70,   605.25,   475.29
  598.65,   726.53,   223.47
  597.94,   728.38,   348.45
  597.23,   730.24,   473.44
  598.18,   851.52,   221.61
  597.46,   853.37,   346.60
  596.75,   855.22,   471.58
  724.13,   602.03,   226.03
  723.41,   603.89,   351.01
  722.70,   605.74,   476.00
  723.65,   727.02,   224.17
  722.94,   728.87,   349.16
  722.22,   730.72,   474.14
  723.17,   852.00,   222.32
  722.46,   853.86,   347.30
  721.75,   855.71,   472.29
  473.24,   598.37,   351.77
  473.39,   599.02,   476.77
  473.54,   599.68,   601.77
  470.83,   723.34,   351.12
  470.99,   724.00,   476.12
  471.14,   724.65,   601.12
  468.43,   848.32,   350.47
  468.58,   848.97,   475.47
  468.73,   849.63,   600.47
  598.22,   600.77,   351.61
  598.37,   601.43,   476.61
  598.52,   602.08,   601.61
  595.81,   725.75,   350.96
  595.96,   726.40,   475.96
  596.11,   727.06,   600.95
  593.41,   850.72,   350.31
  593.56,   851.38,   475.31
  593.71,   852.03,   600.30
  723.19,   603.18,   351.45
  723.34,   603.83,   476.44
  723.50,   604.48,   601.44
  720.79,   728.15,   350.79
  720.94,   728.81,   475.79
  721.09,   729.46,   600.79
  718.38,   853.13,   350.14
  718.53,   853.78,   475.14
  718.68,   854.43,   600.14
  474.91,   599.96,   476.96
  476.09,   599.61,   601.96
  477.27,   599.26,   726.95
  476.41,   724.95,   477.30
  477.59,   724.60,   602.29
  478.77,   724.25,   727.29
  477.90,   849.94,   477.63
  479.08,   849.59,   602.63
  480.26,   849.24,   727.62
  599.90,   598.46,   475.78
  601.08,   598.11,   600.77
  602.26,   597.76,   725.77
  601.39,   723.46,   476.11
  602.57,   723.11,   601.11
  603.75,   722.76,   726.10
  602.89,   848.45,   476.45
  604.07,   848.10,   601.44
  605.25,   847.75,   726.44
  724.88,   596.97,   474.59
  726.06,   596.62,   599.59
  727.24,   596.27,   724.58
  726.38,   721.96,   474.93
  727.56,   721.61,   599.92
  728.74,   721.26,   724.92
  727.88,   846.95,   475.27
  729.06,   846.60,   600.26
  730.24,   846.25,   725.25
  476.22,   598.05,   601.57
  474.06,   596.11,   726.53
  471.90,   594.16,   851.50
  473.62,   723.01,   603.47
  471.46,   721.07,   728.43
  469.30,   719.12,   853.40
  471.02,   847.97,   605.36
  468.86,   846.02,   730.33
  466.70,   844.08,   855.30
  601.18,   600.62,   603.77
  599.02,   598.68,   728.73
  596.86,   596.73,   853.70
  598.58,   725.58,   605.67
  596.42,   723.63,   730.63
  594.25,   721.69,   855.60
  595.97,   850.54,   607.57
  593.81,   848.59,   732.53
  591.65,   846.65,   857.50
  726.13,   603.19,   605.97
  723.97,   601.25,   730.93
  721.81,   599.30,   855.90
  723.53,   728.15,   607.87
  721.37,   726.20,   732.83
  719.21,   724.26,   857.80
  720.93,   853.11,   609.77
  718.77,   851.16,   734.73
  716.61,   849.22,   859.70
  599.67,    99.41,    98.88
  597.61,   101.39,   223.85
  595.54,   103.38,   348.82
  602.98,   224.35,    96.95
  600.92,   226.34,   221.92
  598.86,   228.32,   346.89
  606.30,   349.29,    95.02
  604.23,   351.28,   219.99
  602.17,   353.26,   344.96
  724.61,    96.13,   101.00
  722.55,    98.11,   225.96
  720.48,   100.10,   350.93
  727.92,   221.07,    99.07
  725.86,   223.06,   224.04
  723.80,   225.04,   349.00
  731.24,   346.01,    97.14
  729.17,   348.00,   222.11
  727.11,   349.98,   347.07
  849.55,    92.85,   103.11
  847.49,    94.83,   228.08
  845.42,    96.82,   353.05
  852.86,   217.79,   101.18
  850.80,   219.78,   226.15
  848.74,   221.76,   351.12
  856.17,   342.73,    99.25
  854.11,   344.72,   224.22
  852.05,   346.70,   349.19
  598.69,   100.26,   225.59
  602.13,    98.56,   350.53
  605.58,    96.87,   475.47
  601.11,   225.22,   227.22
  604.56,   223.53,   352.16
  608.00,   221.83,   477.10
  603.54,   350.19,   228.85
  606.98,   348.49,   353.79
  610.43,   346.80,   478.73
  723.62,    97.88,   222.12
  727.06,    96.18,   347.06
  730.51,    94.49,   472.00
  726.04,   222.84,   223.74
  729.49,   221.15,   348.68
  732.93,   219.46,   473.63
  728.47,   347.81,   225.37
  731.91,   346.12,   350.31
  735.36,   344.42,   475.25
  848.55,    95.50,   218.64
  851.99,    93.81,   343.58
  855.44,    92.11,   468.52
  850.97,   220.46,   220.27
  854.42,   218.77,   345.21
  857.86,   217.08,   470.15
  853.40,   345.43,   221.89
  856.84,   343.74,   346.84
  860.29,   342.04,   471.78
  598.48,   101.85,   349.94
  595.27,   104.07,   474.88
  592.07,   106.28,   599.82
  601.87,   226.79,   347.81
  598.66,   229.00,   472.75
  595.45,   231.22,   597.69
  605.25,   351.72,   345.68
  602.04,   353.94,   470.62
  598.83,   356.16,   595.56
  723.40,    98.52,   353.21
  720.19,   100.74,   478.15
  716.98,   102.96,   603.09
  726.78,   223.46,   351.08
  723.57,   225.67,   476.02
  720.36,   227.89,   600.96
  730.16,   348.39,   348.95
  726.96,   350.61,   473.89
  723.75,   352.83,   598.83
  848.31,    95.19,   356.47
  845.10,    97.41,   481.41
  841.89,    99.63,   606.35
  851.69,   220.13,   354.34
  848.48,   222.35,   479.28
  845.28,   224.56,   604.22
  855.08,   345.07,   352.21
  851.87,   347.28,   477.15
  848.66,   349.50,   602.09
  598.07,    98.28,   476.63
  594.95,   101.82,   601.55
  591.82,   105.35,   726.46
  601.76,   223.18,   473.19
  598.64,   226.71,   598.10
  595.52,   230.25,   723.02
  605.46,   348.08,   469.75
  602.33,   351.61,   594.66
  599.21,   355.15,   719.57
  722.98,    94.68,   479.86
  719.85,    98.21,   604.77
  716.73,   101.74,   729.68
  726.67,   219.57,   476.42
  723.55,   223.11,   601.33
  720.42,   226.64,   726.24
  730.37,   344.47,   472.98
  727.24,   348.01,   597.89
  724.12,   351.54,   722.80
  847.88,    91.07,   483.09
  844.76,    94.60,   608.00
  841.64,    98.14,   732.91
  851.58,   215.97,   479.64
  848.45,   219.50,   604.56
  845.33,   223.04,   729.47
  855.27,   340.87,   476.20
  852.15,   344.40,   601.11
  849.02,   347.93,   726.03
  598.64,   101.34,   601.28
  599.71,   103.29,   726.26
  600.78,   105.23,   851.24
  597.95,   226.32,   599.34
  599.02,   228.27,   724.32
  600.09,   230.22,   849.30
  597.26,   351.31,   597.40
  598.33,   353.25,   722.38
  599.41,   355.20,   847.36
  723.63,   102.01,   600.20
  724.70,   103.96,   725.18
  725.78,   105.90,   850.16
  722.94,   226.99,   598.26
  724.02,   228.94,   723.24
  725.09,   230.89,   848.22
  722.26,   351.98,   596.32
  723.33,   353.92,   721.30
  724.40,   355.87,   846.28
  848.62,   102.68,   599.12
  849.70,   104.63,   724.10
  850.77,   106.57,   849.08
  847.94,   227.66,   597.18
  849.01,   229.61,   722.16
  850.08,   231.56,   847.14
  847.25,   352.65,   595.24
  848.32,   354.59,   720.22
  849.39,   356.54,   845.20
  598.95,   224.27,   101.86
  600.45,   220.66,   226.80
  601.95,   217.05,   351.74
  597.30,   349.21,   105.49
  598.80,   345.60,   230.43
  600.30,   341.98,   355.37
  595.65,   474.14,   109.12
  597.15,   470.53,   234.06
  598.65,   466.92,   359.00
  723.93,   225.96,   100.41
  725.43,   222.35,   225.35
  726.93,   218.74,   350.29
  722.28,   350.90,   104.04
  723.78,   347.29,   228.98
  725.28,   343.68,   353.92
  720.63,   475.84,   107.67
  722.13,   472.22,   232.61
  723.63,   468.61,   357.55
  848.91,   227.65,    98.96
  850.41,   224.04,   223.90
  851.91,   220.43,   348.84
  847.26,   352.59,   102.59
  848.76,   348.98,   227.53
  850.26,   345.37,   352.47
  845.61,   477.53,   106.22
  847.11,   473.92,   231.16
  848.61,   470.30,   356.10
  599.97,   225.17,   223.46
  600.64,   226.76,   348.44
  601.30,   228.34,   473.43
  599.96,   350.16,   221.87
  600.63,   351.75,   346.86
  601.29,   353.33,   471.85
  599.95,   475.15,   220.29
  600.62,   476.74,   345.28
  601.28,   478.32,   470.26
  724.97,   225.17,   222.79
  725.63,   226.76,   347.78
  726.30,   228.34,   472.77
  724.96,   350.16,   221.21
  725.63,   351.75,   346.20
  726.29,   353.33,   471.18
  724.95,   475.15,   219.62
  725.62,   476.74,   344.61
  726.28,   478.32,   469.60
  849.97,   225.17,   222.13
  850.63,   226.76,   347.11
  851.30,   228.34,   472.10
  849.96,   350.16,   220.54
  850.62,   351.75,   345.53
  851.29,   353.33,   470.52
  849.95,   475.15,   218.96
  850.62,   476.74,   343.95
  851.28,   478.32,   468.94
  600.57,   224.19,   350.77
  600.80,   227.53,   475.73
  601.02,   230.87,   600.68
  597.00,   349.10,   347.44
  597.23,   352.43,   472.39
  597.45,   355.77,   597.35
  593.43,   474.00,   344.11
  593.66,   477.34,   469.06
  593.88,   480.68,   594.02
  725.52,   227.75,   350.45
  725.74,   231.09,   475.41
  725.97,   234.43,   600.36
  721.95,   352.66,   347.12
  722.18,   355.99,   472.08
  722.40,   359.33,   597.03
  718.38,   477.56,   343.79
  718.61,   480.90,   468.74
  718.83,   484.24,   593.70
  850.47,   231.31,   350.13
  850.69,   234.65,   475.09
  850.92,   237.99,   600.04
  846.90,   356.22,   346.80
  847.12,   359.56,   471.76
  847.35,   362.89,   596.71
  843.33,   481.12,   343.47
  843.56,   484.46,   468.42
  843.78,   487.80,   593.38
  599.15,   225.18,   476.89
  601.65,   227.52,   601.84
  604.16,   229.86,   726.79
  600.34,   350.15,   474.52
  602.84,   352.49,   599.47
  605.34,   354.83,   724.43
  601.52,   475.12,   472.16
  604.02,   477.46,   597.11
  606.53,   479.80,   722.06
  724.12,   223.94,   474.41
  726.62,   226.29,   599.36
  729.13,   228.63,   724.31
  725.31,   348.92,   472.04
  727.81,   351.26,   597.00
  730.31,   353.60,   721.95
  726.49,   473.89,   469.68
  728.99,   476.23,   594.63
  731.49,   478.57,   719.58
  849.09,   222.71,   471.93
  851.59,   225.05,   596.88
  854.09,   227.40,   721.83
  850.28,   347.68,   469.56
  852.78,   350.03,   594.52
  855.28,   352.37,   719.47
  851.46,   472.66,   467.20
  853.96,   475.00,   592.15
  856.46,   477.34,   717.10
  599.79,   226.07,   600.16
  600.09,   222.76,   725.12
  600.40,   219.45,   850.07
  597.43,   351.01,   603.48
  597.74,   347.70,   728.43
  598.05,   344.39,   853.39
  595.08,   475.94,   606.79
  595.38,   472.63,   731.75
  595.69,   469.32,   856.70
  724.76,   228.43,   599.92
  725.07,   225.12,   724.87
  725.38,   221.81,   849.83
  722.41,   353.37,   603.23
  722.72,   350.06,   728.19
  723.02,   346.75,   853.14
  720.06,   478.30,   606.55
  720.36,   474.99,   731.50
  720.67,   471.68,   856.46
  849.74,   230.79,   599.67
  850.05,   227.48,   724.63
  850.35,   224.18,   849.59
  847.39,   355.73,   602.99
  847.69,   352.42,   727.94
  848.00,   349.11,   852.90
  845.03,   480.66,   606.30
  845.34,   477.35,   731.26
  845.65,   474.04,   856.21
  600.41,   350.30,   100.50
  603.22,   347.94,   225.45
  606.02,   345.58,   350.40
  600.62,   475.28,   102.86
  603.43,   472.92,   227.81
  606.23,   470.55,   352.76
  600.83,   600.26,   105.22
  603.63,   597.89,   230.17
  606.44,   595.53,   355.12
  725.38,   350.15,    97.70
  728.19,   347.78,   222.64
  730.99,   345.42,   347.59
  725.59,   475.13,   100.06
  728.39,   472.76,   225.00
  731.20,   470.40,   349.95
  725.80,   600.10,   102.42
  728.60,   597.74,   227.36
  731.41,   595.37,   352.31
  850.35,   349.99,    94.89
  853.15,   347.63,   219.84
  855.96,   345.26,   344.78
  850.56,   474.97,    97.25
  853.36,   472.61,   222.20
  856.17,   470.24,   347.14
  850.77,   599.95,    99.61
  853.57,   597.58,   224.56
  856.37,   595.22,   349.50
  599.48,   349.19,   224.77
  603.10,   347.11,   349.70
  606.72,   345.02,   474.63
  599.42,   474.18,   226.86
  603.04,   472.09,   351.79
  606.66,   470.00,   476.72
  599.36,   599.16,   228.95
  602.98,   597.07,   353.88
  606.60,   594.99,   478.81
  724.43,   349.31,   221.15
  728.05,   347.23,   346.08
  731.67,   345.14,   471.01
  724.37,   474.30,   223.24
  727.99,   472.21,   348.17
  731.61,   470.13,   473.10
  724.31,   599.28,   225.33
  727.93,   597.19,   350.26
  731.55,   595.11,   475.19
  849.38,   349.44,   217.53
  853.00,   347.35,   342.46
  856.62,   345.26,   467.39
  849.31,   474.42,   219.62
  852.94,   472.33,   344.55
  856.56,   470.25,   469.48
  849.25,   599.40,   221.71
  852.87,   597.32,   346.64
  856.50,   595.23,   471.57
  599.26,   350.72,   350.52
  602.22,   354.09,   475.44
  605.19,   357.46,   600.36
  600.04,   475.67,   347.13
  603.01,   479.04,   472.05
  605.97,   482.41,   596.97
  600.83,   600.62,   343.74
  603.79,   603.99,   468.66
  606.76,   607.36,   593.58
  724.22,   349.85,   347.58
  727.18,   353.22,   472.50
  730.15,   356.59,   597.42
  725.00,   474.80,   344.19
  727.97,   478.17,   469.11
  730.93,   481.54,   594.03
  725.79,   599.75,   340.80
  728.75,   603.12,   465.72
  731.72,   606.50,   590.63
  849.18,   348.98,   344.63
  852.15,   352.36,   469.55
  855.11,   355.73,   594.47
  849.97,   473.94,   341.24
  852.93,   477.31,   466.16
  855.90,   480.68,   591.08
  850.75,   598.89,   337.85
  853.72,   602.26,   462.77
  856.68,   605.63,   587.69
  598.03,   351.50,   474.32
  599.19,   350.87,   599.31
  600.35,   350.23,   724.31
  600.69,   476.47,   474.93
  601.85,   475.84,   599.92
  603.01,   475.21,   724.91
  603.34,   601.44,   475.54
  604.50,   600.81,   600.53
  605.66,   600.18,   725.52
  723.00,   348.85,   473.15
  724.16,   348.22,   598.14
  725.32,   347.59,   723.14
  725.65,   473.82,   473.76
  726.81,   473.19,   598.75
  727.97,   472.56,   723.74
  728.31,   598.79,   474.36
  729.47,   598.16,   599.36
  730.63,   597.53,   724.35
  847.96,   346.20,   471.98
  849.12,   345.57,   596.97
  850.28,   344.94,   721.96
  850.62,   471.17,   472.58
  851.78,   470.54,   597.58
  852.94,   469.91,   722.57
  853.27,   596.14,   473.19
  854.43,   595.51,   598.18
  855.59,   594.88,   723.18
  598.93,   350.54,   600.50
  600.31,   351.39,   725.49
  601.69,   352.24,   850.48
  597.39,   475.53,   599.67
  598.78,   476.38,   724.66
  600.16,   477.22,   849.65
  595.86,   600.52,   598.84
  597.24,   601.37,   723.83
  598.62,   602.21,   848.82
  723.91,   352.07,   599.11
  725.29,   352.91,   724.10
  726.67,   353.76,   849.09
  722.38,   477.05,   598.28
  723.76,   477.90,   723.27
  725.14,   478.75,   848.26
  720.84,   602.04,   597.45
  722.22,   602.89,   722.44
  723.61,   603.74,   847.43
  848.89,   353.59,   597.72
  850.27,   354.44,   722.71
  851.66,   355.28,   847.70
  847.36,   478.58,   596.89
  848.74,   479.43,   721.88
  850.12,   480.27,   846.87
  845.83,   603.57,   596.06
  847.21,   604.41,   721.05
  848.59,   605.26,   846.04
  598.73,   473.68,    98.02
  596.44,   472.49,   222.99
  594.15,   471.31,   347.96
  599.04,   598.67,    99.21
  596.75,   597.49,   224.18
  594.46,   596.30,   349.15
  599.35,   723.66,   100.39
  597.06,   722.48,   225.37
  594.77,   721.30,   350.34
  723.71,   473.34,   100.31
  721.42,   472.16,   225.28
  719.12,   470.98,   350.25
  724.02,   598.34,   101.50
  721.73,   597.15,   226.47
  719.44,   595.97,   351.44
  724.33,   723.33,   102.68
  722.04,   722.15,   227.66
  719.75,   720.97,   352.63
  848.69,   473.01,   102.60
  846.40,   471.83,   227.57
  844.10,   470.64,   352.54
  849.00,   598.00,   103.79
  846.71,   596.82,   228.76
  844.41,   595.64,   353.73
  849.31,   723.00,   104.97
  847.02,   721.82,   229.95
  844.73,   720.63,   354.92
  600.19,   474.72,   223.01
  598.24,   473.71,   348.00
  596.29,   472.69,   472.98
  600.54,   599.72,   224.04
  598.59,   598.70,   349.02
  596.64,   597.68,   474.00
  600.89,   724.72,   225.06
  598.94,   723.70,   350.04
  596.99,   722.68,   475.02
  725.17,   474.36,   224.96
  723.22,   473.34,   349.94
  721.28,   472.32,   474.92
  725.52,   599.35,   225.98
  723.58,   598.34,   350.97
  721.63,   597.32,   475.95
  725.87,   724.35,   227.01
  723.93,   723.33,   351.99
  721.98,   722.31,   476.97
  850.16,   473.99,   226.91
  848.21,   472.97,   351.89
  846.26,   471.95,   476.87
  850.51,   598.99,   227.93
  848.56,   597.97,   352.91
  846.61,   596.95,   477.89
  850.86,   723.98,   228.95
  848.91,   722.96,   353.94
  846.96,   721.95,   478.92
  600.81,   474.62,   350.97
  601.71,   475.39,   475.96
  602.62,   476.15,   600.96
  598.57,   599.60,   350.22
  599.48,   600.36,   475.21
  600.38,   601.13,   600.21
  596.33,   724.58,   349.47
  597.24,   725.34,   474.47
  598.14,   726.11,   599.46
  725.79,   476.85,   350.05
  726.69,   477.62,   475.05
  727.59,   478.38,   600.04
  723.55,   601.83,   349.30
  724.45,   602.60,   474.30
  725.36,   603.36,   599.29
  721.31,   726.81,   348.55
  722.22,   727.57,   473.55
  723.12,   728.34,   598.54
  850.76,   479.09,   349.13
  851.67,   479.85,   474.13
  852.57,   480.62,   599.12
  848.53,   604.06,   348.38
  849.43,   604.83,   473.38
  850.33,   605.59,   598.37
  846.29,   729.04,   347.64
  847.19,   729.81,   472.63
  848.10,   730.57,   597.63
  598.97,   473.25,   473.89
  595.55,   470.55,   598.82
  592.13,   467.85,   723.74
  599.70,   598.22,   476.61
  596.28,   595.52,   601.54
  592.86,   592.82,   726.46
  600.43,   723.19,   479.33
  597.01,   720.49,   604.26
  593.60,   717.79,   729.18
  723.92,   472.44,   477.30
  720.50,   469.74,   602.22
  717.08,   467.05,   727.14
  724.65,   597.41,   480.01
  721.23,   594.71,   604.94
  717.81,   592.01,   729.86
  725.38,   722.38,   482.73
  721.96,   719.68,   607.66
  718.55,   716.98,   732.58
  848.87,   471.64,   480.70
  845.45,   468.94,   605.62
  842.03,   466.24,   730.54
  849.60,   596.61,   483.42
  846.18,   593.91,   608.34
  842.77,   591.21,   733.26
  850.33,   721.57,   486.14
  846.92,   718.88,   611.06
  843.50,   716.18,   735.98
  598.30,   473.27,   599.59
  599.04,   476.40,   724.55
  599.78,   479.53,   849.51
  595.05,   598.18,   596.48
  595.79,   601.31,   721.44
  596.53,   604.44,   846.40
  591.79,   723.10,   593.37
  592.54,   726.23,   718.33
  593.28,   729.36,   843.29
  723.25,   476.50,   598.77
  724.00,   479.63,   723.72
  724.74,   482.76,   848.68
  720.00,   601.42,   595.66
  720.74,   604.55,   720.61
  721.49,   607.68,   845.57
  716.75,   726.33,   592.55
  717.49,   729.46,   717.50
  718.24,   732.59,   842.46
  848.21,   479.73,   597.94
  848.95,   482.86,   722.90
  849.69,   485.99,   847.86
  844.96,   604.65,   594.83
  845.70,   607.78,   719.79
  846.44,   610.91,   844.75
  841.71,   729.57,   591.72
  842.45,   732.70,   716.68
  843.19,   735.83,   841.64
  600.65,   601.03,   100.92
  597.44,   602.61,   225.87
  594.23,   604.18,   350.82
  601.90,   726.02,    99.37
  598.69,   727.59,   224.32
  595.48,   729.16,   349.27
  603.15,   851.00,    97.83
  599.95,   852.57,   222.78
  596.74,   854.15,   347.73
  725.60,   599.82,   104.14
  722.39,   601.39,   229.09
  719.18,   602.97,   354.04
  726.85,   724.80,   102.60
  723.64,   726.38,   227.55
  720.43,   727.95,   352.50
  728.11,   849.79,   101.06
  724.90,   851.36,   226.01
  721.69,   852.93,   350.95
  850.55,   598.60,   107.37
  847.34,   600.18,   232.32
  844.13,   601.75,   357.26
  851.81,   723.59,   105.82
  848.60,   725.16,   230.77
  845.39,   726.74,   355.72
  853.06,   848.57,   104.28
  849.85,   850.15,   229.23
  846.64,   851.72,   354.18
  601.88,   600.80,   225.80
  602.45,   597.48,   350.75
  603.01,   594.17,   475.71
  601.44,   725.75,   229.12
  602.01,   722.44,   354.07
  602.57,   719.12,   479.03
  601.00,   850.71,   232.44
  601.56,   847.39,   357.39
  602.13,   844.08,   482.35
  726.88,   601.25,   225.25
  727.45,   597.94,   350.20
  728.01,   594.62,   475.16
  726.44,   726.21,   228.57
  727.00,   722.89,   353.52
  727.57,   719.58,   478.48
  726.00,   851.16,   231.88
  726.56,   847.85,   356.84
  727.12,   844.53,   481.79
  851.88,   601.71,   224.70
  852.44,   598.40,   349.65
  853.01,   595.08,   474.61
  851.44,   726.67,   228.02
  852.00,   723.35,   352.97
  852.56,   720.04,   477.93
  851.00,   851.62,   231.33
  851.56,   848.31,   356.29
  852.12,   844.99,   481.24
  601.00,   601.22,   348.26
  604.60,   603.64,   473.18
  608.20,   606.06,   598.11
  598.28,   726.17,   345.92
  601.88,   728.59,   470.84
  605.48,   731.01,   595.77
  595.55,   851.12,   343.58
  599.16,   853.54,   468.50
  602.76,   855.96,   593.42
  725.92,   603.88,   344.61
  729.52,   606.30,   469.53
  733.12,   608.72,   594.46
  723.20,   728.83,   342.27
  726.80,   731.25,   467.19
  730.40,   733.67,   592.11
  720.47,   853.77,   339.92
  724.07,   856.19,   464.85
  727.67,   858.61,   589.77
  850.84,   606.53,   340.95
  854.44,   608.95,   465.88
  858.04,   611.37,   590.80
  848.12,   731.48,   338.61
  851.72,   733.90,   463.54
  855.32,   736.32,   588.46
  845.39,   856.43,   336.27
  848.99,   858.85,   461.20
  852.59,   861.27,   586.12
  601.21,   601.87,   475.53
  602.49,   604.94,   600.49
  603.77,   608.01,   725.44
  600.50,   726.83,   472.47
  601.78,   729.90,   597.43
  603.06,   732.97,   722.38
  599.78,   851.79,   469.41
  601.06,   854.86,   594.36
  602.34,   857.93,   719.32
  726.20,   602.56,   474.24
  727.48,   605.63,   599.19
  728.76,   608.70,   724.15
  725.49,   727.52,   471.17
  726.77,   730.59,   596.13
  728.05,   733.66,   721.08
  724.77,   852.48,   468.11
  726.05,   855.55,   593.06
  727.33,   858.62,   718.02
  851.19,   603.24,   472.94
  852.48,   606.31,   597.89
  853.76,   609.38,   722.85
  850.48,   728.20,   469.87
  851.76,   731.27,   594.83
  853.04,   734.34,   719.79
  849.76,   853.16,   466.81
  851.04,   856.23,   591.77
  852.32,   859.30,   716.72
  600.22,   601.18,   601.88
  603.00,   601.07,   726.85
  605.78,   600.96,   851.82
  599.03,   726.18,   602.02
  601.81,   726.07,   726.99
  604.59,   725.96,   851.96
  597.83,   851.17,   602.16
  600.62,   851.06,   727.12
  603.40,   850.95,   852.09
  725.18,   602.38,   599.10
  727.96,   602.27,   724.07
  730.74,   602.16,   849.04
  723.99,   727.37,   599.24
  726.77,   727.26,   724.21
  729.55,   727.15,   849.18
  722.80,   852.37,   599.37
  725.58,   852.26,   724.34
  728.36,   852.15,   849.31
  850.14,   603.57,   596.32
  852.93,   603.46,   721.29
  855.71,   603.35,   846.26
  848.95,   728.57,   596.46
  851.73,   728.46,   721.43
  854.52,   728.35,   846.40
  847.76,   853.56,   596.59
  850.54,   853.45,   721.56
  853.32,   853.34,   846.53
