27, 125, pa2-unknown-i-output1.txt
  195.80,   210.00,   192.44
  391.36,   406.36,   206.96
  100.99,    98.98,   101.67
  101.19,    99.30,   226.67
  101.39,    99.62,   351.67
   98.46,   223.96,   101.36
   98.65,   224.28,   226.36
   98.85,   224.59,   351.36
   95.92,   348.93,   101.04
   96.12,   349.25,   226.04
   96.31,   349.57,   351.04
  225.97,   101.52,   101.47
  226.16,   101.84,   226.47
  226.36,   102.16,   351.47
  223.43,   226.49,   101.15
  223.63,   226.81,   226.15
  223.83,   227.13,   351.15
  220.89,   351.47,   100.84
  221.09,   351.79,   225.84
  221.29,   352.10,   350.84
  350.94,   104.06,   101.26
  351.14,   104.38,   226.26
  351.34,   104.69,   351.26
  348.40,   229.03,   100.95
  348.60,   229.35,   225.95
  348.80,   229.67,   350.95
  345.87,   354.01,   100.64
  346.07,   354.32,   225.63
  346.26,   354.64,   350.63
  100.25,   101.82,   225.77
   98.24,   104.97,   350.71
   96.24,   108.13,   475.66
   99.40,   226.77,   222.60
   97.39,   229.93,   347.54
   95.39,   233.09,   472.48
   98.54,   351.73,   219.42
   96.54,   354.89,   344.37
   94.53,   358.05,   469.31
  225.23,   102.72,   227.75
  223.23,   105.88,   352.70
  221.22,   109.04,   477.64
  224.38,   227.68,   224.58
  222.37,   230.83,   349.52
  220.37,   233.99,   474.47
  223.52,   352.63,   221.40
  221.52,   355.79,   346.35
  219.52,   358.95,   471.29
  350.21,   103.62,   229.73
  348.21,   106.78,   354.68
  346.20,   109.94,   479.62
  349.36,   228.58,   226.56
  347.35,   231.74,   351.50
  345.35,   234.90,   476.45
  348.51,   353.53,   223.39
  346.50,   356.69,   348.33
  344.50,   359.85,   473.28
   98.21,   100.43,   349.97
  100.08,    99.95,   474.96
  101.96,    99.47,   599.94
   96.16,   225.42,   350.48
   98.04,   224.93,   475.47
   99.92,   224.45,   600.45
   94.12,   350.40,   351.00
   95.99,   349.92,   475.98
   97.87,   349.44,   600.97
  223.18,   102.49,   348.10
  225.05,   102.01,   473.09
  226.93,   101.53,   598.07
  221.13,   227.47,   348.62
  223.01,   226.99,   473.60
  224.88,   226.51,   598.59
  219.08,   352.45,   349.13
  220.96,   351.97,   474.11
  222.84,   351.49,   599.10
  348.15,   104.54,   346.23
  350.02,   104.06,   471.22
  351.90,   103.58,   596.20
  346.10,   229.52,   346.75
  347.98,   229.04,   471.73
  349.85,   228.56,   596.72
  344.05,   354.51,   347.26
  345.93,   354.02,   472.24
  347.81,   353.54,   597.23
   99.36,    99.91,   473.14
  101.92,    97.57,   598.09
  104.49,    95.23,   723.04
   95.80,   224.84,   475.55
   98.36,   222.50,   600.50
  100.93,   220.16,   725.45
   92.24,   349.76,   477.96
   94.80,   347.42,   602.91
   97.37,   345.08,   727.87
  224.28,   103.52,   470.64
  226.85,   101.18,   595.59
  229.41,    98.84,   720.54
  220.72,   228.44,   473.05
  223.29,   226.11,   598.00
  225.85,   223.77,   722.96
  217.16,   353.37,   475.46
  219.72,   351.03,   600.42
  222.29,   348.69,   725.37
  349.20,   107.13,   468.14
  351.77,   104.79,   593.09
  354.34,   102.45,   718.04
  345.64,   232.05,   470.55
  348.21,   229.71,   595.51
  350.78,   227.37,   720.46
  342.08,   356.98,   472.97
  344.65,   354.64,   597.92
  347.21,   352.30,   722.87
   99.90,   101.63,   598.27
   97.44,   105.21,   723.20
   94.98,   108.80,   848.12
   97.36,   226.55,   594.64
   94.90,   230.13,   719.56
   92.44,   233.72,   844.49
   94.82,   351.47,   591.00
   92.36,   355.05,   715.93
   89.90,   358.64,   840.85
  224.85,   104.24,   600.66
  222.39,   107.82,   725.58
  219.93,   111.41,   850.51
  222.31,   229.16,   597.02
  219.85,   232.74,   721.95
  217.39,   236.33,   846.87
  219.77,   354.08,   593.39
  217.31,   357.66,   718.31
  214.85,   361.25,   843.24
  349.80,   106.85,   603.04
  347.34,   110.43,   727.97
  344.88,   114.02,   852.89
  347.26,   231.77,   599.41
  344.80,   235.35,   724.33
  342.34,   238.94,   849.26
  344.72,   356.69,   595.78
  342.26,   360.27,   720.70
  339.80,   363.86,   845.63
  100.51,   224.04,   100.05
  102.04,   223.68,   225.04
  103.58,   223.31,   350.03
   98.55,   349.03,   100.44
  100.08,   348.66,   225.43
  101.62,   348.30,   350.42
   96.59,   474.01,   100.83
   98.13,   473.65,   225.82
   99.66,   473.28,   350.81
  225.48,   226.01,    98.52
  227.02,   225.64,   223.51
  228.55,   225.27,   348.50
  223.52,   350.99,    98.91
  225.06,   350.62,   223.90
  226.60,   350.26,   348.89
  221.57,   475.97,    99.30
  223.10,   475.61,   224.29
  224.64,   475.24,   349.28
  350.46,   227.97,    96.99
  351.99,   227.60,   221.98
  353.53,   227.24,   346.97
  348.50,   352.95,    97.38
  350.03,   352.59,   222.37
  351.57,   352.22,   347.36
  346.54,   477.94,    97.77
  348.08,   477.57,   222.76
  349.61,   477.20,   347.75
   99.10,   224.71,   223.60
  100.30,   225.03,   348.60
  101.49,   225.34,   473.59
  100.91,   349.70,   223.27
  102.11,   350.01,   348.27
  103.31,   350.33,   473.26
  102.73,   474.68,   222.94
  103.93,   475.00,   347.93
  105.12,   475.32,   472.93
  224.08,   222.89,   222.41
  225.28,   223.21,   347.41
  226.47,   223.53,   472.40
  225.90,   347.88,   222.08
  227.09,   348.20,   347.07
  228.29,   348.51,   472.07
  227.71,   472.87,   221.75
  228.91,   473.18,   346.74
  230.10,   473.50,   471.73
  349.06,   221.08,   221.22
  350.26,   221.39,   346.22
  351.45,   221.71,   471.21
  350.88,   346.06,   220.89
  352.07,   346.38,   345.88
  353.27,   346.69,   470.88
  352.69,   471.05,   220.56
  353.89,   471.37,   345.55
  355.08,   471.68,   470.54
  100.40,   224.45,   350.42
   97.91,   223.28,   475.39
   95.43,   222.11,   600.36
  103.81,   349.40,   351.66
  101.33,   348.23,   476.63
   98.84,   347.06,   601.60
  107.23,   474.35,   352.89
  104.74,   473.18,   477.86
  102.26,   472.01,   602.83
  225.33,   221.01,   352.87
  222.84,   219.84,   477.84
  220.36,   218.68,   602.81
  228.74,   345.96,   354.11
  226.26,   344.79,   479.08
  223.77,   343.62,   604.05
  232.15,   470.91,   355.34
  229.67,   469.74,   480.31
  227.19,   468.57,   605.28
  350.25,   217.58,   355.32
  347.77,   216.41,   480.29
  345.29,   215.24,   605.26
  353.67,   342.52,   356.56
  351.18,   341.35,   481.53
  348.70,   340.18,   606.50
  357.08,   467.47,   357.79
  354.60,   466.30,   482.76
  352.11,   465.13,   607.73
  100.43,   226.45,   476.73
  103.00,   229.97,   601.65
  105.57,   233.50,   726.58
   97.67,   351.37,   473.26
  100.25,   354.90,   598.19
  102.82,   358.42,   723.11
   94.92,   476.29,   469.79
   97.49,   479.82,   594.72
  100.07,   483.34,   719.64
  225.37,   229.13,   474.08
  227.95,   232.66,   599.01
  230.52,   236.18,   723.93
  222.62,   354.05,   470.61
  225.19,   357.58,   595.54
  227.76,   361.10,   720.46
  219.86,   478.97,   467.14
  222.44,   482.50,   592.07
  225.01,   486.02,   716.99
  350.32,   231.81,   471.43
  352.89,   235.34,   596.36
  355.46,   238.86,   721.28
  347.56,   356.73,   467.96
  350.13,   360.26,   592.89
  352.71,   363.78,   717.81
  344.81,   481.65,   464.50
  347.38,   485.18,   589.42
  349.95,   488.70,   714.34
  100.28,   226.12,   599.35
   98.58,   222.59,   724.29
   96.87,   219.07,   849.22
  103.50,   351.03,   602.91
  101.79,   347.50,   727.85
  100.09,   343.98,   852.79
  106.72,   475.93,   606.48
  105.01,   472.41,   731.42
  103.31,   468.89,   856.36
  225.23,   222.85,   600.96
  223.52,   219.33,   725.90
  221.81,   215.80,   850.84
  228.45,   347.76,   604.53
  226.74,   344.24,   729.47
  225.03,   340.71,   854.41
  231.67,   472.67,   608.10
  229.96,   469.14,   733.04
  228.25,   465.62,   857.97
  350.18,   219.59,   602.58
  348.47,   216.06,   727.52
  346.76,   212.54,   852.46
  353.40,   344.50,   606.15
  351.69,   340.97,   731.08
  349.98,   337.45,   856.02
  356.61,   469.40,   609.71
  354.91,   465.88,   734.65
  353.20,   462.35,   859.59
  101.74,   348.62,    99.08
  101.41,   350.99,   224.06
  101.08,   353.37,   349.03
  104.93,   473.55,    96.71
  104.60,   475.93,   221.69
  104.27,   478.31,   346.66
  108.12,   598.49,    94.34
  107.79,   600.87,   219.32
  107.46,   603.25,   344.30
  226.70,   345.43,    99.47
  226.37,   347.81,   224.45
  226.04,   350.19,   349.42
  229.89,   470.37,    97.10
  229.56,   472.75,   222.08
  229.23,   475.13,   347.06
  233.08,   595.31,    94.73
  232.75,   597.68,   219.71
  232.42,   600.06,   344.69
  351.66,   342.25,    99.86
  351.33,   344.63,   224.84
  351.00,   347.01,   349.82
  354.85,   467.19,    97.49
  354.52,   469.56,   222.47
  354.19,   471.94,   347.45
  358.04,   592.12,    95.13
  357.71,   594.50,   220.10
  357.38,   596.88,   345.08
   99.88,   351.38,   223.68
  102.29,   354.50,   348.62
  104.70,   357.61,   473.56
   98.40,   476.33,   220.59
  100.81,   479.45,   345.53
  103.22,   482.57,   470.47
   96.93,   601.28,   217.50
   99.33,   604.40,   342.44
  101.74,   607.52,   467.38
  224.85,   352.80,   221.24
  227.26,   355.91,   346.18
  229.67,   359.03,   471.11
  223.37,   477.75,   218.15
  225.78,   480.87,   343.09
  228.19,   483.99,   468.02
  221.89,   602.70,   215.06
  224.30,   605.82,   340.00
  226.71,   608.94,   464.93
  349.82,   354.22,   218.79
  352.23,   357.33,   343.73
  354.63,   360.45,   468.67
  348.34,   479.17,   215.71
  350.75,   482.29,   340.64
  353.15,   485.40,   465.58
  346.86,   604.12,   212.62
  349.27,   607.24,   337.55
  351.68,   610.36,   462.49
  101.38,   351.65,   348.10
  101.86,   355.30,   473.05
  102.35,   358.94,   598.00
  100.45,   476.60,   344.46
  100.94,   480.24,   469.41
  101.42,   483.88,   594.35
   99.53,   601.54,   340.82
  100.01,   605.18,   465.77
  100.50,   608.83,   590.71
  226.37,   352.56,   347.59
  226.86,   356.21,   472.54
  227.34,   359.85,   597.48
  225.45,   477.50,   343.95
  225.93,   481.15,   468.90
  226.42,   484.79,   593.84
  224.53,   602.45,   340.31
  225.01,   606.09,   465.26
  225.49,   609.74,   590.20
  351.37,   353.47,   347.08
  351.85,   357.11,   472.03
  352.34,   360.76,   596.97
  350.45,   478.41,   343.44
  350.93,   482.06,   468.39
  351.41,   485.70,   593.33
  349.52,   603.36,   339.80
  350.01,   607.00,   464.75
  350.49,   610.65,   589.69
   99.08,   349.89,   474.66
   97.37,   347.75,   599.63
   95.67,   345.61,   724.60
  101.57,   474.85,   476.83
   99.86,   472.71,   601.80
   98.15,   470.57,   726.77
  104.05,   599.80,   479.00
  102.34,   597.66,   603.97
  100.64,   595.52,   728.94
  224.05,   347.38,   476.32
  222.34,   345.24,   601.29
  220.63,   343.10,   726.26
  226.53,   472.33,   478.49
  224.82,   470.19,   603.46
  223.11,   468.05,   728.43
  229.01,   597.29,   480.67
  227.31,   595.15,   605.64
  225.60,   593.01,   730.61
  349.01,   344.86,   477.98
  347.30,   342.72,   602.95
  345.59,   340.58,   727.92
  351.49,   469.82,   480.16
  349.79,   467.68,   605.13
  348.08,   465.54,   730.10
  353.98,   594.77,   482.33
  352.27,   592.64,   607.30
  350.56,   590.50,   732.27
  101.49,   351.92,   600.38
  104.38,   355.01,   725.31
  107.27,   358.10,   850.23
  102.08,   476.88,   597.27
  104.97,   479.97,   722.20
  107.86,   483.06,   847.13
  102.66,   601.84,   594.17
  105.55,   604.93,   719.10
  108.45,   608.02,   844.03
  226.45,   351.26,   597.50
  229.34,   354.35,   722.43
  232.23,   357.44,   847.36
  227.04,   476.22,   594.40
  229.93,   479.31,   719.33
  232.82,   482.40,   844.26
  227.63,   601.18,   591.30
  230.52,   604.27,   716.22
  233.41,   607.36,   841.15
  351.42,   350.60,   594.63
  354.31,   353.69,   719.56
  357.20,   356.78,   844.48
  352.01,   475.56,   591.52
  354.90,   478.65,   716.45
  357.79,   481.74,   841.38
  352.59,   600.52,   588.42
  355.49,   603.61,   713.35
  358.38,   606.70,   838.28
  100.62,   473.04,   101.02
  100.71,   473.29,   226.02
  100.81,   473.55,   351.02
  101.35,   598.03,   100.77
  101.45,   598.29,   225.77
  101.55,   598.55,   350.77
  102.09,   723.03,   100.51
  102.19,   723.29,   225.51
  102.28,   723.55,   350.51
  225.61,   472.30,   100.93
  225.71,   472.56,   225.93
  225.81,   472.82,   350.93
  226.35,   597.30,   100.67
  226.45,   597.56,   225.67
  226.54,   597.81,   350.67
  227.09,   722.29,   100.41
  227.18,   722.55,   225.41
  227.28,   722.81,   350.41
  350.61,   471.56,   100.83
  350.71,   471.82,   225.83
  350.81,   472.08,   350.83
  351.35,   596.56,   100.57
  351.44,   596.82,   225.57
  351.54,   597.08,   350.57
  352.08,   721.56,   100.32
  352.18,   721.82,   225.32
  352.28,   722.07,   350.32
  101.79,   473.80,   223.13
  102.56,   471.65,   348.10
  103.33,   469.50,   473.08
   98.80,   598.74,   225.29
   99.57,   596.60,   350.27
  100.34,   594.45,   475.25
   95.81,   723.69,   227.45
   96.58,   721.54,   352.43
   97.35,   719.40,   477.41
  226.75,   476.80,   222.41
  227.52,   474.65,   347.39
  228.29,   472.50,   472.37
  223.76,   601.74,   224.57
  224.53,   599.60,   349.55
  225.30,   597.45,   474.53
  220.78,   726.69,   226.73
  221.55,   724.54,   351.71
  222.32,   722.39,   476.69
  351.71,   479.80,   221.69
  352.48,   477.65,   346.67
  353.25,   475.50,   471.65
  348.72,   604.74,   223.85
  349.49,   602.59,   348.83
  350.26,   600.45,   473.81
  345.74,   729.69,   226.02
  346.51,   727.54,   351.00
  347.28,   725.39,   475.97
   98.43,   474.25,   351.62
  100.93,   476.14,   476.58
  103.43,   478.04,   601.54
   95.41,   599.20,   349.78
   97.91,   601.09,   474.74
  100.40,   602.99,   599.70
   92.39,   724.15,   347.94
   94.88,   726.04,   472.90
   97.38,   727.94,   597.86
  223.37,   477.23,   349.07
  225.87,   479.13,   474.03
  228.36,   481.03,   598.99
  220.35,   602.18,   347.24
  222.84,   604.08,   472.20
  225.34,   605.98,   597.16
  217.33,   727.13,   345.40
  219.82,   729.03,   470.36
  222.32,   730.93,   595.32
  348.31,   480.22,   346.53
  350.81,   482.11,   471.49
  353.30,   484.01,   596.45
  345.29,   605.16,   344.69
  347.78,   607.06,   469.65
  350.28,   608.96,   594.61
  342.26,   730.11,   342.86
  344.76,   732.01,   467.82
  347.26,   733.91,   592.78
  100.63,   476.59,   474.23
  102.32,   473.34,   599.18
  104.01,   470.08,   724.13
  101.17,   601.55,   477.48
  102.86,   598.29,   602.43
  104.54,   595.04,   727.37
  101.70,   726.51,   480.73
  103.39,   723.25,   605.68
  105.08,   720.00,   730.62
  225.62,   476.10,   472.53
  227.31,   472.85,   597.48
  229.00,   469.59,   722.43
  226.16,   601.06,   475.78
  227.84,   597.80,   600.73
  229.53,   594.55,   725.67
  226.69,   726.01,   479.03
  228.38,   722.76,   603.97
  230.07,   719.50,   728.92
  350.61,   475.61,   470.83
  352.29,   472.35,   595.78
  353.98,   469.10,   720.73
  351.14,   600.56,   474.08
  352.83,   597.31,   599.03
  354.52,   594.06,   723.97
  351.68,   725.52,   477.33
  353.37,   722.27,   602.27
  355.06,   719.01,   727.22
  100.54,   473.17,   600.29
   99.64,   471.86,   725.28
   98.74,   470.55,   850.27
  102.48,   598.15,   601.61
  101.58,   596.84,   726.60
  100.68,   595.52,   851.59
  104.42,   723.13,   602.94
  103.52,   721.82,   727.93
  102.62,   720.50,   852.92
  225.52,   471.23,   601.16
  224.62,   469.91,   726.15
  223.72,   468.60,   851.14
  227.46,   596.20,   602.49
  226.56,   594.89,   727.48
  225.66,   593.57,   852.47
  229.40,   721.18,   603.82
  228.50,   719.87,   728.81
  227.60,   718.55,   853.80
  350.50,   469.28,   602.04
  349.60,   467.96,   727.03
  348.70,   466.65,   852.02
  352.44,   594.25,   603.37
  351.54,   592.94,   728.36
  350.64,   591.63,   853.35
  354.38,   719.23,   604.70
  353.48,   717.92,   729.69
  352.58,   716.60,   854.68
  100.85,   601.70,   101.22
  101.85,   601.11,   226.21
  102.85,   600.52,   351.21
  102.14,   726.69,   101.79
  103.14,   726.10,   226.79
  104.14,   725.51,   351.78
  103.43,   851.68,   102.37
  104.43,   851.09,   227.36
  105.43,   850.51,   352.36
  225.84,   600.41,   100.21
  226.84,   599.82,   225.21
  227.83,   599.24,   350.20
  227.13,   725.40,   100.79
  228.13,   724.81,   225.78
  229.13,   724.23,   350.78
  228.42,   850.39,   101.37
  229.42,   849.81,   226.36
  230.42,   849.22,   351.36
  350.83,   599.12,    99.21
  351.83,   598.54,   224.20
  352.82,   597.95,   349.20
  352.12,   724.11,    99.79
  353.12,   723.53,   224.78
  354.12,   722.94,   349.78
  353.41,   849.11,   100.36
  354.41,   848.52,   225.36
  355.41,   847.93,   350.35
  101.64,   601.91,   224.07
   99.18,   604.34,   349.02
   96.72,   606.77,   473.98
  100.92,   726.89,   221.63
   98.46,   729.31,   346.58
   96.00,   731.74,   471.53
  100.20,   851.86,   219.19
   97.74,   854.29,   344.14
   95.29,   856.72,   469.09
  226.61,   602.68,   226.52
  224.15,   605.10,   351.47
  221.69,   607.53,   476.42
  225.89,   727.65,   224.07
  223.44,   730.08,   349.03
  220.98,   732.51,   473.98
  225.18,   852.62,   221.63
  222.72,   855.05,   346.58
  220.26,   857.48,   471.54
  351.59,   603.44,   228.96
  349.13,   605.87,   353.91
  346.67,   608.30,   478.87
  350.87,   728.41,   226.52
  348.41,   730.84,   351.47
  345.95,   733.27,   476.42
  350.15,   853.39,   224.08
  347.69,   855.82,   349.03
  345.23,   858.24,   473.98
  101.11,   600.14,   349.57
  104.13,   602.37,   474.51
  107.16,   604.59,   599.46
   99.23,   725.10,   347.39
  102.26,   727.33,   472.33
  105.28,   729.56,   597.27
   97.36,   850.07,   345.20
  100.38,   852.30,   470.15
  103.40,   854.53,   595.09
  226.06,   601.96,   346.51
  229.08,   604.19,   471.46
  232.11,   606.42,   596.40
  224.18,   726.93,   344.33
  227.21,   729.16,   469.28
  230.23,   731.38,   594.22
  222.31,   851.90,   342.15
  225.33,   854.12,   467.09
  228.35,   856.35,   592.04
  351.01,   603.79,   343.46
  354.03,   606.01,   468.40
  357.06,   608.24,   593.35
  349.13,   728.75,   341.28
  352.16,   730.98,   466.22
  355.18,   733.21,   591.16
  347.26,   853.72,   339.09
  350.28,   855.95,   464.04
  353.30,   858.18,   588.98
   98.94,   601.53,   473.26
   99.73,   603.15,   598.25
  100.51,   604.77,   723.24
   98.01,   726.51,   471.65
   98.80,   728.13,   596.64
   99.59,   729.76,   721.62
   97.09,   851.50,   470.03
   97.87,   853.12,   595.02
   98.66,   854.74,   720.01
  223.93,   602.44,   472.47
  224.72,   604.07,   597.45
  225.51,   605.69,   722.44
  223.01,   727.43,   470.85
  223.79,   729.05,   595.84
  224.58,   730.67,   720.82
  222.08,   852.42,   469.23
  222.87,   854.04,   594.22
  223.65,   855.66,   719.21
  348.93,   603.36,   471.67
  349.71,   604.98,   596.65
  350.50,   606.60,   721.64
  348.00,   728.35,   470.05
  348.79,   729.97,   595.04
  349.57,   731.59,   720.02
  347.07,   853.33,   468.43
  347.86,   854.95,   593.42
  348.65,   856.58,   718.41
   98.18,   600.77,   601.82
   99.19,   599.49,   726.81
  100.20,   598.21,   851.80
  100.14,   725.75,   603.09
  101.15,   724.47,   728.08
  102.16,   723.18,   853.07
  102.09,   850.73,   604.36
  103.10,   849.45,   729.35
  104.11,   848.16,   854.34
  223.16,   598.83,   600.79
  224.17,   597.55,   725.78
  225.18,   596.26,   850.77
  225.12,   723.81,   602.06
  226.13,   722.53,   727.05
  227.14,   721.24,   852.04
  227.07,   848.79,   603.33
  228.08,   847.51,   728.32
  229.09,   846.22,   853.31
  348.15,   596.89,   599.76
  349.16,   595.61,   724.75
  350.17,   594.32,   849.74
  350.10,   721.87,   601.03
  351.11,   720.59,   726.02
  352.12,   719.30,   851.01
  352.05,   846.85,   602.30
  353.06,   845.56,   727.29
  354.07,   844.28,   852.28
  223.18,    99.17,   101.58
  221.99,   101.77,   226.55
  220.80,   104.37,   351.51
  223.00,   224.14,    98.98
  221.81,   226.74,   223.95
  220.61,   229.34,   348.91
  222.81,   349.11,    96.38
  221.62,   351.71,   221.34
  220.43,   354.31,   346.31
  348.18,    99.38,   102.77
  346.98,   101.98,   227.73
  345.79,   104.58,   352.70
  347.99,   224.35,   100.16
  346.80,   226.95,   225.13
  345.61,   229.55,   350.10
  347.81,   349.32,    97.56
  346.62,   351.92,   222.53
  345.43,   354.52,   347.50
  473.17,    99.59,   103.95
  471.98,   102.19,   228.92
  470.79,   104.79,   353.89
  472.99,   224.56,   101.35
  471.79,   227.16,   226.32
  470.60,   229.76,   351.29
  472.80,   349.53,    98.75
  471.61,   352.13,   223.72
  470.42,   354.73,   348.68
  226.83,   100.60,   224.15
  228.71,   101.50,   349.13
  230.59,   102.40,   474.11
  229.08,   225.57,   223.21
  230.96,   226.47,   348.20
  232.84,   227.37,   473.18
  231.34,   350.55,   222.28
  233.22,   351.45,   347.26
  235.10,   352.35,   472.25
  351.79,    98.33,   222.28
  353.67,    99.23,   347.27
  355.55,   100.13,   472.25
  354.05,   223.30,   221.35
  355.93,   224.20,   346.33
  357.81,   225.10,   471.32
  356.31,   348.28,   220.42
  358.19,   349.18,   345.40
  360.07,   350.08,   470.38
  476.76,    96.06,   220.42
  478.64,    96.96,   345.40
  480.52,    97.86,   470.39
  479.02,   221.03,   219.49
  480.90,   221.93,   344.47
  482.78,   222.83,   469.45
  481.27,   346.01,   218.55
  483.15,   346.91,   343.54
  485.03,   347.81,   468.52
  225.79,    99.38,   348.06
  224.32,    97.51,   473.04
  222.85,    95.64,   598.02
  225.61,   224.37,   349.93
  224.15,   222.50,   474.91
  222.68,   220.63,   599.88
  225.44,   349.36,   351.80
  223.97,   347.49,   476.78
  222.51,   345.62,   601.75
  350.78,    99.54,   349.53
  349.31,    97.67,   474.51
  347.84,    95.79,   599.48
  350.61,   224.52,   351.40
  349.14,   222.65,   476.38
  347.67,   220.78,   601.35
  350.43,   349.51,   353.27
  348.97,   347.64,   478.24
  347.50,   345.77,   603.22
  475.77,    99.69,   351.00
  474.30,    97.82,   475.98
  472.84,    95.95,   600.95
  475.60,   224.67,   352.87
  474.13,   222.80,   477.85
  472.66,   220.93,   602.82
  475.42,   349.66,   354.74
  473.96,   347.79,   479.71
  472.49,   345.92,   604.69
  225.23,   101.83,   474.23
  223.39,   104.49,   599.19
  221.54,   107.14,   724.14
  225.73,   226.80,   471.58
  223.89,   229.46,   596.53
  222.04,   232.12,   721.49
  226.23,   351.77,   468.92
  224.39,   354.43,   593.88
  222.54,   357.09,   718.84
  350.22,   101.37,   476.08
  348.37,   104.02,   601.04
  346.53,   106.68,   726.00
  350.72,   226.34,   473.43
  348.87,   229.00,   598.39
  347.03,   231.65,   723.35
  351.22,   351.31,   470.78
  349.37,   353.97,   595.74
  347.53,   356.63,   720.69
  475.20,   100.90,   477.93
  473.36,   103.56,   602.89
  471.51,   106.22,   727.85
  475.70,   225.88,   475.28
  473.86,   228.53,   600.24
  472.02,   231.19,   725.20
  476.20,   350.85,   472.63
  474.36,   353.51,   597.59
  472.52,   356.16,   722.55
  225.49,   100.46,   599.07
  224.83,   103.37,   724.04
  224.18,   106.27,   849.00
  221.86,   225.38,   596.15
  221.21,   228.28,   721.12
  220.55,   231.18,   846.08
  218.23,   350.29,   593.23
  217.58,   353.19,   718.20
  216.93,   356.10,   843.16
  350.43,   104.11,   599.64
  349.78,   107.01,   724.61
  349.13,   109.91,   849.57
  346.81,   229.02,   596.72
  346.15,   231.92,   721.69
  345.50,   234.82,   846.65
  343.18,   353.93,   593.80
  342.53,   356.83,   718.77
  341.87,   359.74,   843.73
  475.38,   107.75,   600.21
  474.73,   110.65,   725.17
  474.07,   113.55,   850.14
  471.75,   232.66,   597.29
  471.10,   235.56,   722.25
  470.45,   238.46,   847.22
  468.12,   357.57,   594.37
  467.47,   360.48,   719.33
  466.82,   363.38,   844.30
  226.73,   223.12,    99.63
  229.82,   226.64,   224.54
  232.91,   230.16,   349.46
  230.12,   348.02,    96.03
  233.21,   351.55,   220.94
  236.29,   355.07,   345.85
  233.51,   472.93,    92.42
  236.60,   476.45,   217.33
  239.68,   479.97,   342.25
  351.65,   219.65,    96.64
  354.73,   223.17,   221.55
  357.82,   226.69,   346.47
  355.04,   344.55,    93.04
  358.12,   348.07,   217.95
  361.21,   351.59,   342.86
  358.43,   469.45,    89.43
  361.51,   472.97,   214.34
  364.60,   476.49,   339.26
  476.56,   216.17,    93.65
  479.65,   219.69,   218.57
  482.74,   223.21,   343.48
  479.95,   341.07,    90.05
  483.04,   344.59,   214.96
  486.13,   348.12,   339.87
  483.34,   465.97,    86.44
  486.43,   469.50,   211.36
  489.52,   473.02,   336.27
  224.04,   224.23,   224.13
  224.52,   227.22,   349.09
  225.01,   230.21,   474.06
  222.85,   349.19,   221.15
  223.34,   352.18,   346.11
  223.82,   355.17,   471.07
  221.67,   474.15,   218.16
  222.15,   477.14,   343.13
  222.63,   480.13,   468.09
  349.03,   225.41,   223.62
  349.52,   228.40,   348.58
  350.00,   231.38,   473.54
  347.85,   350.37,   220.63
  348.33,   353.35,   345.60
  348.81,   356.34,   470.56
  346.66,   475.32,   217.65
  347.14,   478.31,   342.61
  347.63,   481.30,   467.58
  474.03,   226.58,   223.11
  474.51,   229.57,   348.07
  474.99,   232.56,   473.03
  472.84,   351.54,   220.12
  473.32,   354.53,   345.09
  473.81,   357.52,   470.05
  471.65,   476.50,   217.14
  472.14,   479.49,   342.10
  472.62,   482.48,   467.07
  226.47,   223.16,   350.43
  227.75,   223.10,   475.43
  229.03,   223.03,   600.42
  223.17,   348.12,   350.53
  224.44,   348.05,   475.53
  225.72,   347.99,   600.52
  219.86,   473.08,   350.63
  221.14,   473.01,   475.63
  222.42,   472.94,   600.62
  351.42,   226.47,   349.16
  352.70,   226.40,   474.15
  353.98,   226.34,   599.14
  348.12,   351.43,   349.26
  349.39,   351.36,   474.25
  350.67,   351.29,   599.24
  344.81,   476.38,   349.36
  346.09,   476.32,   474.35
  347.37,   476.25,   599.34
  476.37,   229.77,   347.88
  477.65,   229.71,   472.87
  478.93,   229.64,   597.87
  473.06,   354.73,   347.98
  474.34,   354.67,   472.97
  475.62,   354.60,   597.97
  469.76,   479.69,   348.08
  471.04,   479.62,   473.07
  472.32,   479.56,   598.07
  225.24,   224.46,   474.50
  222.98,   222.89,   599.47
  220.71,   221.32,   724.44
  225.23,   349.45,   476.08
  222.96,   347.88,   601.05
  220.69,   346.31,   726.02
  225.21,   474.44,   477.65
  222.94,   472.87,   602.62
  220.67,   471.30,   727.59
  350.22,   224.45,   476.77
  347.96,   222.88,   601.74
  345.69,   221.31,   726.71
  350.21,   349.44,   478.34
  347.94,   347.87,   603.31
  345.67,   346.30,   728.28
  350.19,   474.43,   479.92
  347.92,   472.86,   604.89
  345.65,   471.29,   729.86
  475.20,   224.44,   479.04
  472.94,   222.87,   604.01
  470.67,   221.30,   728.98
  475.19,   349.43,   480.61
  472.92,   347.86,   605.58
  470.65,   346.29,   730.55
  475.17,   474.42,   482.18
  472.90,   472.85,   607.15
  470.63,   471.28,   732.12
  225.70,   224.34,   600.72
  225.20,   221.21,   725.68
  224.70,   218.07,   850.64
  228.84,   349.27,   603.87
  228.33,   346.13,   728.83
  227.83,   342.99,   853.79
  231.97,   474.19,   607.02
  231.46,   471.05,   731.98
  230.96,   467.91,   856.94
  350.66,   221.20,   601.15
  350.16,   218.06,   726.11
  349.66,   214.93,   851.07
  353.80,   346.12,   604.30
  353.29,   342.98,   729.26
  352.79,   339.85,   854.22
  356.93,   471.04,   607.45
  356.42,   467.91,   732.41
  355.92,   464.77,   857.37
  475.62,   218.06,   601.58
  475.12,   214.92,   726.53
  474.62,   211.78,   851.49
  478.76,   342.98,   604.72
  478.25,   339.84,   729.68
  477.75,   336.70,   854.64
  481.89,   467.90,   607.87
  481.38,   464.76,   732.83
  480.88,   461.63,   857.79
  225.29,   350.65,   100.81
  228.42,   348.07,   225.74
  231.56,   345.48,   350.68
  223.70,   475.62,   103.44
  226.84,   473.03,   228.37
  229.97,   470.44,   353.31
  222.12,   600.58,   106.07
  225.25,   597.99,   231.00
  228.38,   595.40,   355.94
  350.24,   352.31,    97.71
  353.38,   349.72,   222.64
  356.51,   347.13,   347.58
  348.65,   477.27,   100.34
  351.79,   474.68,   225.27
  354.92,   472.09,   350.21
  347.07,   602.23,   102.97
  350.20,   599.64,   227.90
  353.33,   597.06,   352.84
  475.19,   353.96,    94.61
  478.33,   351.37,   219.54
  481.46,   348.78,   344.48
  473.60,   478.92,    97.24
  476.74,   476.33,   222.17
  479.87,   473.75,   347.11
  472.02,   603.88,    99.87
  475.15,   601.30,   224.80
  478.28,   598.71,   349.74
  226.08,   351.50,   225.62
  229.26,   348.12,   350.53
  232.44,   344.74,   475.44
  226.73,   476.45,   228.98
  229.91,   473.07,   353.89
  233.09,   469.69,   478.81
  227.38,   601.41,   232.35
  230.56,   598.03,   357.26
  233.74,   594.65,   482.17
  351.03,   350.94,   222.42
  354.22,   347.56,   347.33
  357.40,   344.18,   472.24
  351.69,   475.89,   225.78
  354.87,   472.51,   350.70
  358.05,   469.13,   475.61
  352.34,   600.84,   229.15
  355.52,   597.46,   354.06
  358.70,   594.08,   478.97
  475.99,   350.37,   219.22
  479.17,   346.99,   344.13
  482.36,   343.61,   469.05
  476.64,   475.32,   222.58
  479.83,   471.94,   347.50
  483.01,   468.56,   472.41
  477.29,   600.28,   225.95
  480.48,   596.90,   350.86
  483.66,   593.52,   475.78
  226.16,   351.44,   348.78
  223.69,   350.71,   473.76
  221.23,   349.98,   598.73
  225.52,   476.44,   349.50
  223.05,   475.71,   474.48
  220.59,   474.97,   599.45
  224.88,   601.44,   350.22
  222.41,   600.70,   475.20
  219.95,   599.97,   600.17
  351.13,   352.07,   351.25
  348.67,   351.34,   476.22
  346.20,   350.60,   601.20
  350.49,   477.07,   351.97
  348.03,   476.33,   476.95
  345.56,   475.60,   601.92
  349.85,   602.06,   352.69
  347.39,   601.33,   477.67
  344.92,   600.59,   602.64
  476.10,   352.69,   353.72
  473.64,   351.96,   478.69
  471.17,   351.23,   603.67
  475.47,   477.69,   354.44
  473.00,   476.96,   479.42
  470.53,   476.22,   604.39
  474.83,   602.69,   355.16
  472.36,   601.95,   480.14
  469.89,   601.22,   605.11
  224.51,   350.08,   474.03
  220.84,   349.34,   598.97
  217.17,   348.59,   723.92
  223.91,   475.08,   474.76
  220.24,   474.33,   599.70
  216.56,   473.59,   724.64
  223.30,   600.07,   475.48
  219.63,   599.33,   600.43
  215.96,   598.59,   725.37
  349.46,   350.67,   477.71
  345.79,   349.92,   602.65
  342.11,   349.18,   727.59
  348.85,   475.66,   478.43
  345.18,   474.92,   603.38
  341.51,   474.17,   728.32
  348.25,   600.66,   479.16
  344.57,   599.91,   604.10
  340.90,   599.17,   729.05
  474.40,   351.25,   481.38
  470.73,   350.51,   606.33
  467.06,   349.76,   731.27
  473.80,   476.25,   482.11
  470.12,   475.50,   607.05
  466.45,   474.76,   732.00
  473.19,   601.24,   482.83
  469.52,   600.50,   607.78
  465.85,   599.76,   732.72
  223.88,   350.19,   600.23
  220.71,   353.77,   725.13
  217.53,   357.34,   850.04
  222.81,   475.14,   596.62
  219.63,   478.71,   721.53
  216.46,   482.29,   846.44
  221.73,   600.08,   593.02
  218.56,   603.66,   717.93
  215.39,   607.23,   842.84
  348.83,   351.36,   603.37
  345.66,   354.93,   728.28
  342.49,   358.51,   853.18
  347.76,   476.30,   599.76
  344.59,   479.88,   724.67
  341.42,   483.45,   849.58
  346.69,   601.24,   596.16
  343.52,   604.82,   721.07
  340.34,   608.39,   845.98
  473.79,   352.52,   606.51
  470.62,   356.10,   731.42
  467.44,   359.67,   856.32
  472.72,   477.46,   602.90
  469.54,   481.04,   727.81
  466.37,   484.61,   852.72
  471.64,   602.41,   599.30
  468.47,   605.98,   724.21
  465.30,   609.56,   849.12
  226.50,   473.30,   100.96
  227.87,   475.15,   225.94
  229.24,   477.00,   350.91
  224.14,   598.27,    99.13
  225.51,   600.12,   224.11
  226.88,   601.96,   349.09
  221.77,   723.23,    97.31
  223.14,   725.08,   222.29
  224.51,   726.93,   347.27
  351.47,   475.65,    99.55
  352.84,   477.50,   224.53
  354.21,   479.34,   349.51
  349.11,   600.61,    97.73
  350.48,   602.46,   222.71
  351.85,   604.31,   347.69
  346.74,   725.58,    95.91
  348.11,   727.42,   220.89
  349.48,   729.27,   345.87
  476.44,   477.99,    98.15
  477.81,   479.84,   223.13
  479.18,   481.69,   348.11
  474.08,   602.96,    96.33
  475.45,   604.80,   221.31
  476.82,   606.65,   346.28
  471.71,   727.92,    94.51
  473.08,   729.77,   219.48
  474.45,   731.62,   344.46
  226.14,   473.06,   225.06
  222.76,   474.72,   350.01
  219.38,   476.38,   474.95
  226.53,   598.05,   223.41
  223.15,   599.71,   348.35
  219.77,   601.37,   473.30
  226.93,   723.04,   221.76
  223.55,   724.70,   346.70
  220.17,   726.36,   471.64
  351.09,   472.71,   228.45
  347.71,   474.37,   353.39
  344.33,   476.03,   478.33
  351.49,   597.70,   226.79
  348.11,   599.36,   351.74
  344.73,   601.02,   476.68
  351.88,   722.69,   225.14
  348.50,   724.35,   350.09
  345.12,   726.01,   475.03
  476.05,   472.36,   231.83
  472.67,   474.02,   356.77
  469.29,   475.68,   481.72
  476.44,   597.35,   230.18
  473.06,   599.01,   355.12
  469.68,   600.67,   480.07
  476.84,   722.34,   228.53
  473.46,   724.00,   353.47
  470.08,   725.66,   478.41
  226.53,   473.11,   351.70
  224.82,   472.65,   476.69
  223.11,   472.19,   601.68
  223.53,   598.07,   352.12
  221.82,   597.61,   477.11
  220.11,   597.15,   602.09
  220.53,   723.03,   352.54
  218.82,   722.57,   477.53
  217.11,   722.11,   602.51
  351.48,   476.10,   353.42
  349.77,   475.64,   478.41
  348.06,   475.18,   603.40
  348.48,   601.06,   353.84
  346.77,   600.60,   478.83
  345.06,   600.14,   603.81
  345.48,   726.03,   354.26
  343.77,   725.57,   479.25
  342.06,   725.11,   604.23
  476.44,   479.10,   355.14
  474.73,   478.64,   480.13
  473.02,   478.18,   605.12
  473.43,   604.06,   355.56
  471.72,   603.60,   480.55
  470.02,   603.14,   605.53
  470.43,   729.02,   355.98
  468.72,   728.56,   480.97
  467.01,   728.10,   605.95
  226.52,   474.34,   473.27
  224.33,   477.77,   598.20
  222.13,   481.21,   723.14
  227.95,   599.28,   469.86
  225.76,   602.72,   594.79
  223.57,   606.15,   719.73
  229.39,   724.23,   466.45
  227.20,   727.66,   591.38
  225.01,   731.10,   716.32
  351.49,   472.96,   475.50
  349.30,   476.40,   600.43
  347.11,   479.83,   725.37
  352.93,   597.90,   472.09
  350.74,   601.34,   597.02
  348.54,   604.78,   721.96
  354.37,   722.85,   468.68
  352.17,   726.29,   593.61
  349.98,   729.72,   718.55
  476.46,   471.58,   477.73
  474.27,   475.02,   602.66
  472.08,   478.45,   727.60
  477.90,   596.53,   474.32
  475.71,   599.96,   599.25
  473.52,   603.40,   724.19
  479.34,   721.47,   470.91
  477.15,   724.91,   595.84
  474.95,   728.34,   720.78
  226.81,   476.38,   599.22
  225.49,   473.42,   724.18
  224.17,   470.46,   849.13
  225.73,   601.34,   602.17
  224.41,   598.39,   727.12
  223.08,   595.43,   852.08
  224.64,   726.31,   605.11
  223.32,   723.35,   730.07
  222.00,   720.39,   855.03
  351.80,   477.44,   600.56
  350.48,   474.48,   725.52
  349.16,   471.52,   850.48
  350.72,   602.40,   603.51
  349.39,   599.44,   728.47
  348.07,   596.48,   853.43
  349.63,   727.36,   606.46
  348.31,   724.40,   731.42
  346.99,   721.44,   856.38
  476.79,   478.49,   601.91
  475.47,   475.54,   726.87
  474.15,   472.58,   851.83
  475.70,   603.46,   604.86
  474.38,   600.50,   729.82
  473.06,   597.54,   854.78
  474.62,   728.42,   607.81
  473.30,   725.46,   732.77
  471.97,   722.50,   857.72
  226.69,   600.66,    99.52
  226.93,   600.61,   224.52
  227.18,   600.55,   349.52
  223.75,   725.63,    99.58
  224.00,   725.57,   224.58
  224.24,   725.52,   349.58
  220.82,   850.59,    99.64
  221.06,   850.54,   224.64
  221.30,   850.48,   349.64
  351.66,   603.60,    99.28
  351.90,   603.54,   224.28
  352.14,   603.49,   349.28
  348.72,   728.56,    99.34
  348.96,   728.51,   224.34
  349.21,   728.45,   349.34
  345.78,   853.53,    99.40
  346.03,   853.48,   224.40
  346.27,   853.42,   349.40
  476.62,   606.54,    99.04
  476.86,   606.48,   224.04
  477.11,   606.43,   349.04
  473.68,   731.50,    99.10
  473.93,   731.45,   224.10
  474.17,   731.39,   349.10
  470.75,   856.47,    99.16
  470.99,   856.41,   224.16
  471.23,   856.36,   349.16
  225.18,   600.02,   226.14
  225.29,   603.37,   351.10
  225.39,   606.72,   476.05
  227.16,   724.96,   222.79
  227.27,   728.31,   347.75
  227.38,   731.66,   472.70
  229.15,   849.90,   219.44
  229.25,   853.25,   344.39
  229.36,   856.60,   469.35
  350.17,   598.03,   226.09
  350.27,   601.38,   351.05
  350.38,   604.73,   476.00
  352.15,   722.97,   222.74
  352.25,   726.32,   347.69
  352.36,   729.67,   472.65
  354.13,   847.91,   219.39
  354.24,   851.26,   344.34
  354.34,   854.61,   469.30
  475.15,   596.05,   226.04
  475.26,   599.40,   350.99
  475.36,   602.75,   475.95
  477.13,   720.99,   222.69
  477.24,   724.34,   347.64
  477.34,   727.69,   472.60
  479.12,   845.93,   219.33
  479.22,   849.28,   344.29
  479.33,   852.63,   469.24
  224.14,   598.35,   349.72
  227.60,   599.73,   474.66
  231.07,   601.12,   599.61
  221.37,   723.31,   348.41
  224.84,   724.70,   473.36
  228.30,   726.08,   598.30
  218.61,   848.28,   347.11
  222.07,   849.66,   472.05
  225.54,   851.04,   596.99
  349.06,   601.08,   346.22
  352.52,   602.46,   471.17
  355.99,   603.84,   596.11
  346.29,   726.04,   344.92
  349.76,   727.42,   469.86
  353.22,   728.81,   594.81
  343.53,   851.00,   343.61
  346.99,   852.39,   468.56
  350.46,   853.77,   593.50
  473.98,   603.81,   342.73
  477.44,   605.19,   467.68
  480.91,   606.57,   592.62
  471.22,   728.77,   341.42
  474.68,   730.15,   466.37
  478.14,   731.53,   591.31
  468.45,   853.73,   340.12
  471.91,   855.11,   465.06
  475.38,   856.50,   590.01
  225.66,   600.28,   475.47
  222.63,   602.05,   600.42
  219.60,   603.82,   725.38
  222.47,   725.22,   473.63
  219.44,   726.99,   598.58
  216.41,   728.76,   723.53
  219.27,   850.17,   471.78
  216.24,   851.94,   596.73
  213.22,   853.71,   721.68
  350.58,   603.51,   478.46
  347.55,   605.29,   603.41
  344.52,   607.06,   728.36
  347.39,   728.46,   476.61
  344.36,   730.23,   601.56
  341.33,   732.00,   726.51
  344.19,   853.41,   474.76
  341.17,   855.18,   599.71
  338.14,   856.95,   724.66
  475.50,   606.75,   481.44
  472.48,   608.52,   606.39
  469.45,   610.29,   731.34
  472.31,   731.70,   479.59
  469.28,   733.47,   604.54
  466.25,   735.24,   729.49
  469.12,   856.64,   477.74
  466.09,   858.41,   602.69
  463.06,   860.18,   727.64
  224.51,   601.20,   599.38
  222.37,   600.26,   724.36
  220.22,   599.33,   849.33
  224.36,   726.19,   600.31
  222.22,   725.26,   725.29
  220.08,   724.33,   850.27
  224.22,   851.19,   601.24
  222.07,   850.26,   726.22
  219.93,   849.32,   851.20
  349.50,   601.33,   601.52
  347.35,   600.40,   726.50
  345.21,   599.46,   851.48
  349.35,   726.33,   602.45
  347.20,   725.39,   727.43
  345.06,   724.46,   852.41
  349.20,   851.32,   603.39
  347.05,   850.39,   728.36
  344.91,   849.46,   853.34
  474.48,   601.46,   603.67
  472.33,   600.53,   728.65
  470.19,   599.60,   853.63
  474.33,   726.46,   604.60
  472.18,   725.53,   729.58
  470.04,   724.59,   854.56
  474.18,   851.46,   605.53
  472.03,   850.52,   730.51
  469.89,   849.59,   855.49
  349.14,   100.56,    99.11
  347.57,   100.71,   224.10
  346.00,   100.85,   349.09
  350.65,   225.55,    98.99
  349.08,   225.70,   223.98
  347.51,   225.85,   348.97
  352.17,   350.54,    98.86
  350.59,   350.69,   223.85
  349.02,   350.84,   348.84
  474.12,    99.05,   100.69
  472.55,    99.20,   225.68
  470.98,    99.34,   350.67
  475.64,   224.04,   100.56
  474.06,   224.19,   225.55
  472.49,   224.34,   350.54
  477.15,   349.03,   100.43
  475.57,   349.18,   225.42
  474.00,   349.33,   350.41
  599.10,    97.54,   102.26
  597.53,    97.69,   227.25
  595.96,    97.83,   352.24
  600.62,   222.53,   102.14
  599.04,   222.68,   227.13
  597.47,   222.83,   352.12
  602.13,   347.52,   102.01
  600.55,   347.67,   227.00
  598.98,   347.82,   351.99
  350.05,   101.31,   226.77
  352.38,   104.34,   351.71
  354.71,   107.37,   476.65
  352.74,   226.24,   223.69
  355.07,   229.27,   348.63
  357.41,   232.30,   473.57
  355.44,   351.17,   220.61
  357.77,   354.20,   345.55
  360.10,   357.23,   470.49
  474.99,    98.56,   224.50
  477.33,   101.58,   349.44
  479.66,   104.61,   474.39
  477.69,   223.49,   221.42
  480.02,   226.52,   346.37
  482.36,   229.55,   471.31
  480.39,   348.42,   218.35
  482.72,   351.45,   343.29
  485.05,   354.48,   468.23
  599.94,    95.80,   222.24
  602.28,    98.83,   347.18
  604.61,   101.86,   472.12
  602.64,   220.74,   219.16
  604.97,   223.76,   344.10
  607.31,   226.79,   469.04
  605.34,   345.67,   216.08
  607.67,   348.70,   341.02
  610.00,   351.73,   465.96
  348.73,    98.71,   349.03
  349.68,    96.72,   474.01
  350.63,    94.72,   598.99
  345.72,   223.66,   351.05
  346.67,   221.67,   476.03
  347.62,   219.67,   601.01
  342.71,   348.61,   353.07
  343.66,   346.61,   478.05
  344.61,   344.62,   603.03
  473.69,   101.74,   348.13
  474.64,    99.74,   473.11
  475.59,    97.75,   598.09
  470.68,   226.68,   350.15
  471.63,   224.69,   475.13
  472.58,   222.69,   600.11
  467.67,   351.63,   352.17
  468.62,   349.64,   477.15
  469.57,   347.64,   602.13
  598.65,   104.76,   347.23
  599.60,   102.76,   472.21
  600.55,   100.77,   597.19
  595.64,   229.71,   349.25
  596.59,   227.71,   474.23
  597.54,   225.72,   599.21
  592.63,   354.65,   351.27
  593.58,   352.66,   476.25
  594.53,   350.66,   601.23
  348.62,    98.89,   473.93
  346.53,    96.91,   598.89
  344.44,    94.92,   723.86
  345.22,   223.83,   475.86
  343.13,   221.85,   600.82
  341.04,   219.86,   725.79
  341.82,   348.77,   477.78
  339.73,   346.79,   602.75
  337.64,   344.80,   727.72
  473.55,   102.26,   476.07
  471.46,   100.27,   601.04
  469.37,    98.29,   726.00
  470.16,   227.20,   478.00
  468.07,   225.21,   602.96
  465.98,   223.23,   727.93
  466.76,   352.14,   479.93
  464.67,   350.15,   604.89
  462.58,   348.17,   729.86
  598.49,   105.62,   478.21
  596.40,   103.64,   603.18
  594.31,   101.65,   728.15
  595.09,   230.56,   480.14
  593.00,   228.58,   605.11
  590.91,   226.59,   730.07
  591.69,   355.50,   482.07
  589.60,   353.52,   607.04
  587.51,   351.53,   732.00
  348.35,   101.55,   598.53
  346.98,   100.70,   723.52
  345.61,    99.84,   848.51
  345.14,   226.51,   599.34
  343.77,   225.65,   724.33
  342.40,   224.80,   849.32
  341.94,   351.46,   600.16
  340.57,   350.61,   725.15
  339.20,   349.76,   850.14
  473.30,   104.75,   599.92
  471.93,   103.89,   724.91
  470.56,   103.04,   849.90
  470.10,   229.70,   600.74
  468.73,   228.85,   725.73
  467.35,   228.00,   850.71
  466.89,   354.66,   601.55
  465.52,   353.81,   726.54
  464.15,   352.95,   851.53
  598.25,   107.94,   601.31
  596.88,   107.09,   726.30
  595.51,   106.24,   851.29
  595.05,   232.90,   602.13
  593.68,   232.04,   727.12
  592.31,   231.19,   852.11
  591.84,   357.85,   602.94
  590.47,   357.00,   727.93
  589.10,   356.15,   852.92
  348.78,   226.86,   100.21
  345.32,   224.92,   225.15
  341.87,   222.97,   350.09
  352.15,   351.80,   102.25
  348.69,   349.85,   227.19
  345.24,   347.91,   352.13
  355.51,   476.74,   104.29
  352.06,   474.79,   229.23
  348.60,   472.85,   354.17
  473.69,   223.44,   103.61
  470.23,   221.49,   228.55
  466.78,   219.55,   353.49
  477.05,   348.38,   105.65
  473.60,   346.43,   230.59
  470.14,   344.49,   355.53
  480.42,   473.32,   107.69
  476.97,   471.37,   232.63
  473.51,   469.42,   357.57
  598.59,   220.02,   107.01
  595.14,   218.07,   231.95
  591.68,   216.13,   356.89
  601.96,   344.96,   109.05
  598.51,   343.01,   233.99
  595.05,   341.06,   358.93
  605.33,   469.90,   111.09
  601.87,   467.95,   236.03
  598.42,   466.00,   360.97
  351.61,   225.70,   225.05
  349.29,   226.05,   350.03
  346.97,   226.39,   475.01
  349.13,   350.67,   224.66
  346.81,   351.02,   349.64
  344.49,   351.37,   474.62
  346.64,   475.65,   224.27
  344.33,   476.00,   349.24
  342.01,   476.34,   474.22
  476.56,   228.19,   227.36
  474.25,   228.54,   352.34
  471.93,   228.88,   477.32
  474.08,   353.16,   226.97
  471.76,   353.51,   351.95
  469.45,   353.86,   476.93
  471.60,   478.14,   226.58
  469.28,   478.49,   351.55
  466.96,   478.83,   476.53
  601.52,   230.68,   229.67
  599.20,   231.03,   354.65
  596.88,   231.37,   479.63
  599.03,   355.65,   229.28
  596.72,   356.00,   354.26
  594.40,   356.35,   479.24
  596.55,   480.63,   228.89
  594.23,   480.98,   353.86
  591.92,   481.32,   478.84
  351.79,   225.76,   350.67
  354.59,   228.77,   475.60
  357.38,   231.79,   600.53
  354.30,   350.69,   347.60
  357.10,   353.71,   472.53
  359.89,   356.72,   597.46
  356.81,   475.63,   344.53
  359.61,   478.65,   469.46
  362.40,   481.66,   594.39
  476.74,   223.18,   347.94
  479.53,   226.20,   472.87
  482.32,   229.21,   597.80
  479.25,   348.12,   344.87
  482.04,   351.13,   469.80
  484.83,   354.15,   594.73
  481.76,   473.05,   341.79
  484.55,   476.07,   466.73
  487.34,   479.08,   591.66
  601.68,   220.60,   345.21
  604.47,   223.62,   470.14
  607.27,   226.63,   595.07
  604.19,   345.54,   342.14
  606.98,   348.56,   467.07
  609.78,   351.57,   592.00
  606.70,   470.48,   339.06
  609.49,   473.49,   464.00
  612.29,   476.51,   588.93
  351.14,   225.17,   476.35
  349.78,   223.81,   601.33
  348.42,   222.46,   726.32
  349.02,   350.14,   477.68
  347.66,   348.79,   602.66
  346.30,   347.43,   727.65
  346.91,   475.12,   479.01
  345.55,   473.76,   604.00
  344.19,   472.41,   728.98
  476.11,   227.27,   477.73
  474.75,   225.91,   602.72
  473.39,   224.56,   727.70
  474.00,   352.24,   479.06
  472.64,   350.89,   604.05
  471.28,   349.53,   729.03
  471.89,   477.22,   480.39
  470.52,   475.86,   605.38
  469.16,   474.51,   730.36
  601.09,   229.37,   479.11
  599.73,   228.01,   604.10
  598.37,   226.66,   729.08
  598.97,   354.34,   480.45
  597.61,   352.99,   605.43
  596.25,   351.63,   730.42
  596.86,   479.32,   481.78
  595.50,   477.96,   606.76
  594.14,   476.61,   731.75
  349.24,   226.27,   600.78
  352.89,   222.80,   725.68
  356.54,   219.33,   850.58
  350.32,   351.22,   604.22
  353.97,   347.75,   729.12
  357.62,   344.28,   854.02
  351.39,   476.17,   607.66
  355.05,   472.70,   732.56
  358.70,   469.23,   857.46
  474.18,   225.30,   597.10
  477.83,   221.83,   722.00
  481.48,   218.36,   846.90
  475.26,   350.25,   600.54
  478.91,   346.78,   725.44
  482.56,   343.30,   850.34
  476.34,   475.19,   603.98
  479.99,   471.72,   728.88
  483.64,   468.25,   853.78
  599.12,   224.32,   593.42
  602.77,   220.85,   718.32
  606.43,   217.38,   843.22
  600.20,   349.27,   596.86
  603.85,   345.80,   721.76
  607.50,   342.33,   846.66
  601.28,   474.22,   600.30
  604.93,   470.75,   725.20
  608.58,   467.28,   850.10
  348.54,   350.03,   101.53
  347.95,   346.29,   226.48
  347.35,   342.56,   351.42
  345.04,   474.92,   105.25
  344.45,   471.19,   230.19
  343.85,   467.45,   355.13
  341.54,   599.82,   108.96
  340.95,   596.08,   233.91
  340.35,   592.35,   358.85
  473.49,   353.51,   102.23
  472.90,   349.77,   227.18
  472.30,   346.04,   352.12
  469.99,   478.40,   105.95
  469.40,   474.67,   230.89
  468.80,   470.94,   355.83
  466.49,   603.30,   109.66
  465.89,   599.57,   234.61
  465.30,   595.83,   359.55
  598.44,   356.99,   102.93
  597.85,   353.26,   227.87
  597.25,   349.52,   352.82
  594.94,   481.89,   106.65
  594.35,   478.15,   231.59
  593.75,   474.42,   356.53
  591.44,   606.78,   110.36
  590.84,   603.05,   235.31
  590.25,   599.31,   360.25
  348.56,   350.83,   226.66
  350.60,   353.37,   351.61
  352.64,   355.92,   476.57
  351.81,   475.76,   224.06
  353.86,   478.30,   349.02
  355.90,   480.85,   473.97
  355.07,   600.69,   221.46
  357.11,   603.23,   346.42
  359.16,   605.78,   471.38
  473.50,   347.53,   224.68
  475.54,   350.08,   349.64
  477.58,   352.62,   474.59
  476.75,   472.46,   222.08
  478.80,   475.01,   347.04
  480.84,   477.55,   472.00
  480.01,   597.39,   219.49
  482.05,   599.94,   344.44
  484.10,   602.48,   469.40
  598.44,   344.23,   222.70
  600.48,   346.78,   347.66
  602.53,   349.32,   472.62
  601.69,   469.16,   220.11
  603.74,   471.71,   345.06
  605.78,   474.25,   470.02
  604.95,   594.10,   217.51
  607.00,   596.64,   342.47
  609.04,   599.18,   467.43
  349.47,   350.69,   349.43
  353.10,   353.90,   474.34
  356.74,   357.11,   599.24
  350.27,   475.64,   346.20
  353.91,   478.85,   471.10
  357.54,   482.06,   596.01
  351.08,   600.60,   342.96
  354.71,   603.81,   467.87
  358.35,   607.02,   592.77
  474.41,   349.79,   345.82
  478.05,   353.00,   470.73
  481.68,   356.21,   595.63
  475.22,   474.74,   342.58
  478.85,   477.95,   467.49
  482.49,   481.17,   592.40
  476.02,   599.70,   339.35
  479.66,   602.91,   464.25
  483.29,   606.12,   589.16
  599.36,   348.89,   342.21
  602.99,   352.10,   467.11
  606.63,   355.31,   592.02
  600.16,   473.85,   338.97
  603.80,   477.06,   463.88
  607.43,   480.27,   588.78
  600.97,   598.80,   335.73
  604.60,   602.01,   460.64
  608.24,   605.22,   585.55
  351.35,   350.76,   473.25
  348.51,   352.33,   598.20
  345.67,   353.90,   723.16
  348.91,   475.73,   471.62
  346.07,   477.30,   596.58
  343.23,   478.87,   721.54
  346.48,   600.69,   469.99
  343.64,   602.26,   594.95
  340.80,   603.84,   719.91
  476.29,   353.23,   476.05
  473.45,   354.80,   601.01
  470.61,   356.37,   725.97
  473.86,   478.20,   474.43
  471.02,   479.77,   599.39
  468.18,   481.34,   724.34
  471.42,   603.16,   472.80
  468.59,   604.73,   597.76
  465.75,   606.30,   722.72
  601.23,   355.70,   478.86
  598.39,   357.27,   603.82
  595.56,   358.84,   728.78
  598.80,   480.66,   477.24
  595.96,   482.24,   602.19
  593.12,   483.81,   727.15
  596.37,   605.63,   475.61
  593.53,   607.20,   600.57
  590.69,   608.77,   725.52
  350.15,   350.28,   598.90
  349.98,   353.30,   723.87
  349.80,   356.32,   848.83
  352.87,   475.22,   595.89
  352.70,   478.24,   720.85
  352.53,   481.25,   845.82
  355.60,   600.15,   592.88
  355.43,   603.17,   717.84
  355.26,   606.19,   842.80
  475.12,   347.56,   599.14
  474.95,   350.58,   724.10
  474.78,   353.60,   849.07
  477.84,   472.50,   596.13
  477.67,   475.51,   721.09
  477.50,   478.53,   846.05
  480.57,   597.43,   593.11
  480.40,   600.45,   718.08
  480.23,   603.46,   843.04
  600.09,   344.84,   599.38
  599.92,   347.86,   724.34
  599.75,   350.87,   849.30
  602.81,   469.77,   596.36
  602.64,   472.79,   721.33
  602.47,   475.81,   846.29
  605.54,   594.71,   593.35
  605.37,   597.72,   718.31
  605.20,   600.74,   843.28
  350.92,   474.41,    98.99
  348.97,   473.03,   223.97
  347.01,   471.65,   348.95
  347.92,   599.36,   100.32
  345.97,   597.99,   225.30
  344.01,   596.61,   350.28
  344.92,   724.32,   101.65
  342.96,   722.94,   226.63
  341.01,   721.56,   351.61
  475.87,   477.39,   100.98
  473.92,   476.01,   225.95
  471.96,   474.63,   350.93
  472.87,   602.35,   102.31
  470.91,   600.97,   227.29
  468.96,   599.59,   352.26
  469.86,   727.30,   103.64
  467.91,   725.92,   228.62
  465.96,   724.54,   353.59
  600.82,   480.37,   102.96
  598.86,   478.99,   227.94
  596.91,   477.61,   352.92
  597.82,   605.33,   104.29
  595.86,   603.95,   229.27
  593.91,   602.57,   354.25
  594.81,   730.28,   105.62
  592.86,   728.90,   230.60
  590.91,   727.53,   355.58
  350.74,   473.69,   223.62
  348.73,   470.82,   348.57
  346.72,   467.94,   473.52
  351.69,   598.66,   226.51
  349.68,   595.78,   351.46
  347.67,   592.90,   476.41
  352.64,   723.62,   229.41
  350.63,   720.74,   354.36
  348.62,   717.87,   479.31
  475.72,   472.70,   225.61
  473.71,   469.82,   350.56
  471.70,   466.94,   475.51
  476.67,   597.66,   228.50
  474.66,   594.78,   353.45
  472.65,   591.91,   478.40
  477.62,   722.62,   231.39
  475.61,   719.75,   356.35
  473.60,   716.87,   481.30
  600.70,   471.70,   227.60
  598.69,   468.82,   352.55
  596.68,   465.95,   477.50
  601.65,   596.67,   230.49
  599.64,   593.79,   355.44
  597.63,   590.91,   480.39
  602.60,   721.63,   233.38
  600.59,   718.75,   358.33
  598.58,   715.87,   483.28
  351.29,   476.35,   350.53
  353.71,   478.41,   475.49
  356.12,   480.48,   600.45
  353.41,   601.31,   348.43
  355.82,   603.38,   473.39
  358.24,   605.44,   598.35
  355.52,   726.28,   346.32
  357.93,   728.34,   471.28
  360.35,   730.41,   596.24
  476.25,   474.20,   348.15
  478.67,   476.26,   473.11
  481.08,   478.33,   598.07
  478.37,   599.16,   346.05
  480.78,   601.23,   471.01
  483.19,   603.29,   595.97
  480.48,   724.13,   343.94
  482.89,   726.19,   468.90
  485.31,   728.25,   593.86
  601.21,   472.04,   345.77
  603.63,   474.11,   470.73
  606.04,   476.17,   595.69
  603.32,   597.01,   343.67
  605.74,   599.07,   468.63
  608.15,   601.14,   593.59
  605.44,   721.97,   341.56
  607.85,   724.04,   466.52
  610.27,   726.10,   591.48
  348.11,   475.23,   473.43
  350.61,   473.90,   598.40
  353.10,   472.57,   723.37
  351.08,   600.19,   474.70
  353.57,   598.86,   599.67
  356.07,   597.53,   724.64
  354.04,   725.15,   475.97
  356.54,   723.82,   600.94
  359.04,   722.49,   725.91
  473.05,   472.29,   470.91
  475.55,   470.96,   595.88
  478.04,   469.63,   720.84
  476.02,   597.25,   472.18
  478.51,   595.92,   597.15
  481.01,   594.59,   722.11
  478.98,   722.20,   473.45
  481.48,   720.88,   598.42
  483.98,   719.55,   723.38
  597.99,   469.35,   468.38
  600.49,   468.02,   593.35
  602.98,   466.69,   718.32
  600.96,   594.31,   469.65
  603.45,   592.98,   594.62
  605.95,   591.65,   719.59
  603.92,   719.26,   470.92
  606.42,   717.93,   595.89
  608.92,   716.60,   720.86
  351.40,   474.01,   600.48
  348.17,   472.00,   725.42
  344.94,   470.00,   850.36
  354.02,   598.96,   602.55
  350.79,   596.96,   727.49
  347.56,   594.96,   852.43
  356.64,   723.92,   604.62
  353.41,   721.91,   729.56
  350.18,   719.91,   854.50
  476.33,   471.33,   603.66
  473.10,   469.33,   728.61
  469.87,   467.33,   853.55
  478.95,   596.29,   605.73
  475.72,   594.28,   730.68
  472.49,   592.28,   855.62
  481.57,   721.24,   607.80
  478.34,   719.24,   732.75
  475.11,   717.24,   857.69
  601.26,   468.66,   606.85
  598.03,   466.65,   731.79
  594.80,   464.65,   856.73
  603.88,   593.61,   608.92
  600.65,   591.61,   733.86
  597.42,   589.61,   858.80
  606.50,   718.57,   610.99
  603.27,   716.56,   735.93
  600.04,   714.56,   860.87
  350.02,   600.00,    98.93
  346.52,   603.00,   223.85
  343.02,   606.00,   348.76
  351.56,   724.96,    95.98
  348.06,   727.96,   220.89
  344.56,   730.95,   345.81
  353.10,   849.91,    93.02
  349.60,   852.91,   217.93
  346.10,   855.91,   342.85
  474.96,   598.54,   102.47
  471.46,   601.54,   227.38
  467.96,   604.54,   352.30
  476.50,   723.50,    99.51
  473.00,   726.50,   224.43
  469.50,   729.50,   349.34
  478.04,   848.45,    96.55
  474.54,   851.45,   221.47
  471.04,   854.45,   346.38
  599.90,   597.08,   106.00
  596.40,   600.08,   230.92
  592.90,   603.08,   355.83
  601.44,   722.04,   103.05
  597.94,   725.04,   227.96
  594.44,   728.04,   352.88
  602.98,   847.00,   100.09
  599.48,   849.99,   225.00
  595.99,   852.99,   349.92
  351.61,   600.84,   223.71
  352.89,   597.97,   348.67
  354.17,   595.09,   473.63
  354.66,   725.77,   226.56
  355.93,   722.90,   351.52
  357.21,   720.02,   476.48
  357.70,   850.70,   229.40
  358.98,   847.83,   354.36
  360.26,   844.95,   479.32
  476.57,   597.82,   222.37
  477.84,   594.95,   347.33
  479.12,   592.08,   472.29
  479.61,   722.76,   225.21
  480.89,   719.88,   350.17
  482.17,   717.01,   475.13
  482.66,   847.69,   228.05
  483.94,   844.81,   353.01
  485.21,   841.94,   477.97
  601.52,   594.81,   221.02
  602.80,   591.94,   345.98
  604.08,   589.06,   470.94
  604.57,   719.74,   223.86
  605.85,   716.87,   348.82
  607.12,   713.99,   473.78
  607.61,   844.67,   226.70
  608.89,   841.80,   351.66
  610.17,   838.92,   476.62
  351.71,   599.93,   349.11
  353.25,   598.03,   474.08
  354.80,   596.12,   599.06
  354.11,   724.89,   350.98
  355.65,   722.99,   475.96
  357.20,   721.09,   600.93
  356.51,   849.86,   352.85
  358.06,   847.95,   477.83
  359.60,   846.05,   602.81
  476.67,   597.55,   347.53
  478.22,   595.65,   472.50
  479.77,   593.75,   597.48
  479.07,   722.52,   349.40
  480.62,   720.61,   474.37
  482.17,   718.71,   599.35
  481.48,   847.48,   351.27
  483.02,   845.57,   476.25
  484.57,   843.67,   601.22
  601.64,   595.17,   345.94
  603.19,   593.27,   470.92
  604.73,   591.37,   595.89
  604.04,   720.14,   347.82
  605.59,   718.23,   472.79
  607.14,   716.33,   597.77
  606.44,   845.10,   349.69
  607.99,   843.20,   474.67
  609.54,   841.29,   599.64
  349.43,   601.97,   474.60
  351.50,   600.07,   599.57
  353.58,   598.16,   724.54
  350.72,   726.95,   476.49
  352.80,   725.04,   601.46
  354.88,   723.14,   726.42
  352.02,   851.93,   478.37
  354.10,   850.02,   603.34
  356.18,   848.12,   728.31
  474.40,   600.71,   472.50
  476.48,   598.80,   597.47
  478.56,   596.89,   722.44
  475.70,   725.68,   474.39
  477.78,   723.78,   599.36
  479.86,   721.87,   724.33
  477.00,   850.66,   476.27
  479.08,   848.76,   601.24
  481.16,   846.85,   726.21
  599.38,   599.44,   470.41
  601.46,   597.53,   595.37
  603.54,   595.62,   720.34
  600.68,   724.42,   472.29
  602.76,   722.51,   597.26
  604.83,   720.60,   722.23
  601.98,   849.40,   474.18
  604.05,   847.49,   599.14
  606.13,   845.58,   724.11
  350.28,   601.37,   600.74
  348.49,   600.27,   725.72
  346.69,   599.17,   850.70
  351.13,   726.36,   601.85
  349.34,   725.26,   726.83
  347.54,   724.16,   851.82
  351.98,   851.36,   602.96
  350.18,   850.25,   727.95
  348.39,   849.15,   852.93
  475.27,   600.51,   602.53
  473.47,   599.40,   727.51
  471.68,   598.30,   852.49
  476.11,   725.50,   603.64
  474.32,   724.40,   728.62
  472.52,   723.30,   853.60
  476.96,   850.49,   604.75
  475.17,   849.39,   729.73
  473.37,   848.29,   854.72
  600.25,   599.64,   604.31
  598.45,   598.54,   729.29
  596.66,   597.44,   854.28
  601.10,   724.63,   605.43
  599.30,   723.53,   730.41
  597.51,   722.43,   855.39
  601.95,   849.63,   606.54
  600.15,   848.52,   731.52
  598.36,   847.42,   856.50
  474.31,   100.76,   101.24
  476.98,   101.33,   226.21
  479.66,   101.91,   351.18
  472.21,   225.74,   100.71
  474.89,   226.32,   225.68
  477.56,   226.89,   350.65
  470.12,   350.72,   100.18
  472.79,   351.30,   225.15
  475.47,   351.87,   350.12
  599.26,   102.84,    98.55
  601.94,   103.42,   223.52
  604.61,   103.99,   348.49
  597.17,   227.83,    98.03
  599.84,   228.40,   223.00
  602.52,   228.97,   347.97
  595.07,   352.81,    97.50
  597.75,   353.38,   222.47
  600.42,   353.95,   347.44
  724.21,   104.93,    95.87
  726.89,   105.50,   220.84
  729.57,   106.07,   345.81
  722.12,   229.91,    95.34
  724.80,   230.48,   220.31
  727.47,   231.05,   345.28
  720.03,   354.89,    94.81
  722.70,   355.46,   219.78
  725.38,   356.04,   344.75
  475.84,    99.13,   226.98
  474.11,   101.10,   351.95
  472.37,   103.08,   476.92
  478.07,   224.10,   225.04
  476.34,   226.07,   350.01
  474.60,   228.04,   474.98
  480.31,   349.06,   223.09
  478.57,   351.03,   348.06
  476.83,   353.01,   473.04
  600.81,    96.93,   228.75
  599.07,    98.90,   353.72
  597.34,   100.88,   478.70
  603.04,   221.89,   226.81
  601.30,   223.87,   351.78
  599.57,   225.84,   476.75
  605.27,   346.86,   224.87
  603.54,   348.83,   349.84
  601.80,   350.81,   474.81
  725.78,    94.72,   230.52
  724.04,    96.70,   355.50
  722.30,    98.67,   480.47
  728.01,   219.69,   228.58
  726.27,   221.66,   353.55
  724.53,   223.64,   478.53
  730.24,   344.65,   226.64
  728.50,   346.63,   351.61
  726.77,   348.60,   476.58
  474.25,    99.88,   351.54
  471.29,    97.01,   476.48
  468.33,    94.14,   601.41
  473.50,   224.84,   354.40
  470.54,   221.97,   479.33
  467.58,   219.10,   604.26
  472.76,   349.81,   357.25
  469.80,   346.94,   482.19
  466.84,   344.07,   607.12
  599.21,   100.56,   354.52
  596.25,    97.69,   479.45
  593.29,    94.81,   604.38
  598.47,   225.52,   357.38
  595.51,   222.65,   482.31
  592.55,   219.78,   607.24
  597.72,   350.49,   360.23
  594.76,   347.62,   485.16
  591.80,   344.74,   610.09
  724.17,   101.23,   357.50
  721.21,    98.36,   482.43
  718.25,    95.49,   607.36
  723.43,   226.20,   360.35
  720.47,   223.33,   485.28
  717.51,   220.46,   610.22
  722.68,   351.16,   363.21
  719.72,   348.29,   488.14
  716.76,   345.42,   613.07
  474.92,    98.25,   474.25
  477.29,    97.24,   599.22
  479.67,    96.23,   724.20
  476.53,   223.24,   475.23
  478.91,   222.23,   600.20
  481.29,   221.22,   725.17
  478.15,   348.22,   476.21
  480.53,   347.21,   601.18
  482.91,   346.21,   726.15
  599.88,    96.65,   471.86
  602.26,    95.64,   596.83
  604.64,    94.63,   721.81
  601.50,   221.64,   472.84
  603.88,   220.63,   597.81
  606.26,   219.62,   722.79
  603.12,   346.62,   473.82
  605.50,   345.61,   598.79
  607.87,   344.61,   723.76
  724.85,    95.05,   469.47
  727.23,    94.04,   594.44
  729.60,    93.03,   719.42
  726.47,   220.04,   470.45
  728.85,   219.03,   595.42
  731.22,   218.02,   720.40
  728.09,   345.02,   471.43
  730.46,   344.01,   596.40
  732.84,   343.00,   721.37
  473.27,   100.36,   598.98
  475.63,    97.88,   723.93
  477.99,    95.40,   848.88
  477.03,   225.28,   601.39
  479.39,   222.80,   726.34
  481.75,   220.32,   851.29
  480.80,   350.20,   603.80
  483.16,   347.72,   728.75
  485.52,   345.24,   853.70
  598.19,    96.64,   596.54
  600.55,    94.16,   721.50
  602.91,    91.68,   846.45
  601.96,   221.56,   598.95
  604.32,   219.08,   723.91
  606.67,   216.60,   848.86
  605.72,   346.48,   601.36
  608.08,   344.00,   726.32
  610.44,   341.52,   851.27
  723.11,    92.93,   594.11
  725.47,    90.44,   719.06
  727.83,    87.96,   844.02
  726.88,   217.85,   596.52
  729.24,   215.36,   721.47
  731.60,   212.88,   846.43
  730.64,   342.77,   598.93
  733.00,   340.28,   723.88
  735.36,   337.80,   848.84
  473.76,   223.37,   100.61
  471.92,   222.55,   225.59
  470.08,   221.74,   350.58
  473.76,   348.36,   101.42
  471.93,   347.55,   226.41
  470.09,   346.74,   351.39
  473.77,   473.36,   102.24
  471.94,   472.55,   227.22
  470.10,   471.73,   352.20
  598.74,   223.35,   102.45
  596.91,   222.53,   227.43
  595.07,   221.72,   352.42
  598.75,   348.34,   103.26
  596.91,   347.53,   228.24
  595.08,   346.72,   353.23
  598.76,   473.34,   104.07
  596.92,   472.53,   229.06
  595.08,   471.71,   354.04
  723.73,   223.33,   104.28
  721.89,   222.51,   229.27
  720.05,   221.70,   354.25
  723.74,   348.32,   105.10
  721.90,   347.51,   230.08
  720.06,   346.70,   355.07
  723.75,   473.32,   105.91
  721.91,   472.51,   230.90
  720.07,   471.69,   355.88
  476.78,   225.20,   224.18
  479.21,   222.40,   349.13
  481.65,   219.61,   474.07
  475.70,   350.16,   227.00
  478.13,   347.37,   351.94
  480.57,   344.57,   476.89
  474.62,   475.12,   229.81
  477.06,   472.33,   354.76
  479.49,   469.54,   479.70
  601.75,   226.33,   221.77
  604.19,   223.54,   346.72
  606.62,   220.74,   471.66
  600.67,   351.29,   224.59
  603.11,   348.50,   349.53
  605.54,   345.71,   474.48
  599.59,   476.26,   227.40
  602.03,   473.46,   352.35
  604.46,   470.67,   477.29
  726.72,   227.46,   219.36
  729.16,   224.67,   344.31
  731.59,   221.88,   469.25
  725.64,   352.43,   222.18
  728.08,   349.63,   347.12
  730.51,   346.84,   472.07
  724.56,   477.39,   224.99
  727.00,   474.60,   349.94
  729.43,   471.80,   474.88
  476.01,   224.58,   350.98
  478.06,   224.90,   475.97
  480.11,   225.22,   600.95
  475.58,   349.58,   350.67
  477.63,   349.90,   475.65
  479.68,   350.22,   600.64
  475.15,   474.58,   350.36
  477.20,   474.90,   475.34
  479.25,   475.22,   600.33
  600.99,   225.01,   348.93
  603.04,   225.33,   473.91
  605.09,   225.65,   598.90
  600.56,   350.01,   348.62
  602.61,   350.33,   473.60
  604.66,   350.65,   598.59
  600.13,   475.01,   348.31
  602.18,   475.33,   473.29
  604.23,   475.65,   598.27
  725.98,   225.44,   346.88
  728.03,   225.76,   471.86
  730.08,   226.08,   596.85
  725.54,   350.44,   346.57
  727.59,   350.76,   471.55
  729.64,   351.07,   596.53
  725.11,   475.44,   346.26
  727.16,   475.76,   471.24
  729.21,   476.07,   596.22
  476.78,   224.60,   476.33
  473.81,   226.46,   601.28
  470.84,   228.33,   726.24
  473.76,   349.55,   474.40
  470.79,   351.41,   599.35
  467.82,   353.28,   724.30
  470.74,   474.50,   472.46
  467.77,   476.36,   597.41
  464.80,   478.23,   722.36
  601.71,   227.66,   479.26
  598.74,   229.53,   604.21
  595.77,   231.40,   729.16
  598.69,   352.61,   477.32
  595.72,   354.48,   602.27
  592.75,   356.34,   727.22
  595.67,   477.56,   475.38
  592.70,   479.43,   600.33
  589.73,   481.29,   725.28
  726.64,   230.73,   482.18
  723.67,   232.59,   607.13
  720.70,   234.46,   732.08
  723.62,   355.68,   480.24
  720.65,   357.54,   605.19
  717.68,   359.41,   730.14
  720.60,   480.63,   478.30
  717.63,   482.49,   603.25
  714.66,   484.36,   728.20
  474.90,   224.82,   598.64
  471.49,   222.20,   723.56
  468.07,   219.57,   848.49
  475.85,   349.79,   601.29
  472.44,   347.17,   726.21
  469.02,   344.54,   851.14
  476.81,   474.76,   603.94
  473.39,   472.13,   728.86
  469.97,   469.51,   853.79
  599.85,   223.80,   602.03
  596.44,   221.17,   726.96
  593.02,   218.55,   851.88
  600.80,   348.77,   604.68
  597.39,   346.14,   729.61
  593.97,   343.52,   854.53
  601.75,   473.74,   607.33
  598.34,   471.11,   732.26
  594.92,   468.49,   857.19
  724.80,   222.78,   605.43
  721.39,   220.15,   730.35
  717.97,   217.53,   855.28
  725.75,   347.74,   608.08
  722.34,   345.12,   733.00
  718.92,   342.50,   857.93
  726.70,   472.71,   610.73
  723.29,   470.09,   735.66
  719.87,   467.46,   860.58
  476.17,   348.35,   101.37
  473.90,   350.65,   226.33
  471.62,   352.95,   351.29
  476.91,   473.33,    99.09
  474.63,   475.63,   224.04
  472.35,   477.93,   349.00
  477.65,   598.31,    96.80
  475.37,   600.61,   221.76
  473.09,   602.91,   346.71
  601.15,   347.66,   103.67
  598.87,   349.96,   228.62
  596.59,   352.26,   353.58
  601.89,   472.64,   101.38
  599.61,   474.94,   226.34
  597.33,   477.24,   351.29
  602.62,   597.61,    99.09
  600.34,   599.91,   224.05
  598.07,   602.21,   349.01
  726.13,   346.96,   105.96
  723.85,   349.27,   230.92
  721.57,   351.57,   355.87
  726.86,   471.94,   103.67
  724.59,   474.24,   228.63
  722.31,   476.54,   353.59
  727.60,   596.92,   101.38
  725.32,   599.22,   226.34
  723.04,   601.52,   351.30
  474.67,   350.72,   223.99
  473.84,   349.13,   348.98
  473.02,   347.55,   473.97
  477.12,   475.68,   225.59
  476.30,   474.10,   350.58
  475.47,   472.52,   475.56
  479.58,   600.65,   227.19
  478.76,   599.06,   352.17
  477.93,   597.48,   477.16
  599.64,   348.25,   224.79
  598.82,   346.67,   349.77
  597.99,   345.09,   474.76
  602.10,   473.21,   226.38
  601.27,   471.63,   351.37
  600.45,   470.05,   476.36
  604.55,   598.18,   227.98
  603.73,   596.60,   352.97
  602.90,   595.02,   477.96
  724.61,   345.78,   225.58
  723.79,   344.20,   350.57
  722.96,   342.62,   475.56
  727.07,   470.75,   227.18
  726.25,   469.17,   352.17
  725.42,   467.58,   477.15
  729.53,   595.71,   228.78
  728.70,   594.13,   353.76
  727.88,   592.55,   478.75
  473.61,   350.65,   350.31
  475.61,   352.89,   475.27
  477.60,   355.13,   600.23
  476.09,   475.61,   348.03
  478.09,   477.85,   472.99
  480.08,   480.09,   597.96
  478.57,   600.56,   345.75
  480.56,   602.80,   470.71
  482.56,   605.04,   595.68
  598.57,   348.14,   348.36
  600.57,   350.38,   473.32
  602.56,   352.62,   598.29
  601.05,   473.09,   346.08
  603.05,   475.33,   471.04
  605.04,   477.57,   596.01
  603.53,   598.05,   343.80
  605.52,   600.29,   468.76
  607.52,   602.53,   593.73
  723.53,   345.63,   346.41
  725.53,   347.87,   471.37
  727.52,   350.11,   596.34
  726.01,   470.58,   344.13
  728.00,   472.82,   469.09
  730.00,   475.06,   594.06
  728.49,   595.54,   341.85
  730.48,   597.78,   466.81
  732.48,   600.02,   591.78
  476.40,   351.72,   474.45
  478.44,   354.11,   599.41
  480.47,   356.51,   724.37
  475.61,   476.69,   472.07
  477.64,   479.09,   597.03
  479.68,   481.48,   721.99
  474.82,   601.67,   469.68
  476.85,   604.06,   594.65
  478.89,   606.46,   719.61
  601.39,   352.47,   472.40
  603.42,   354.86,   597.36
  605.45,   357.26,   722.32
  600.59,   477.44,   470.02
  602.63,   479.84,   594.98
  604.66,   482.23,   719.94
  599.80,   602.42,   467.64
  601.83,   604.81,   592.60
  603.87,   607.21,   717.56
  726.37,   353.22,   470.36
  728.40,   355.62,   595.32
  730.43,   358.01,   720.28
  725.58,   478.20,   467.97
  727.61,   480.59,   592.93
  729.64,   482.99,   717.89
  724.78,   603.17,   465.59
  726.82,   605.57,   590.55
  728.85,   607.96,   715.51
  474.82,   349.98,   601.53
  471.56,   350.34,   726.48
  468.30,   350.69,   851.44
  473.73,   474.98,   601.15
  470.47,   475.33,   726.10
  467.21,   475.68,   851.06
  472.63,   599.97,   600.77
  469.37,   600.32,   725.73
  466.11,   600.68,   850.68
  599.77,   351.09,   604.78
  596.51,   351.44,   729.74
  593.26,   351.79,   854.70
  598.68,   476.08,   604.40
  595.42,   476.43,   729.36
  592.16,   476.78,   854.32
  597.58,   601.08,   604.02
  594.33,   601.43,   728.98
  591.07,   601.78,   853.94
  724.73,   352.19,   608.04
  721.47,   352.54,   732.99
  718.21,   352.89,   857.95
  723.63,   477.19,   607.66
  720.37,   477.54,   732.62
  717.11,   477.89,   857.57
  722.54,   602.18,   607.28
  719.28,   602.53,   732.24
  716.02,   602.88,   857.19
  473.44,   476.69,   101.00
  474.68,   474.90,   225.98
  475.91,   473.11,   350.96
  475.54,   601.66,   102.76
  476.78,   599.87,   227.74
  478.02,   598.08,   352.73
  477.65,   726.63,   104.53
  478.89,   724.84,   229.51
  480.13,   723.05,   354.49
  598.41,   474.60,    99.73
  599.65,   472.81,   224.71
  600.89,   471.02,   349.69
  600.52,   599.57,   101.50
  601.76,   597.78,   226.48
  603.00,   595.99,   351.46
  602.63,   724.54,   103.26
  603.87,   722.75,   228.24
  605.10,   720.96,   353.22
  723.39,   472.51,    98.46
  724.63,   470.72,   223.44
  725.87,   468.93,   348.42
  725.50,   597.48,   100.23
  726.73,   595.69,   225.21
  727.97,   593.90,   350.19
  727.60,   722.45,   101.99
  728.84,   720.66,   226.98
  730.08,   718.87,   351.96
  473.65,   473.12,   224.91
  470.92,   472.09,   349.87
  468.18,   471.07,   474.84
  475.43,   598.10,   225.97
  472.69,   597.08,   350.93
  469.96,   596.05,   475.90
  477.20,   723.08,   227.03
  474.46,   722.06,   352.00
  471.73,   721.04,   476.96
  598.61,   471.32,   227.63
  595.88,   470.30,   352.59
  593.14,   469.28,   477.56
  600.38,   596.30,   228.69
  597.65,   595.28,   353.65
  594.91,   594.26,   478.62
  602.15,   721.29,   229.75
  599.42,   720.26,   354.72
  596.68,   719.24,   479.68
  723.57,   469.53,   230.35
  720.83,   468.50,   355.31
  718.10,   467.48,   480.28
  725.34,   594.51,   231.41
  722.61,   593.49,   356.37
  719.87,   592.46,   481.34
  727.11,   719.49,   232.47
  724.38,   718.47,   357.44
  721.64,   717.45,   482.40
  473.34,   476.85,   351.41
  471.83,   477.13,   476.40
  470.32,   477.41,   601.39
  475.13,   601.84,   351.15
  473.62,   602.12,   476.14
  472.10,   602.39,   601.13
  476.92,   726.83,   350.90
  475.40,   727.10,   475.89
  473.89,   727.38,   600.88
  598.32,   475.07,   352.92
  596.81,   475.35,   477.92
  595.30,   475.62,   602.91
  600.11,   600.06,   352.67
  598.59,   600.33,   477.66
  597.08,   600.61,   602.65
  601.89,   725.04,   352.42
  600.38,   725.32,   477.41
  598.87,   725.60,   602.40
  723.30,   473.29,   354.44
  721.79,   473.56,   479.43
  720.27,   473.84,   604.42
  725.09,   598.27,   354.19
  723.57,   598.55,   479.18
  722.06,   598.83,   604.17
  726.87,   723.26,   353.93
  725.36,   723.54,   478.92
  723.85,   723.81,   603.91
  476.29,   473.30,   475.50
  477.03,   473.31,   600.50
  477.77,   473.31,   725.50
  477.13,   598.30,   475.49
  477.87,   598.30,   600.49
  478.62,   598.31,   725.48
  477.98,   723.29,   475.48
  478.72,   723.30,   600.47
  479.46,   723.31,   725.47
  601.28,   472.46,   474.76
  602.03,   472.46,   599.76
  602.77,   472.47,   724.75
  602.13,   597.45,   474.75
  602.87,   597.46,   599.74
  603.61,   597.47,   724.74
  602.97,   722.45,   474.73
  603.71,   722.46,   599.73
  604.46,   722.46,   724.73
  726.28,   471.61,   474.02
  727.02,   471.62,   599.01
  727.76,   471.62,   724.01
  727.12,   596.61,   474.00
  727.86,   596.62,   599.00
  728.61,   596.62,   724.00
  727.97,   721.61,   473.99
  728.71,   721.61,   598.99
  729.45,   721.62,   723.99
  473.26,   474.81,   599.94
  476.27,   474.15,   724.90
  479.27,   473.49,   849.86
  470.58,   599.77,   600.66
  473.58,   599.12,   725.62
  476.59,   598.46,   850.58
  467.89,   724.74,   601.38
  470.89,   724.09,   726.34
  473.90,   723.43,   851.31
  598.20,   477.51,   596.95
  601.20,   476.85,   721.91
  604.21,   476.19,   846.87
  595.51,   602.48,   597.67
  598.52,   601.82,   722.63
  601.52,   601.16,   847.59
  592.82,   727.45,   598.39
  595.83,   726.79,   723.35
  598.83,   726.13,   848.32
  723.13,   480.21,   593.96
  726.14,   479.56,   718.92
  729.14,   478.90,   843.88
  720.45,   605.18,   594.68
  723.45,   604.52,   719.64
  726.46,   603.87,   844.60
  717.76,   730.15,   595.40
  720.76,   729.49,   720.36
  723.77,   728.84,   845.33
  473.40,   599.88,   101.43
  476.17,   598.21,   226.39
  478.94,   596.54,   351.35
  471.40,   724.86,   103.15
  474.17,   723.18,   228.11
  476.94,   721.51,   353.07
  469.41,   849.83,   104.87
  472.18,   848.16,   229.83
  474.94,   846.48,   354.78
  598.35,   601.92,    98.69
  601.12,   600.24,   223.65
  603.89,   598.57,   348.61
  596.36,   726.89,   100.41
  599.13,   725.22,   225.37
  601.89,   723.54,   350.33
  594.36,   851.86,   102.13
  597.13,   850.19,   227.09
  599.90,   848.52,   352.04
  723.31,   603.95,    95.95
  726.07,   602.28,   220.91
  728.84,   600.60,   345.87
  721.31,   728.92,    97.67
  724.08,   727.25,   222.63
  726.85,   725.58,   347.58
  719.31,   853.90,    99.39
  722.08,   852.22,   224.34
  724.85,   850.55,   349.30
  473.57,   598.87,   226.19
  473.61,   598.29,   351.19
  473.66,   597.71,   476.19
  473.27,   723.86,   226.77
  473.32,   723.29,   351.77
  473.37,   722.71,   476.77
  472.98,   848.86,   227.35
  473.02,   848.28,   352.35
  473.07,   847.71,   477.35
  598.57,   599.16,   226.15
  598.61,   598.58,   351.15
  598.66,   598.00,   476.15
  598.27,   724.16,   226.73
  598.32,   723.58,   351.72
  598.37,   723.00,   476.72
  597.98,   849.16,   227.30
  598.02,   848.58,   352.30
  598.07,   848.00,   477.30
  723.57,   599.46,   226.10
  723.61,   598.88,   351.10
  723.66,   598.30,   476.10
  723.27,   724.45,   226.68
  723.32,   723.88,   351.68
  723.36,   723.30,   476.68
  722.98,   849.45,   227.26
  723.02,   848.87,   352.26
  723.07,   848.30,   477.26
  476.21,   601.37,   348.96
  474.31,   603.96,   473.91
  472.41,   606.56,   598.87
  479.11,   726.31,   346.40
  477.21,   728.90,   471.36
  475.31,   731.50,   596.32
  482.02,   851.25,   343.85
  480.12,   853.84,   468.81
  478.22,   856.44,   593.77
  601.16,   598.50,   350.91
  599.26,   601.10,   475.87
  597.36,   603.69,   600.83
  604.06,   723.44,   348.36
  602.17,   726.04,   473.32
  600.27,   728.63,   598.28
  606.97,   848.38,   345.81
  605.07,   850.98,   470.77
  603.17,   853.57,   595.73
  726.11,   595.63,   352.87
  724.21,   598.23,   477.83
  722.31,   600.82,   602.79
  729.02,   720.57,   350.32
  727.12,   723.17,   475.28
  725.22,   725.77,   600.24
  731.92,   845.51,   347.77
  730.02,   848.11,   472.73
  728.12,   850.71,   597.69
  475.27,   600.51,   476.28
  477.22,   604.16,   601.21
  479.17,   607.82,   726.14
  475.02,   725.46,   472.63
  476.97,   729.11,   597.56
  478.91,   732.76,   722.49
  474.77,   850.40,   468.98
  476.72,   854.06,   593.91
  478.66,   857.71,   718.84
  600.26,   600.70,   474.32
  602.20,   604.36,   599.25
  604.15,   608.01,   724.18
  600.00,   725.65,   470.67
  601.95,   729.30,   595.60
  603.90,   732.96,   720.53
  599.75,   850.60,   467.02
  601.70,   854.25,   591.95
  603.65,   857.90,   716.88
  725.24,   600.90,   472.37
  727.19,   604.55,   597.30
  729.13,   608.21,   722.23
  724.99,   725.85,   468.72
  726.94,   729.50,   593.65
  728.88,   733.15,   718.58
  724.74,   850.79,   465.07
  726.68,   854.44,   590.00
  728.63,   858.10,   714.93
  476.38,   600.60,   600.43
  474.46,   600.46,   725.41
  472.55,   600.33,   850.40
  473.11,   725.56,   600.51
  471.20,   725.42,   725.50
  469.28,   725.28,   850.48
  469.85,   850.51,   600.60
  467.93,   850.38,   725.58
  466.01,   850.24,   850.57
  601.33,   603.86,   602.35
  599.41,   603.73,   727.33
  597.49,   603.59,   852.32
  598.06,   728.82,   602.43
  596.14,   728.69,   727.42
  594.22,   728.55,   852.40
  594.79,   853.78,   602.52
  592.87,   853.64,   727.50
  590.95,   853.51,   852.49
  726.27,   607.13,   604.27
  724.35,   607.00,   729.25
  722.43,   606.86,   854.24
  723.00,   732.09,   604.35
  721.08,   731.95,   729.34
  719.16,   731.82,   854.32
  719.73,   857.05,   604.44
  717.81,   856.91,   729.42
  715.89,   856.77,   854.41
  600.10,   101.99,    99.02
  603.07,   100.32,   223.97
  606.03,    98.66,   348.92
  600.13,   226.98,   100.68
  603.10,   225.31,   225.64
  606.07,   223.64,   350.59
  600.17,   351.97,   102.35
  603.13,   350.30,   227.30
  606.10,   348.63,   352.26
  725.06,   102.00,    96.05
  728.03,   100.33,   221.00
  731.00,    98.66,   345.96
  725.10,   226.99,    97.72
  728.06,   225.32,   222.67
  731.03,   223.65,   347.62
  725.13,   351.98,    99.38
  728.10,   350.31,   224.34
  731.06,   348.64,   349.29
  850.03,   102.00,    93.08
  853.00,   100.34,   218.04
  855.96,    98.67,   342.99
  850.06,   226.99,    94.75
  853.03,   225.33,   219.70
  855.99,   223.66,   344.66
  850.10,   351.98,    96.42
  853.06,   350.31,   221.37
  856.03,   348.65,   346.32
  601.36,    99.83,   225.82
  598.00,   103.55,   350.72
  594.64,   107.28,   475.62
  602.16,   224.77,   222.12
  598.79,   228.50,   347.01
  595.43,   232.22,   471.91
  602.95,   349.72,   218.41
  599.59,   353.44,   343.31
  596.22,   357.16,   468.21
  726.32,    99.14,   229.20
  722.95,   102.86,   354.10
  719.59,   106.58,   479.00
  727.11,   224.08,   225.50
  723.75,   227.80,   350.40
  720.38,   231.53,   475.30
  727.90,   349.02,   221.80
  724.54,   352.75,   346.70
  721.17,   356.47,   471.60
  851.27,    98.45,   232.59
  847.91,   102.17,   357.49
  844.54,   105.89,   482.39
  852.06,   223.39,   228.89
  848.70,   227.11,   353.78
  845.33,   230.83,   478.68
  852.85,   348.33,   225.18
  849.49,   352.05,   350.08
  846.13,   355.78,   474.98
  598.38,   101.59,   348.78
  595.60,   103.57,   473.73
  592.83,   105.54,   598.69
  595.36,   226.54,   346.74
  592.59,   228.51,   471.69
  589.81,   230.49,   596.64
  592.35,   351.49,   344.69
  589.57,   353.46,   469.65
  586.80,   355.44,   594.60
  723.31,   104.65,   351.50
  720.54,   106.63,   476.46
  717.76,   108.60,   601.41
  720.30,   229.60,   349.46
  717.52,   231.57,   474.42
  714.75,   233.55,   599.37
  717.28,   354.54,   347.42
  714.51,   356.52,   472.37
  711.73,   358.49,   597.33
  848.24,   107.71,   354.23
  845.47,   109.68,   479.18
  842.69,   111.66,   604.14
  845.23,   232.66,   352.19
  842.45,   234.63,   477.14
  839.68,   236.61,   602.09
  842.21,   357.60,   350.15
  839.44,   359.58,   475.10
  836.66,   361.55,   600.05
  599.25,   100.36,   473.94
  601.49,   101.83,   598.91
  603.72,   103.31,   723.88
  600.71,   225.34,   472.43
  602.94,   226.82,   597.41
  605.18,   228.29,   722.38
  602.16,   350.32,   470.93
  604.40,   351.80,   595.90
  606.63,   353.27,   720.87
  724.22,    98.87,   471.72
  726.46,   100.35,   596.69
  728.70,   101.83,   721.66
  725.68,   223.86,   470.22
  727.91,   225.33,   595.19
  730.15,   226.81,   720.16
  727.13,   348.84,   468.71
  729.37,   350.32,   593.68
  731.61,   351.79,   718.66
  849.19,    97.39,   469.50
  851.43,    98.87,   594.47
  853.67,   100.35,   719.44
  850.65,   222.38,   468.00
  852.89,   223.85,   592.97
  855.12,   225.33,   717.94
  852.10,   347.36,   466.49
  854.34,   348.83,   591.46
  856.58,   350.31,   716.44
  599.79,   100.97,   599.71
  600.78,   103.84,   724.67
  601.76,   106.72,   849.63
  598.77,   225.93,   596.84
  599.76,   228.81,   721.80
  600.75,   231.68,   846.77
  597.76,   350.89,   593.97
  598.74,   353.77,   718.94
  599.73,   356.64,   843.90
  724.78,   101.96,   598.70
  725.77,   104.84,   723.66
  726.76,   107.71,   848.62
  723.77,   226.92,   595.83
  724.75,   229.80,   720.79
  725.74,   232.67,   845.76
  722.75,   351.89,   592.96
  723.74,   354.76,   717.93
  724.72,   357.64,   842.89
  849.77,   102.96,   597.69
  850.76,   105.83,   722.65
  851.75,   108.71,   847.61
  848.76,   227.92,   594.82
  849.74,   230.79,   719.78
  850.73,   233.67,   844.75
  847.74,   352.88,   591.95
  848.73,   355.76,   716.92
  849.71,   358.63,   841.88
  598.77,   224.28,    98.40
  595.76,   223.93,   223.37
  592.75,   223.57,   348.33
  600.61,   349.26,    98.80
  597.60,   348.91,   223.76
  594.59,   348.56,   348.73
  602.46,   474.25,    99.20
  599.45,   473.90,   224.16
  596.44,   473.55,   349.12
  723.72,   222.43,   101.41
  720.71,   222.07,   226.37
  717.70,   221.72,   351.34
  725.56,   347.41,   101.81
  722.55,   347.06,   226.77
  719.54,   346.71,   351.73
  727.41,   472.40,   102.20
  724.40,   472.04,   227.17
  721.39,   471.69,   352.13
  848.67,   220.57,   104.41
  845.66,   220.22,   229.38
  842.65,   219.87,   354.34
  850.51,   345.56,   104.81
  847.50,   345.21,   229.77
  844.49,   344.85,   354.74
  852.36,   470.54,   105.21
  849.35,   470.19,   230.17
  846.34,   469.84,   355.13
  601.14,   226.40,   226.77
  599.94,   223.37,   351.73
  598.74,   220.34,   476.69
  598.76,   351.35,   229.78
  597.56,   348.31,   354.74
  596.36,   345.28,   479.70
  596.38,   476.29,   232.79
  595.18,   473.25,   357.75
  593.98,   470.22,   482.71
  726.11,   228.75,   228.03
  724.91,   225.72,   352.98
  723.71,   222.69,   477.94
  723.73,   353.69,   231.04
  722.53,   350.66,   355.99
  721.33,   347.63,   480.95
  721.35,   478.64,   234.05
  720.15,   475.60,   359.00
  718.96,   472.57,   483.96
  851.08,   231.10,   229.28
  849.88,   228.07,   354.24
  848.69,   225.04,   479.20
  848.70,   356.04,   232.29
  847.50,   353.01,   357.25
  846.31,   349.98,   482.21
  846.32,   480.99,   235.30
  845.12,   477.95,   360.26
  843.93,   474.92,   485.22
  599.68,   225.60,   349.98
  602.81,   227.06,   474.93
  605.95,   228.51,   599.88
  597.13,   350.57,   348.59
  600.27,   352.02,   473.54
  603.40,   353.48,   598.49
  594.59,   475.53,   347.19
  597.72,   476.99,   472.15
  600.85,   478.44,   597.10
  724.61,   228.11,   346.82
  727.75,   229.57,   471.77
  730.88,   231.02,   596.72
  722.07,   353.08,   345.42
  725.20,   354.53,   470.38
  728.34,   355.99,   595.33
  719.52,   478.04,   344.03
  722.65,   479.50,   468.98
  725.79,   480.96,   593.94
  849.55,   230.62,   343.65
  852.68,   232.08,   468.61
  855.82,   233.53,   593.56
  847.00,   355.59,   342.26
  850.14,   357.04,   467.21
  853.27,   358.50,   592.17
  844.46,   480.55,   340.87
  847.59,   482.01,   465.82
  850.72,   483.47,   590.77
  598.06,   224.73,   475.71
  600.28,   221.42,   600.65
  602.51,   218.10,   725.59
  599.77,   349.68,   479.00
  602.00,   346.36,   603.94
  604.23,   343.04,   728.88
  601.49,   474.62,   482.29
  603.72,   471.31,   607.23
  605.94,   467.99,   732.16
  723.02,   223.07,   473.44
  725.25,   219.76,   598.38
  727.48,   216.44,   723.32
  724.74,   348.02,   476.73
  726.97,   344.70,   601.67
  729.19,   341.38,   726.61
  726.46,   472.96,   480.02
  728.69,   469.65,   604.96
  730.91,   466.33,   729.89
  847.99,   221.42,   471.17
  850.22,   218.10,   596.11
  852.44,   214.78,   721.05
  849.71,   346.36,   474.46
  851.94,   343.04,   599.40
  854.16,   339.72,   724.34
  851.43,   471.31,   477.75
  853.66,   467.99,   602.69
  855.88,   464.67,   727.62
  598.80,   226.53,   600.41
  601.86,   224.97,   725.36
  604.92,   223.41,   850.31
  596.25,   351.49,   602.03
  599.31,   349.94,   726.98
  602.37,   348.38,   851.93
  593.70,   476.46,   603.65
  596.76,   474.90,   728.60
  599.82,   473.34,   853.55
  723.74,   229.12,   597.38
  726.80,   227.56,   722.33
  729.86,   226.00,   847.29
  721.19,   354.08,   599.00
  724.25,   352.53,   723.95
  727.31,   350.97,   848.91
  718.64,   479.05,   600.62
  721.70,   477.49,   725.58
  724.75,   475.93,   850.53
  848.68,   231.71,   594.35
  851.74,   230.15,   719.31
  854.79,   228.59,   844.26
  846.12,   356.67,   595.98
  849.18,   355.12,   720.93
  852.24,   353.56,   845.88
  843.57,   481.64,   597.60
  846.63,   480.08,   722.55
  849.69,   478.52,   847.50
  600.26,   350.76,   101.44
  601.70,   350.82,   226.43
  603.14,   350.87,   351.43
  598.01,   475.74,   101.41
  599.44,   475.80,   226.41
  600.88,   475.85,   351.40
  595.75,   600.72,   101.39
  597.19,   600.78,   226.38
  598.63,   600.83,   351.37
  725.23,   353.01,   100.00
  726.67,   353.07,   224.99
  728.11,   353.12,   349.99
  722.98,   477.99,    99.97
  724.42,   478.05,   224.97
  725.86,   478.10,   349.96
  720.73,   602.97,    99.95
  722.16,   603.03,   224.94
  723.60,   603.08,   349.93
  850.20,   355.27,    98.56
  851.64,   355.32,   223.55
  853.08,   355.37,   348.55
  847.95,   480.25,    98.53
  849.39,   480.30,   223.53
  850.83,   480.35,   348.52
  845.70,   605.22,    98.51
  847.14,   605.28,   223.50
  848.58,   605.33,   348.49
  600.49,   348.38,   224.99
  603.35,   348.38,   349.96
  606.21,   348.38,   474.92
  599.75,   473.38,   225.01
  602.61,   473.38,   349.98
  605.48,   473.38,   474.94
  599.01,   598.38,   225.03
  601.88,   598.38,   350.00
  604.74,   598.37,   474.96
  725.45,   349.12,   222.13
  728.32,   349.12,   347.09
  731.18,   349.12,   472.06
  724.72,   474.12,   222.15
  727.58,   474.12,   347.11
  730.44,   474.11,   472.08
  723.98,   599.12,   222.17
  726.84,   599.12,   347.13
  729.70,   599.11,   472.10
  850.42,   349.86,   219.26
  853.28,   349.86,   344.23
  856.14,   349.86,   469.20
  849.68,   474.86,   219.28
  852.54,   474.86,   344.25
  855.41,   474.85,   469.22
  848.94,   599.86,   219.30
  851.81,   599.85,   344.27
  854.67,   599.85,   469.24
  601.07,   351.51,   349.26
  598.04,   352.53,   474.22
  595.00,   353.56,   599.18
  599.10,   476.49,   348.19
  596.06,   477.51,   473.15
  593.02,   478.54,   598.11
  597.12,   601.47,   347.12
  594.09,   602.49,   472.08
  591.05,   603.52,   597.04
  726.02,   353.51,   352.29
  722.98,   354.53,   477.24
  719.95,   355.56,   602.20
  724.05,   478.49,   351.21
  721.01,   479.51,   476.17
  717.97,   480.54,   601.13
  722.07,   603.47,   350.14
  719.03,   604.49,   475.10
  716.00,   605.52,   600.06
  850.97,   355.51,   355.31
  847.93,   356.53,   480.27
  844.89,   357.56,   605.22
  848.99,   480.49,   354.23
  845.96,   481.51,   479.19
  842.92,   482.54,   604.15
  847.02,   605.47,   353.16
  843.98,   606.49,   478.12
  840.94,   607.52,   603.08
  599.45,   348.28,   476.17
  602.23,   345.45,   601.11
  605.00,   342.62,   726.05
  598.96,   473.24,   479.01
  601.74,   470.42,   603.95
  604.51,   467.59,   728.89
  598.47,   598.21,   481.86
  601.25,   595.38,   606.79
  604.03,   592.55,   731.73
  724.42,   348.83,   473.41
  727.20,   346.00,   598.35
  729.97,   343.17,   723.28
  723.93,   473.80,   476.25
  726.71,   470.97,   601.19
  729.48,   468.14,   726.13
  723.44,   598.76,   479.09
  726.22,   595.93,   604.03
  728.99,   593.11,   728.97
  849.39,   349.38,   470.65
  852.16,   346.55,   595.58
  854.94,   343.72,   720.52
  848.90,   474.35,   473.49
  851.68,   471.52,   598.42
  854.45,   468.69,   723.36
  848.41,   599.31,   476.33
  851.19,   596.49,   601.26
  853.96,   593.66,   726.20
  598.55,   351.39,   599.75
  601.18,   351.37,   724.72
  603.81,   351.35,   849.69
  597.07,   476.39,   599.80
  599.70,   476.36,   724.78
  602.33,   476.34,   849.75
  595.59,   601.38,   599.86
  598.22,   601.35,   724.83
  600.85,   601.33,   849.80
  723.51,   352.87,   597.12
  726.14,   352.85,   722.09
  728.77,   352.82,   847.06
  722.03,   477.87,   597.17
  724.66,   477.84,   722.15
  727.29,   477.82,   847.12
  720.56,   602.86,   597.23
  723.18,   602.83,   722.20
  725.81,   602.81,   847.17
  848.48,   354.35,   594.49
  851.10,   354.33,   719.46
  853.73,   354.30,   844.43
  847.00,   479.34,   594.55
  849.63,   479.32,   719.52
  852.26,   479.30,   844.49
  845.52,   604.34,   594.60
  848.15,   604.31,   719.57
  850.78,   604.29,   844.55
  600.17,   475.05,    99.02
  596.71,   471.64,   223.92
  593.25,   468.23,   348.83
  600.74,   600.00,   102.44
  597.28,   596.59,   227.35
  593.81,   593.18,   352.25
  601.30,   724.95,   105.87
  597.84,   721.54,   230.78
  594.38,   718.13,   355.68
  725.12,   474.38,   102.46
  721.66,   470.97,   227.37
  718.20,   467.56,   352.27
  725.69,   599.34,   105.89
  722.23,   595.93,   230.79
  718.77,   592.52,   355.70
  726.25,   724.29,   109.31
  722.79,   720.88,   234.22
  719.33,   717.47,   359.13
  850.07,   473.72,   105.90
  846.61,   470.31,   230.81
  843.15,   466.90,   355.72
  850.64,   598.67,   109.33
  847.18,   595.26,   234.24
  843.72,   591.85,   359.14
  851.20,   723.63,   112.76
  847.74,   720.22,   237.66
  844.28,   716.81,   362.57
  601.12,   476.20,   223.29
  602.35,   478.32,   348.26
  603.58,   480.44,   473.24
  597.96,   601.14,   221.20
  599.19,   603.26,   346.18
  600.42,   605.38,   471.15
  594.80,   726.08,   219.11
  596.03,   728.20,   344.09
  597.26,   730.32,   469.07
  726.08,   479.34,   222.01
  727.30,   481.46,   346.98
  728.53,   483.58,   471.96
  722.92,   604.28,   219.92
  724.14,   606.40,   344.90
  725.37,   608.52,   469.87
  719.76,   729.22,   217.83
  720.99,   731.34,   342.81
  722.21,   733.46,   467.78
  851.03,   482.47,   220.73
  852.26,   484.59,   345.70
  853.49,   486.71,   470.68
  847.87,   607.42,   218.64
  849.10,   609.54,   343.62
  850.33,   611.66,   468.59
  844.71,   732.36,   216.55
  845.94,   734.48,   341.53
  847.17,   736.60,   466.50
  601.45,   474.21,   351.65
  602.75,   473.27,   476.64
  604.06,   472.32,   601.63
  598.70,   599.17,   352.62
  600.01,   598.23,   477.61
  601.31,   597.29,   602.60
  595.95,   724.14,   353.59
  597.26,   723.20,   478.58
  598.56,   722.25,   603.57
  726.41,   476.97,   350.36
  727.72,   476.02,   475.35
  729.02,   475.08,   600.34
  723.67,   601.93,   351.33
  724.97,   600.99,   476.32
  726.27,   600.05,   601.31
  720.92,   726.90,   352.31
  722.22,   725.96,   477.30
  723.53,   725.01,   602.29
  851.38,   479.72,   349.08
  852.68,   478.78,   474.07
  853.99,   477.84,   599.06
  848.63,   604.69,   350.05
  849.93,   603.75,   475.04
  851.24,   602.80,   600.03
  845.88,   729.66,   351.02
  847.18,   728.71,   476.01
  848.49,   727.77,   601.00
  601.64,   476.68,   473.17
  601.39,   477.95,   598.16
  601.14,   479.22,   723.16
  604.19,   601.65,   471.91
  603.94,   602.92,   596.90
  603.69,   604.19,   721.89
  606.75,   726.62,   470.64
  606.50,   727.89,   595.63
  606.25,   729.16,   720.63
  726.61,   474.13,   473.45
  726.36,   475.40,   598.44
  726.12,   476.67,   723.43
  729.17,   599.10,   472.18
  728.92,   600.37,   597.17
  728.67,   601.64,   722.17
  731.72,   724.07,   470.92
  731.47,   725.34,   595.91
  731.22,   726.61,   720.90
  851.59,   471.58,   473.72
  851.34,   472.85,   598.71
  851.09,   474.12,   723.71
  854.14,   596.55,   472.46
  853.89,   597.82,   597.45
  853.64,   599.09,   722.44
  856.69,   721.51,   471.19
  856.44,   722.79,   596.18
  856.19,   724.06,   721.18
  601.22,   473.56,   601.01
  599.19,   473.77,   725.99
  597.16,   473.98,   850.98
  603.15,   598.55,   600.83
  601.12,   598.75,   725.82
  599.09,   598.96,   850.80
  605.08,   723.53,   600.66
  603.05,   723.74,   725.64
  601.02,   723.95,   850.62
  726.19,   471.64,   603.04
  724.16,   471.84,   728.02
  722.13,   472.05,   853.01
  728.12,   596.62,   602.86
  726.09,   596.83,   727.85
  724.06,   597.04,   852.83
  730.05,   721.61,   602.69
  728.02,   721.81,   727.67
  725.99,   722.02,   852.65
  851.16,   469.71,   605.07
  849.13,   469.92,   730.06
  847.10,   470.13,   855.04
  853.09,   594.70,   604.90
  851.06,   594.90,   729.88
  849.03,   595.11,   854.86
  855.02,   719.68,   604.72
  852.99,   719.89,   729.70
  850.96,   720.10,   854.69
  599.83,   600.66,    99.64
  597.70,   600.23,   224.62
  595.57,   599.80,   349.61
  599.59,   725.66,   100.07
  597.46,   725.23,   225.05
  595.33,   724.80,   350.03
  599.34,   850.65,   100.49
  597.22,   850.23,   225.47
  595.09,   849.80,   350.45
  724.81,   600.89,   101.77
  722.68,   600.46,   226.75
  720.56,   600.04,   351.73
  724.57,   725.89,   102.19
  722.44,   725.46,   227.17
  720.32,   725.04,   352.15
  724.33,   850.89,   102.61
  722.20,   850.46,   227.60
  720.07,   850.04,   352.58
  849.79,   601.12,   103.90
  847.66,   600.70,   228.88
  845.54,   600.27,   353.86
  849.55,   726.12,   104.32
  847.42,   725.70,   229.30
  845.30,   725.27,   354.28
  849.31,   851.12,   104.74
  847.18,   850.70,   229.72
  845.06,   850.27,   354.70
  599.06,   599.81,   224.56
  598.67,   598.35,   349.55
  598.28,   596.90,   474.54
  600.99,   724.78,   226.01
  600.60,   723.33,   351.01
  600.20,   721.88,   476.00
  602.91,   849.76,   227.47
  602.52,   848.31,   352.46
  602.13,   846.86,   477.45
  724.05,   597.88,   224.92
  723.65,   596.42,   349.92
  723.26,   594.97,   474.91
  725.97,   722.85,   226.38
  725.58,   721.40,   351.37
  725.19,   719.95,   476.36
  727.90,   847.83,   227.84
  727.51,   846.38,   352.83
  727.11,   844.93,   477.82
  849.03,   595.95,   225.29
  848.64,   594.49,   350.28
  848.25,   593.04,   475.28
  850.96,   720.92,   226.75
  850.56,   719.47,   351.74
  850.17,   718.02,   476.73
  852.88,   845.90,   228.21
  852.49,   844.45,   353.20
  852.10,   843.00,   478.19
  598.08,   601.25,   348.41
  596.38,   600.08,   473.39
  594.68,   598.90,   598.38
  599.01,   726.24,   349.60
  597.31,   725.07,   474.58
  595.61,   723.89,   599.56
  599.95,   851.23,   350.79
  598.25,   850.06,   475.77
  596.55,   848.88,   600.75
  723.06,   600.30,   350.10
  721.36,   599.12,   475.08
  719.66,   597.94,   600.07
  724.00,   725.29,   351.29
  722.30,   724.11,   476.27
  720.60,   722.94,   601.26
  724.94,   850.28,   352.48
  723.24,   849.10,   477.46
  721.54,   847.93,   602.45
  848.05,   599.34,   351.79
  846.35,   598.17,   476.77
  844.65,   596.99,   601.76
  848.98,   724.33,   352.98
  847.28,   723.16,   477.96
  845.58,   721.98,   602.95
  849.92,   849.33,   354.17
  848.22,   848.15,   479.15
  846.52,   846.97,   604.14
  598.81,   599.03,   476.13
  600.75,   601.91,   601.08
  602.69,   604.79,   726.03
  599.00,   724.00,   473.25
  600.94,   726.88,   598.20
  602.89,   729.76,   723.15
  599.20,   848.97,   470.37
  601.14,   851.85,   595.32
  603.08,   854.72,   720.27
  723.79,   598.79,   474.19
  725.73,   601.67,   599.15
  727.67,   604.55,   724.10
  723.99,   723.76,   471.31
  725.93,   726.64,   596.27
  727.87,   729.51,   721.22
  724.18,   848.73,   468.43
  726.13,   851.60,   593.38
  728.07,   854.48,   718.34
  848.78,   598.55,   472.26
  850.72,   601.43,   597.21
  852.66,   604.31,   722.16
  848.97,   723.52,   469.38
  850.91,   726.40,   594.33
  852.86,   729.27,   719.28
  849.17,   848.48,   466.50
  851.11,   851.36,   591.45
  853.05,   854.24,   716.40
  599.81,   601.48,   601.25
  598.25,   604.82,   726.19
  596.68,   608.15,   851.14
  598.38,   726.42,   597.89
  596.81,   729.76,   722.84
  595.24,   733.10,   847.78
  596.94,   851.37,   594.53
  595.37,   854.71,   719.48
  593.80,   858.05,   844.42
  724.80,   602.96,   602.78
  723.23,   606.30,   727.72
  721.66,   609.63,   852.67
  723.36,   727.90,   599.42
  721.79,   731.24,   724.36
  720.22,   734.58,   849.31
  721.92,   852.85,   596.06
  720.35,   856.19,   721.01
  718.78,   859.53,   845.95
  849.78,   604.44,   604.31
  848.21,   607.78,   729.25
  846.64,   611.12,   854.20
  848.34,   729.38,   600.95
  846.77,   732.72,   725.89
  845.20,   736.06,   850.84
  846.90,   854.33,   597.59
  845.33,   857.67,   722.54
  843.76,   861.01,   847.48
