27, 125, pa2-debug-b-output1.txt
  201.43,   195.36,   200.42
  405.78,   390.98,   209.44
   98.36,   101.89,   101.27
   96.29,   103.89,   226.24
   94.22,   105.90,   351.21
   95.05,   226.82,    99.21
   92.98,   228.83,   224.18
   90.91,   230.84,   349.14
   91.74,   351.76,    97.15
   89.67,   353.77,   222.11
   87.60,   355.78,   347.08
  223.30,   105.23,   103.29
  221.23,   107.24,   228.26
  219.16,   109.25,   353.22
  219.99,   230.17,   101.23
  217.92,   232.18,   226.19
  215.85,   234.18,   351.16
  216.68,   355.11,    99.16
  214.61,   357.12,   224.13
  212.54,   359.12,   349.10
  348.24,   108.57,   105.30
  346.17,   110.58,   230.27
  344.10,   112.59,   355.24
  344.93,   233.51,   103.24
  342.86,   235.52,   228.21
  340.79,   237.53,   353.17
  341.62,   358.45,   101.18
  339.55,   360.46,   226.15
  337.48,   362.47,   351.11
  101.64,    98.05,   224.81
   98.11,    99.74,   349.75
   94.59,   101.43,   474.69
  104.73,   223.00,   223.21
  101.21,   224.69,   348.14
   97.68,   226.39,   473.08
  107.83,   347.95,   221.60
  104.30,   349.64,   346.54
  100.78,   351.34,   471.48
  226.55,    95.00,   228.38
  223.03,    96.69,   353.32
  219.50,    98.39,   478.25
  229.64,   219.95,   226.77
  226.12,   221.65,   351.71
  222.60,   223.34,   476.65
  232.74,   344.90,   225.17
  229.21,   346.60,   350.10
  225.69,   348.29,   475.04
  351.46,    91.95,   231.94
  347.94,    93.65,   356.88
  344.41,    95.34,   481.82
  354.56,   216.90,   230.34
  351.03,   218.60,   355.28
  347.51,   220.29,   480.21
  357.65,   341.86,   228.73
  354.13,   343.55,   353.67
  350.60,   345.24,   478.61
  100.05,   101.97,   348.83
  101.51,    99.99,   473.80
  102.98,    98.02,   598.78
  102.01,   226.94,   350.78
  103.48,   224.96,   475.76
  104.95,   222.98,   600.73
  103.98,   351.91,   352.74
  105.45,   349.93,   477.71
  106.91,   347.95,   602.69
  225.02,   100.03,   347.33
  226.49,    98.05,   472.30
  227.96,    96.07,   597.28
  226.99,   225.00,   349.28
  228.46,   223.02,   474.26
  229.92,   221.04,   599.24
  228.95,   349.97,   351.24
  230.42,   347.99,   476.22
  231.89,   346.01,   601.19
  350.00,    98.09,   345.83
  351.47,    96.11,   470.81
  352.93,    94.13,   595.78
  351.96,   223.06,   347.79
  353.43,   221.08,   472.76
  354.90,   219.10,   597.74
  353.93,   348.03,   349.74
  355.40,   346.05,   474.72
  356.87,   344.07,   599.69
  100.62,    98.99,   476.38
   97.23,    95.61,   601.29
   93.84,    92.24,   726.20
  102.41,   223.93,   479.80
   99.03,   220.56,   604.71
   95.64,   217.18,   729.62
  104.21,   348.87,   483.22
  100.82,   345.50,   608.13
   97.43,   342.12,   733.04
  225.56,    97.10,   479.72
  222.17,    93.73,   604.62
  218.78,    90.36,   729.53
  227.35,   222.04,   483.14
  223.97,   218.67,   608.05
  220.58,   215.30,   732.95
  229.15,   346.98,   486.56
  225.76,   343.61,   611.47
  222.37,   340.24,   736.38
  350.50,    95.21,   483.05
  347.11,    91.84,   607.96
  343.72,    88.47,   732.87
  352.29,   220.15,   486.48
  348.91,   216.78,   611.38
  345.52,   213.41,   736.29
  354.09,   345.09,   489.90
  350.70,   341.72,   614.81
  347.32,   338.35,   739.71
  101.45,    98.08,   599.29
   98.18,    99.53,   724.24
   94.90,   100.98,   849.19
  102.21,   223.07,   597.86
   98.94,   224.52,   722.81
   95.66,   225.97,   847.76
  102.98,   348.06,   596.43
   99.70,   349.51,   721.38
   96.42,   350.96,   846.33
  226.41,    97.35,   602.58
  223.13,    98.80,   727.53
  219.85,   100.25,   852.47
  227.17,   222.34,   601.15
  223.89,   223.79,   726.09
  220.62,   225.24,   851.04
  227.93,   347.33,   599.72
  224.65,   348.78,   724.66
  221.38,   350.23,   849.61
  351.36,    96.63,   605.86
  348.09,    98.08,   730.81
  344.81,    99.53,   855.76
  352.12,   221.62,   604.43
  348.85,   223.07,   729.38
  345.57,   224.52,   854.33
  352.89,   346.61,   603.00
  349.61,   348.06,   727.95
  346.33,   349.51,   852.90
   99.90,   224.52,   101.02
  100.80,   224.18,   226.01
  101.69,   223.84,   351.01
   99.14,   349.52,   101.36
  100.04,   349.18,   226.36
  100.94,   348.84,   351.36
   98.39,   474.51,   101.71
   99.28,   474.17,   226.70
  100.18,   473.83,   351.70
  224.89,   225.28,   100.12
  225.79,   224.94,   225.12
  226.69,   224.60,   350.12
  224.14,   350.27,   100.47
  225.04,   349.93,   225.47
  225.93,   349.59,   350.46
  223.38,   475.27,   100.81
  224.28,   474.93,   225.81
  225.18,   474.59,   350.81
  349.89,   226.04,    99.23
  350.79,   225.69,   224.23
  351.68,   225.35,   349.22
  349.13,   351.03,    99.57
  350.03,   350.69,   224.57
  350.93,   350.35,   349.57
  348.38,   476.03,    99.92
  349.27,   475.69,   224.92
  350.17,   475.35,   349.91
  100.87,   226.90,   226.79
  101.60,   229.92,   351.75
  102.33,   232.94,   476.71
  101.96,   351.85,   223.76
  102.69,   354.88,   348.72
  103.42,   357.90,   473.68
  103.04,   476.81,   220.73
  103.77,   479.84,   345.69
  104.50,   482.86,   470.65
  225.86,   225.79,   226.08
  226.60,   228.82,   351.05
  227.33,   231.84,   476.01
  226.95,   350.75,   223.05
  227.68,   353.78,   348.02
  228.41,   356.80,   472.98
  228.03,   475.71,   220.02
  228.76,   478.73,   344.98
  229.50,   481.76,   469.95
  350.86,   224.69,   225.38
  351.59,   227.72,   350.34
  352.32,   230.74,   475.30
  351.94,   349.65,   222.35
  352.67,   352.67,   347.31
  353.40,   355.70,   472.27
  353.03,   474.61,   219.32
  353.76,   477.63,   344.28
  354.49,   480.66,   469.24
   98.97,   224.06,   350.25
  101.05,   221.93,   475.21
  103.13,   219.80,   600.18
  101.94,   349.01,   352.33
  104.02,   346.88,   477.29
  106.10,   344.74,   602.26
  104.91,   473.95,   354.41
  106.99,   471.82,   479.37
  109.07,   469.69,   604.34
  223.91,   221.12,   348.11
  226.00,   218.99,   473.08
  228.08,   216.86,   598.04
  226.88,   346.07,   350.20
  228.97,   343.94,   475.16
  231.05,   341.81,   600.12
  229.85,   471.02,   352.28
  231.94,   468.89,   477.24
  234.02,   466.76,   602.21
  348.86,   218.19,   345.98
  350.95,   216.06,   470.95
  353.03,   213.93,   595.91
  351.83,   343.14,   348.06
  353.91,   341.01,   473.03
  356.00,   338.88,   597.99
  354.80,   468.09,   350.14
  356.88,   465.95,   475.11
  358.97,   463.82,   600.07
   99.59,   224.45,   474.28
   99.04,   222.89,   599.26
   98.50,   221.32,   724.25
  103.25,   349.39,   475.86
  102.71,   347.82,   600.85
  102.16,   346.25,   725.84
  106.91,   474.33,   477.44
  106.37,   472.76,   602.43
  105.83,   471.19,   727.42
  224.53,   220.79,   474.77
  223.99,   219.22,   599.76
  223.45,   217.65,   724.75
  228.20,   345.72,   476.36
  227.65,   344.15,   601.34
  227.11,   342.59,   726.33
  231.86,   470.66,   477.94
  231.31,   469.09,   602.93
  230.77,   467.52,   727.92
  349.48,   217.12,   475.27
  348.94,   215.55,   600.26
  348.39,   213.98,   725.25
  353.14,   342.05,   476.85
  352.60,   340.48,   601.84
  352.05,   338.92,   726.83
  356.80,   466.99,   478.44
  356.26,   465.42,   603.43
  355.72,   463.85,   728.41
  100.88,   224.45,   599.43
   99.11,   223.04,   724.41
   97.33,   221.63,   849.39
   99.83,   349.44,   600.82
   98.06,   348.03,   725.80
   96.29,   346.62,   850.78
   98.79,   474.42,   602.22
   97.01,   473.02,   727.20
   95.24,   471.61,   852.18
  225.86,   225.48,   601.22
  224.09,   224.07,   726.20
  222.32,   222.66,   851.18
  224.82,   350.46,   602.61
  223.04,   349.06,   727.59
  221.27,   347.65,   852.57
  223.77,   475.45,   604.00
  222.00,   474.04,   728.98
  220.22,   472.63,   853.96
  350.85,   226.50,   603.00
  349.07,   225.09,   727.98
  347.30,   223.69,   852.96
  349.80,   351.49,   604.40
  348.03,   350.08,   729.38
  346.25,   348.67,   854.36
  348.75,   476.48,   605.79
  346.98,   475.07,   730.77
  345.20,   473.66,   855.75
  101.41,   349.47,   100.23
  102.98,   349.15,   225.22
  104.55,   348.84,   350.21
   99.24,   474.45,   100.57
  100.81,   474.14,   225.56
  102.38,   473.82,   350.55
   97.07,   599.43,   100.91
   98.64,   599.12,   225.90
  100.21,   598.80,   350.89
  226.38,   351.64,    98.67
  227.95,   351.33,   223.66
  229.52,   351.02,   348.65
  224.21,   476.62,    99.01
  225.78,   476.31,   224.00
  227.35,   476.00,   348.99
  222.04,   601.60,    99.35
  223.61,   601.29,   224.34
  225.18,   600.98,   349.33
  351.35,   353.82,    97.11
  352.92,   353.50,   222.10
  354.49,   353.19,   347.09
  349.18,   478.80,    97.45
  350.75,   478.48,   222.44
  352.32,   478.17,   347.43
  347.01,   603.78,    97.79
  348.58,   603.47,   222.78
  350.15,   603.15,   347.77
   98.65,   349.56,   224.06
   98.15,   352.08,   349.03
   97.64,   354.59,   474.00
  100.51,   474.52,   221.55
  100.01,   477.04,   346.52
   99.51,   479.56,   471.50
  102.38,   599.48,   219.04
  101.87,   602.00,   344.01
  101.37,   604.52,   468.99
  223.64,   347.71,   224.60
  223.13,   350.22,   349.57
  222.63,   352.74,   474.55
  225.50,   472.67,   222.09
  224.99,   475.19,   347.06
  224.49,   477.70,   472.04
  227.36,   597.63,   219.58
  226.86,   600.15,   344.55
  226.35,   602.66,   469.53
  348.62,   345.85,   225.14
  348.12,   348.37,   350.11
  347.61,   350.89,   475.09
  350.48,   470.81,   222.63
  349.98,   473.33,   347.61
  349.48,   475.85,   472.58
  352.35,   595.78,   220.12
  351.84,   598.29,   345.10
  351.34,   600.81,   470.07
   98.62,   350.85,   351.65
   95.21,   352.01,   476.60
   91.81,   353.17,   601.54
   95.16,   475.79,   350.39
   91.76,   476.96,   475.34
   88.35,   478.12,   600.29
   91.71,   600.74,   349.13
   88.30,   601.90,   474.08
   84.90,   603.07,   599.03
  223.52,   354.33,   355.02
  220.12,   355.50,   479.97
  216.71,   356.66,   604.92
  220.07,   479.28,   353.76
  216.66,   480.44,   478.71
  213.26,   481.61,   603.66
  216.61,   604.23,   352.50
  213.21,   605.39,   477.45
  209.80,   606.55,   602.40
  348.43,   357.82,   358.39
  345.02,   358.99,   483.34
  341.62,   360.15,   608.29
  344.97,   482.77,   357.13
  341.57,   483.93,   482.08
  338.16,   485.10,   607.03
  341.52,   607.71,   355.87
  338.11,   608.88,   480.82
  334.71,   610.04,   605.77
   98.28,   351.84,   476.41
   97.27,   353.10,   601.40
   96.25,   354.36,   726.39
   95.69,   476.81,   475.13
   94.67,   478.06,   600.12
   93.65,   479.32,   725.11
   93.09,   601.77,   473.85
   92.07,   603.03,   598.84
   91.06,   604.29,   723.83
  223.25,   354.45,   477.40
  222.23,   355.70,   602.39
  221.22,   356.96,   727.38
  220.66,   479.41,   476.12
  219.64,   480.67,   601.11
  218.62,   481.93,   726.10
  218.06,   604.38,   474.84
  217.04,   605.64,   599.83
  216.03,   606.90,   724.82
  348.22,   357.05,   478.39
  347.20,   358.31,   603.38
  346.19,   359.57,   728.37
  345.62,   482.02,   477.11
  344.61,   483.28,   602.10
  343.59,   484.54,   727.09
  343.03,   606.99,   475.83
  342.01,   608.24,   600.82
  341.00,   609.50,   725.81
  101.42,   348.01,   600.81
  102.01,   345.18,   725.77
  102.60,   342.36,   850.74
   98.39,   472.94,   603.65
   98.98,   470.11,   728.61
   99.56,   467.29,   853.58
   95.36,   597.87,   606.48
   95.94,   595.05,   731.45
   96.53,   592.22,   856.42
  226.39,   351.05,   600.29
  226.97,   348.23,   725.26
  227.56,   345.40,   850.22
  223.35,   475.98,   603.13
  223.94,   473.16,   728.10
  224.53,   470.34,   853.06
  220.32,   600.92,   605.97
  220.91,   598.09,   730.93
  221.49,   595.27,   855.90
  351.35,   354.10,   599.77
  351.93,   351.27,   724.74
  352.52,   348.45,   849.71
  348.31,   479.03,   602.61
  348.90,   476.21,   727.58
  349.49,   473.38,   852.54
  345.28,   603.96,   605.45
  345.87,   601.14,   730.42
  346.45,   598.31,   855.38
   98.17,   476.22,   100.39
   95.78,   477.73,   225.35
   93.39,   479.24,   350.32
  100.82,   601.19,    98.93
   98.43,   602.69,   223.90
   96.04,   604.20,   348.87
  103.47,   726.15,    97.48
  101.08,   727.66,   222.44
   98.69,   729.16,   347.41
  223.12,   473.60,   102.81
  220.73,   475.11,   227.78
  218.34,   476.61,   352.74
  225.77,   598.57,   101.35
  223.38,   600.07,   226.32
  220.99,   601.58,   351.29
  228.42,   723.53,    99.90
  226.03,   725.03,   224.86
  223.64,   726.54,   349.83
  348.07,   470.98,   105.23
  345.68,   472.49,   230.20
  343.29,   473.99,   355.16
  350.72,   595.94,   103.77
  348.33,   597.45,   228.74
  345.94,   598.96,   353.71
  353.37,   720.91,   102.32
  350.98,   722.41,   227.29
  348.59,   723.92,   352.25
   98.38,   475.62,   223.45
   95.72,   478.36,   348.39
   93.07,   481.11,   473.34
   97.05,   600.58,   220.68
   94.40,   603.32,   345.62
   91.75,   606.07,   470.56
   95.72,   725.54,   217.90
   93.07,   728.29,   342.85
   90.42,   731.03,   467.79
  223.34,   477.00,   226.08
  220.69,   479.75,   351.02
  218.04,   482.49,   475.96
  222.01,   601.96,   223.30
  219.36,   604.71,   348.24
  216.71,   607.46,   473.18
  220.69,   726.93,   220.53
  218.04,   729.67,   345.47
  215.38,   732.42,   470.41
  348.31,   478.39,   228.70
  345.65,   481.13,   353.64
  343.00,   483.88,   478.58
  346.98,   603.35,   225.92
  344.33,   606.10,   350.87
  341.67,   608.84,   475.81
  345.65,   728.31,   223.15
  343.00,   731.06,   348.09
  340.35,   733.80,   473.03
   99.08,   473.50,   348.69
   99.26,   474.13,   473.69
   99.44,   474.76,   598.69
   98.80,   598.50,   348.06
   98.99,   599.12,   473.06
   99.17,   599.75,   598.06
   98.53,   723.49,   347.43
   98.71,   724.12,   472.43
   98.89,   724.75,   597.43
  224.08,   473.77,   348.51
  224.26,   474.40,   473.50
  224.44,   475.03,   598.50
  223.80,   598.77,   347.88
  223.99,   599.40,   472.88
  224.17,   600.03,   597.87
  223.53,   723.77,   347.25
  223.71,   724.40,   472.25
  223.89,   725.03,   597.25
  349.08,   474.05,   348.32
  349.26,   474.67,   473.32
  349.44,   475.30,   598.32
  348.80,   599.04,   347.70
  348.98,   599.67,   472.69
  349.17,   600.30,   597.69
  348.53,   724.04,   347.07
  348.71,   724.67,   472.07
  348.89,   725.30,   597.06
   98.02,   473.90,   476.27
   98.16,   474.88,   601.26
   98.30,   475.86,   726.26
   97.53,   598.90,   475.29
   97.67,   599.88,   600.28
   97.81,   600.86,   725.28
   97.04,   723.89,   474.31
   97.18,   724.87,   599.30
   97.32,   725.85,   724.30
  223.02,   474.39,   476.12
  223.16,   475.37,   601.12
  223.30,   476.35,   726.12
  222.53,   599.38,   475.14
  222.67,   600.37,   600.14
  222.81,   601.35,   725.14
  222.04,   724.38,   474.16
  222.18,   725.36,   599.16
  222.32,   726.34,   724.16
  348.02,   474.88,   475.98
  348.16,   475.86,   600.98
  348.30,   476.84,   725.97
  347.53,   599.87,   475.00
  347.67,   600.85,   600.00
  347.81,   601.83,   724.99
  347.04,   724.87,   474.02
  347.18,   725.85,   599.02
  347.32,   726.83,   724.01
   99.83,   474.39,   598.04
   97.99,   477.37,   723.00
   96.15,   480.35,   847.95
   97.48,   599.33,   595.03
   95.64,   602.31,   719.98
   93.80,   605.29,   844.93
   95.12,   724.27,   592.01
   93.29,   727.25,   716.96
   91.45,   730.23,   841.91
  224.79,   476.78,   599.83
  222.96,   479.76,   724.78
  221.12,   482.75,   849.73
  222.44,   601.72,   596.81
  220.60,   604.71,   721.76
  218.76,   607.69,   846.71
  220.09,   726.66,   593.79
  218.25,   729.65,   718.74
  216.41,   732.63,   843.69
  349.76,   479.18,   601.61
  347.92,   482.16,   726.56
  346.08,   485.14,   851.51
  347.40,   604.12,   598.59
  345.57,   607.10,   723.54
  343.73,   610.09,   848.49
  345.05,   729.06,   595.57
  343.21,   732.04,   720.52
  341.38,   735.03,   845.47
  100.55,   600.01,   101.00
   99.45,   596.99,   225.96
   98.35,   593.97,   350.92
   99.59,   724.97,   104.01
   98.49,   721.95,   228.97
   97.39,   718.93,   353.93
   98.63,   849.93,   107.02
   97.53,   846.91,   231.98
   96.43,   843.89,   356.94
  225.54,   600.95,   102.12
  224.44,   597.93,   227.08
  223.34,   594.90,   352.04
  224.58,   725.91,   105.13
  223.48,   722.88,   230.09
  222.38,   719.86,   355.05
  223.62,   850.87,   108.15
  222.52,   847.84,   233.11
  221.42,   844.82,   358.06
  350.53,   601.88,   103.24
  349.43,   598.86,   228.20
  348.33,   595.84,   353.16
  349.57,   726.84,   106.26
  348.47,   723.82,   231.22
  347.37,   720.80,   356.17
  348.61,   851.80,   109.27
  347.51,   848.78,   234.23
  346.41,   845.76,   359.19
   99.69,   598.84,   226.45
   97.32,   598.14,   351.42
   94.94,   597.44,   476.40
   96.68,   723.80,   227.09
   94.30,   723.10,   352.07
   91.93,   722.40,   477.04
   93.66,   848.76,   227.74
   91.28,   848.06,   352.71
   88.91,   847.36,   477.69
  224.64,   601.84,   228.84
  222.26,   601.14,   353.82
  219.89,   600.44,   478.79
  221.62,   726.81,   229.48
  219.24,   726.10,   354.46
  216.87,   725.40,   479.43
  218.60,   851.77,   230.13
  216.22,   851.07,   355.10
  213.85,   850.37,   480.08
  349.58,   604.85,   231.23
  347.20,   604.15,   356.21
  344.83,   603.45,   481.18
  346.56,   729.81,   231.87
  344.18,   729.11,   356.85
  341.81,   728.41,   481.83
  343.54,   854.77,   232.52
  341.17,   854.07,   357.49
  338.79,   853.37,   482.47
  101.74,   600.92,   350.51
  101.92,   598.11,   475.48
  102.11,   595.31,   600.45
   98.97,   725.85,   353.32
   99.16,   723.05,   478.28
   99.35,   720.25,   603.25
   96.21,   850.79,   356.12
   96.40,   847.99,   481.09
   96.58,   845.18,   606.06
  226.71,   603.68,   350.38
  226.89,   600.88,   475.35
  227.08,   598.08,   600.32
  223.94,   728.62,   353.19
  224.13,   725.82,   478.16
  224.32,   723.01,   603.13
  221.18,   853.56,   356.00
  221.36,   850.76,   480.97
  221.55,   847.95,   605.94
  351.68,   606.45,   350.26
  351.86,   603.65,   475.23
  352.05,   600.84,   600.20
  348.91,   731.39,   353.07
  349.10,   728.58,   478.04
  349.28,   725.78,   603.00
  346.15,   856.33,   355.87
  346.33,   853.52,   480.84
  346.52,   850.72,   605.81
   99.75,   600.74,   474.58
   98.91,   600.98,   599.57
   98.07,   601.22,   724.57
   99.22,   725.74,   474.33
   98.38,   725.98,   599.33
   97.54,   726.21,   724.33
   98.70,   850.74,   474.09
   97.85,   850.98,   599.09
   97.01,   851.21,   724.09
  224.75,   601.27,   475.42
  223.90,   601.51,   600.41
  223.06,   601.74,   725.41
  224.22,   726.27,   475.18
  223.38,   726.50,   600.17
  222.54,   726.74,   725.17
  223.69,   851.27,   474.93
  222.85,   851.50,   599.93
  222.01,   851.74,   724.93
  349.74,   601.80,   476.26
  348.90,   602.03,   601.26
  348.06,   602.27,   726.25
  349.22,   726.80,   476.02
  348.37,   727.03,   601.01
  347.53,   727.27,   726.01
  348.69,   851.79,   475.77
  347.85,   852.03,   600.77
  347.01,   852.27,   725.77
  100.61,   600.17,   599.41
   99.77,   599.82,   724.40
   98.92,   599.47,   849.40
  101.66,   725.17,   599.77
  100.82,   724.81,   724.76
   99.98,   724.46,   849.76
  102.72,   850.16,   600.13
  101.88,   849.81,   725.12
  101.03,   849.46,   850.12
  225.60,   599.12,   600.25
  224.76,   598.76,   725.25
  223.92,   598.41,   850.24
  226.66,   724.11,   600.61
  225.81,   723.76,   725.61
  224.97,   723.40,   850.60
  227.71,   849.11,   600.97
  226.87,   848.75,   725.96
  226.02,   848.40,   850.96
  350.60,   598.06,   601.09
  349.75,   597.71,   726.09
  348.91,   597.35,   851.08
  351.65,   723.05,   601.45
  350.81,   722.70,   726.45
  349.96,   722.35,   851.44
  352.70,   848.05,   601.81
  351.86,   847.70,   726.81
  351.02,   847.34,   851.80
  226.96,   101.07,    99.76
  230.16,   103.58,   224.70
  233.36,   106.09,   349.63
  226.99,   226.05,    97.25
  230.19,   228.56,   222.18
  233.39,   231.07,   347.12
  227.01,   351.02,    94.74
  230.21,   353.53,   219.67
  233.41,   356.04,   344.61
  351.92,   100.99,    96.56
  355.12,   103.50,   221.50
  358.32,   106.00,   346.43
  351.94,   225.96,    94.05
  355.14,   228.47,   218.99
  358.35,   230.98,   343.92
  351.97,   350.94,    91.54
  355.17,   353.44,   216.47
  358.37,   355.95,   341.41
  476.88,   100.90,    93.36
  480.08,   103.41,   218.30
  483.28,   105.92,   343.23
  476.90,   225.87,    90.85
  480.10,   228.38,   215.79
  483.30,   230.89,   340.72
  476.93,   350.85,    88.34
  480.13,   353.36,   213.27
  483.33,   355.87,   338.21
  223.68,    99.54,   226.09
  220.06,   101.57,   351.02
  216.44,   103.60,   475.95
  220.53,   224.48,   223.97
  216.91,   226.52,   348.90
  213.29,   228.55,   473.83
  217.38,   349.43,   221.84
  213.76,   351.46,   346.78
  210.15,   353.49,   471.71
  348.59,   102.75,   229.65
  344.97,   104.78,   354.58
  341.35,   106.81,   479.52
  345.44,   227.69,   227.53
  341.82,   229.72,   352.46
  338.20,   231.75,   477.39
  342.29,   352.63,   225.41
  338.67,   354.66,   350.34
  335.05,   356.70,   475.27
  473.49,   105.96,   233.22
  469.88,   107.99,   358.15
  466.26,   110.02,   483.08
  470.35,   230.90,   231.10
  466.73,   232.93,   356.03
  463.11,   234.96,   480.96
  467.20,   355.84,   228.97
  463.58,   357.87,   353.91
  459.96,   359.90,   478.84
  225.26,    99.49,   350.66
  227.44,    99.52,   475.64
  229.62,    99.55,   600.62
  222.33,   224.46,   350.68
  224.51,   224.49,   475.66
  226.70,   224.51,   600.65
  219.40,   349.43,   350.71
  221.58,   349.45,   475.69
  223.77,   349.48,   600.67
  350.20,   102.42,   348.47
  352.39,   102.45,   473.46
  354.57,   102.47,   598.44
  347.27,   227.39,   348.50
  349.46,   227.41,   473.48
  351.64,   227.44,   598.46
  344.35,   352.35,   348.52
  346.53,   352.38,   473.50
  348.72,   352.41,   598.49
  475.15,   105.35,   346.29
  477.33,   105.38,   471.27
  479.52,   105.40,   596.25
  472.22,   230.32,   346.31
  474.41,   230.34,   471.30
  476.59,   230.37,   596.28
  469.29,   355.28,   346.34
  471.48,   355.31,   471.32
  473.66,   355.33,   596.30
  224.75,   100.33,   474.53
  227.01,    97.86,   599.48
  229.28,    95.40,   724.44
  226.28,   225.29,   476.96
  228.55,   222.83,   601.92
  230.82,   220.37,   726.88
  227.82,   350.26,   479.40
  230.09,   347.80,   604.36
  232.35,   345.33,   729.31
  349.72,    98.83,   472.23
  351.98,    96.37,   597.19
  354.25,    93.91,   722.14
  351.25,   223.80,   474.67
  353.52,   221.34,   599.62
  355.79,   218.87,   724.58
  352.79,   348.77,   477.11
  355.06,   346.30,   602.06
  357.32,   343.84,   727.02
  474.69,    97.34,   469.94
  476.95,    94.88,   594.89
  479.22,    92.42,   719.85
  476.22,   222.31,   472.37
  478.49,   219.85,   597.33
  480.76,   217.38,   722.29
  477.76,   347.28,   474.81
  480.03,   344.81,   599.77
  482.29,   342.35,   724.72
  226.14,    98.83,   601.83
  226.33,    96.07,   726.80
  226.52,    93.31,   851.77
  224.93,   223.79,   604.60
  225.12,   221.03,   729.57
  225.31,   218.27,   854.53
  223.71,   348.76,   607.36
  223.90,   346.00,   732.33
  224.09,   343.24,   857.30
  351.13,   100.05,   601.67
  351.32,    97.29,   726.64
  351.51,    94.53,   851.61
  349.92,   225.01,   604.43
  350.11,   222.25,   729.40
  350.30,   219.49,   854.37
  348.71,   349.98,   607.20
  348.90,   347.22,   732.16
  349.09,   344.46,   857.13
  476.13,   101.27,   601.51
  476.32,    98.51,   726.48
  476.51,    95.75,   851.45
  474.91,   226.23,   604.27
  475.10,   223.47,   729.24
  475.29,   220.71,   854.21
  473.70,   351.19,   607.03
  473.89,   348.43,   732.00
  474.08,   345.67,   856.97
  225.32,   226.80,    98.19
  221.87,   225.37,   223.14
  218.41,   223.94,   348.08
  227.51,   351.78,    99.68
  224.06,   350.35,   224.63
  220.61,   348.92,   349.57
  229.71,   476.75,   101.17
  226.25,   475.32,   226.12
  222.80,   473.89,   351.06
  350.25,   224.57,   101.62
  346.80,   223.14,   226.57
  343.35,   221.71,   351.51
  352.45,   349.54,   103.11
  348.99,   348.11,   228.06
  345.54,   346.68,   353.00
  354.64,   474.51,   104.60
  351.19,   473.08,   229.55
  347.73,   471.65,   354.49
  475.19,   222.34,   105.05
  471.73,   220.91,   229.99
  468.28,   219.48,   354.94
  477.38,   347.31,   106.54
  473.93,   345.88,   231.48
  470.47,   344.45,   356.43
  479.57,   472.28,   108.03
  476.12,   470.85,   232.98
  472.67,   469.42,   357.92
  225.53,   226.03,   226.55
  223.86,   227.82,   351.52
  222.18,   229.62,   476.50
  225.91,   351.01,   224.76
  224.23,   352.81,   349.73
  222.56,   354.60,   474.71
  226.29,   476.00,   222.97
  224.61,   477.80,   347.94
  222.94,   479.59,   472.92
  350.52,   225.67,   228.23
  348.84,   227.47,   353.21
  347.17,   229.26,   478.18
  350.90,   350.66,   226.44
  349.22,   352.46,   351.41
  347.55,   354.25,   476.39
  351.28,   475.65,   224.65
  349.60,   477.44,   349.62
  347.93,   479.24,   474.60
  475.51,   225.32,   229.91
  473.83,   227.11,   354.89
  472.16,   228.91,   479.86
  475.89,   350.31,   228.12
  474.21,   352.10,   353.10
  472.54,   353.90,   478.07
  476.26,   475.29,   226.33
  474.59,   477.09,   351.31
  472.91,   478.88,   476.28
  225.43,   223.88,   348.07
  223.88,   226.07,   473.04
  222.32,   228.26,   598.01
  226.72,   348.86,   345.90
  225.17,   351.04,   470.87
  223.61,   353.23,   595.84
  228.01,   473.83,   343.73
  226.46,   476.02,   468.70
  224.90,   478.21,   593.67
  350.41,   222.62,   349.65
  348.86,   224.81,   474.62
  347.30,   226.99,   599.59
  351.70,   347.59,   347.48
  350.15,   349.78,   472.45
  348.60,   351.97,   597.42
  353.00,   472.57,   345.30
  351.44,   474.75,   470.27
  349.89,   476.94,   595.24
  475.40,   221.35,   351.22
  473.84,   223.54,   476.20
  472.29,   225.73,   601.17
  476.69,   346.33,   349.05
  475.13,   348.52,   474.02
  473.58,   350.70,   598.99
  477.98,   471.30,   346.88
  476.42,   473.49,   471.85
  474.87,   475.68,   596.82
  223.78,   224.09,   475.22
  224.51,   227.57,   600.17
  225.24,   231.04,   725.12
  224.35,   349.04,   471.75
  225.08,   352.52,   596.70
  225.81,   355.99,   721.65
  224.91,   473.99,   468.27
  225.65,   477.47,   593.22
  226.38,   480.94,   718.17
  348.78,   223.51,   474.51
  349.51,   226.98,   599.46
  350.24,   230.45,   724.41
  349.34,   348.46,   471.03
  350.07,   351.93,   595.98
  350.81,   355.40,   720.93
  349.91,   473.41,   467.55
  350.64,   476.88,   592.50
  351.37,   480.35,   717.45
  473.77,   222.92,   473.79
  474.50,   226.39,   598.74
  475.24,   229.86,   723.69
  474.34,   347.87,   470.31
  475.07,   351.34,   595.26
  475.80,   354.81,   720.21
  474.91,   472.82,   466.84
  475.64,   476.29,   591.79
  476.37,   479.76,   716.74
  226.79,   224.39,   600.16
  225.58,   222.18,   725.14
  224.37,   219.98,   850.11
  223.54,   349.33,   602.34
  222.32,   347.12,   727.31
  221.11,   344.92,   852.29
  220.28,   474.27,   604.51
  219.07,   472.06,   729.49
  217.86,   469.85,   854.46
  351.74,   227.63,   601.43
  350.53,   225.42,   726.40
  349.32,   223.21,   851.38
  348.49,   352.56,   603.61
  347.28,   350.36,   728.58
  346.06,   348.15,   853.55
  345.23,   477.50,   605.78
  344.02,   475.29,   730.76
  342.81,   473.09,   855.73
  476.69,   230.86,   602.70
  475.48,   228.65,   727.67
  474.27,   226.44,   852.65
  473.44,   355.80,   604.87
  472.23,   353.59,   729.85
  471.02,   351.38,   854.82
  470.19,   480.74,   607.05
  468.97,   478.53,   732.02
  467.76,   476.32,   857.00
  226.68,   350.17,    99.85
  223.95,   348.53,   224.80
  221.21,   346.88,   349.76
  225.09,   475.15,   101.46
  222.36,   473.51,   226.42
  219.63,   471.86,   351.37
  223.51,   600.13,   103.07
  220.77,   598.48,   228.03
  218.04,   596.84,   352.99
  351.64,   351.72,   102.60
  348.91,   350.08,   227.56
  346.17,   348.43,   352.52
  350.05,   476.70,   104.21
  347.32,   475.05,   229.17
  344.59,   473.41,   354.13
  348.47,   601.68,   105.82
  345.73,   600.03,   230.78
  343.00,   598.39,   355.74
  476.60,   353.27,   105.35
  473.87,   351.63,   230.31
  471.13,   349.98,   355.27
  475.01,   478.25,   106.96
  472.28,   476.60,   231.92
  469.55,   474.96,   356.88
  473.43,   603.23,   108.57
  470.69,   601.58,   233.53
  467.96,   599.94,   358.49
  225.13,   351.52,   224.34
  228.23,   354.44,   349.27
  231.33,   357.36,   474.20
  225.11,   476.49,   221.42
  228.21,   479.41,   346.35
  231.31,   482.33,   471.28
  225.09,   601.45,   218.50
  228.19,   604.37,   343.43
  231.29,   607.29,   468.36
  350.10,   351.47,   221.25
  353.19,   354.39,   346.17
  356.29,   357.31,   471.10
  350.07,   476.44,   218.33
  353.17,   479.36,   343.25
  356.27,   482.27,   468.18
  350.05,   601.40,   215.40
  353.15,   604.32,   340.33
  356.25,   607.24,   465.26
  475.06,   351.42,   218.15
  478.16,   354.34,   343.08
  481.25,   357.26,   468.00
  475.04,   476.38,   215.23
  478.13,   479.30,   340.16
  481.23,   482.22,   465.08
  475.02,   601.35,   212.31
  478.11,   604.27,   337.24
  481.21,   607.19,   462.16
  225.70,   351.88,   348.04
  227.95,   351.58,   473.02
  230.20,   351.28,   598.00
  222.53,   476.84,   348.39
  224.79,   476.54,   473.37
  227.04,   476.24,   598.35
  219.37,   601.80,   348.75
  221.62,   601.50,   473.73
  223.87,   601.20,   598.71
  350.64,   355.05,   345.80
  352.89,   354.75,   470.78
  355.14,   354.46,   595.75
  347.47,   480.01,   346.15
  349.73,   479.71,   471.13
  351.98,   479.41,   596.11
  344.31,   604.97,   346.51
  346.56,   604.67,   471.48
  348.81,   604.37,   596.46
  475.58,   358.22,   343.55
  477.83,   357.92,   468.53
  480.08,   357.63,   593.51
  472.41,   483.18,   343.91
  474.66,   482.88,   468.89
  476.92,   482.59,   593.87
  469.25,   608.14,   344.26
  471.50,   607.84,   469.24
  473.75,   607.55,   594.22
  224.53,   350.06,   476.94
  228.05,   351.87,   601.88
  231.57,   353.69,   726.82
  223.25,   475.04,   475.16
  226.77,   476.85,   600.10
  230.29,   478.67,   725.04
  221.96,   600.02,   473.38
  225.48,   601.83,   598.32
  229.00,   603.65,   723.26
  349.47,   351.29,   473.41
  352.99,   353.11,   598.34
  356.51,   354.92,   723.28
  348.19,   476.27,   471.63
  351.71,   478.09,   596.56
  355.23,   479.90,   721.50
  346.91,   601.25,   469.84
  350.43,   603.07,   594.78
  353.95,   604.88,   719.72
  474.42,   352.52,   469.87
  477.94,   354.34,   594.81
  481.46,   356.15,   719.74
  473.13,   477.50,   468.09
  476.65,   479.32,   593.02
  480.17,   481.13,   717.96
  471.85,   602.48,   466.31
  475.37,   604.30,   591.24
  478.89,   606.12,   716.18
  225.15,   351.52,   600.13
  225.06,   354.28,   725.10
  224.96,   357.04,   850.07
  223.43,   476.48,   597.37
  223.33,   479.24,   722.34
  223.24,   482.00,   847.31
  221.70,   601.44,   594.61
  221.61,   604.20,   719.58
  221.51,   606.96,   844.55
  350.14,   353.25,   600.19
  350.05,   356.01,   725.15
  349.95,   358.77,   850.12
  348.41,   478.21,   597.42
  348.32,   480.97,   722.39
  348.23,   483.73,   847.36
  346.69,   603.16,   594.66
  346.59,   605.93,   719.63
  346.50,   608.69,   844.60
  475.13,   354.98,   600.24
  475.03,   357.74,   725.21
  474.94,   360.50,   850.18
  473.40,   479.93,   597.48
  473.31,   482.69,   722.45
  473.21,   485.45,   847.42
  471.68,   604.89,   594.72
  471.58,   607.65,   719.69
  471.49,   610.41,   844.66
  223.87,   475.75,    98.56
  220.54,   472.71,   223.48
  217.20,   469.68,   348.39
  223.73,   600.72,   101.59
  220.40,   597.68,   226.51
  217.06,   594.64,   351.43
  223.59,   725.68,   104.63
  220.25,   722.64,   229.55
  216.92,   719.60,   354.46
  348.83,   475.81,   101.89
  345.49,   472.77,   226.81
  342.16,   469.74,   351.73
  348.69,   600.78,   104.93
  345.35,   597.74,   229.85
  342.02,   594.70,   354.77
  348.54,   725.74,   107.96
  345.21,   722.70,   232.88
  341.88,   719.66,   357.80
  473.78,   475.87,   105.23
  470.45,   472.83,   230.15
  467.11,   469.80,   355.07
  473.64,   600.84,   108.27
  470.31,   597.80,   233.18
  466.97,   594.76,   358.10
  473.50,   725.80,   111.30
  470.17,   722.76,   236.22
  466.83,   719.72,   361.14
  225.45,   476.58,   223.43
  228.00,   476.42,   348.40
  230.56,   476.26,   473.37
  227.75,   601.56,   223.54
  230.31,   601.40,   348.51
  232.87,   601.24,   473.49
  230.06,   726.54,   223.65
  232.62,   726.38,   348.63
  235.18,   726.22,   473.60
  350.40,   474.27,   220.87
  352.95,   474.11,   345.84
  355.51,   473.95,   470.81
  352.71,   599.25,   220.98
  355.26,   599.09,   345.95
  357.82,   598.93,   470.93
  355.02,   724.23,   221.09
  357.57,   724.07,   346.07
  360.13,   723.91,   471.04
  475.35,   471.97,   218.31
  477.91,   471.81,   343.28
  480.46,   471.65,   468.26
  477.66,   596.94,   218.42
  480.22,   596.79,   343.39
  482.77,   596.63,   468.37
  479.97,   721.92,   218.53
  482.53,   721.76,   343.51
  485.08,   721.60,   468.48
  225.47,   476.63,   349.23
  227.71,   475.69,   474.21
  229.94,   474.75,   599.18
  227.30,   601.61,   350.14
  229.54,   600.67,   475.11
  231.78,   599.73,   600.09
  229.13,   726.59,   351.04
  231.37,   725.66,   476.02
  233.61,   724.72,   600.99
  350.43,   474.81,   346.98
  352.67,   473.87,   471.96
  354.91,   472.94,   596.93
  352.27,   599.80,   347.88
  354.50,   598.86,   472.86
  356.74,   597.92,   597.84
  354.10,   724.78,   348.79
  356.34,   723.84,   473.77
  358.57,   722.90,   598.74
  475.40,   473.00,   344.73
  477.64,   472.06,   469.70
  479.88,   471.12,   594.68
  477.23,   597.98,   345.63
  479.47,   597.04,   470.61
  481.71,   596.10,   595.59
  479.06,   722.96,   346.54
  481.30,   722.03,   471.52
  483.54,   721.09,   596.49
  225.03,   476.78,   473.53
  221.75,   473.62,   598.44
  218.47,   470.45,   723.36
  223.77,   601.74,   476.66
  220.49,   598.57,   601.58
  217.21,   595.41,   726.49
  222.52,   726.69,   479.79
  219.24,   723.53,   604.71
  215.96,   720.36,   729.63
  349.98,   477.96,   476.84
  346.70,   474.79,   601.76
  343.42,   471.63,   726.67
  348.73,   602.91,   479.97
  345.45,   599.75,   604.89
  342.16,   596.58,   729.81
  347.47,   727.86,   483.11
  344.19,   724.70,   608.02
  340.91,   721.53,   732.94
  474.93,   479.13,   480.15
  471.65,   475.96,   605.07
  468.37,   472.80,   729.98
  473.68,   604.08,   483.28
  470.40,   600.92,   608.20
  467.12,   597.75,   733.12
  472.42,   729.04,   486.42
  469.14,   725.87,   611.33
  465.86,   722.71,   736.25
  226.17,   473.52,   601.76
  225.76,   472.90,   726.75
  225.35,   472.28,   851.75
  229.41,   598.48,   602.39
  229.00,   597.86,   727.39
  228.59,   597.23,   852.39
  232.64,   723.44,   603.02
  232.23,   722.81,   728.02
  231.82,   722.19,   853.02
  351.13,   470.29,   602.15
  350.72,   469.66,   727.15
  350.31,   469.04,   852.15
  354.36,   595.24,   602.78
  353.95,   594.62,   727.78
  353.54,   594.00,   852.78
  357.60,   720.20,   603.42
  357.19,   719.58,   728.42
  356.78,   718.95,   853.41
  476.08,   467.05,   602.54
  475.67,   466.42,   727.54
  475.26,   465.80,   852.54
  479.32,   592.00,   603.18
  478.91,   591.38,   728.17
  478.50,   590.76,   853.17
  482.56,   716.96,   603.81
  482.15,   716.34,   728.81
  481.74,   715.71,   853.81
  225.73,   601.24,   101.47
  223.02,   600.74,   226.44
  220.31,   600.24,   351.41
  228.52,   726.21,   102.03
  225.81,   725.71,   227.00
  223.11,   725.21,   351.97
  231.32,   851.18,   102.59
  228.61,   850.68,   227.56
  225.90,   850.18,   352.53
  350.67,   598.43,   104.17
  347.96,   597.94,   229.13
  345.25,   597.44,   354.10
  353.46,   723.40,   104.73
  350.75,   722.90,   229.70
  348.05,   722.40,   354.66
  356.26,   848.37,   105.29
  353.55,   847.87,   230.26
  350.84,   847.37,   355.22
  475.60,   595.63,   106.86
  472.90,   595.13,   231.83
  470.19,   594.63,   356.80
  478.40,   720.59,   107.42
  475.69,   720.09,   232.39
  472.99,   719.60,   357.36
  481.20,   845.56,   107.98
  478.49,   845.06,   232.95
  475.78,   844.56,   357.92
  223.30,   598.82,   224.69
  223.02,   598.88,   349.69
  222.75,   598.93,   474.69
  221.36,   723.80,   224.63
  221.09,   723.86,   349.63
  220.82,   723.92,   474.63
  219.43,   848.79,   224.57
  219.16,   848.85,   349.57
  218.89,   848.90,   474.57
  348.28,   600.75,   224.96
  348.01,   600.81,   349.96
  347.74,   600.87,   474.96
  346.35,   725.73,   224.90
  346.08,   725.79,   349.90
  345.80,   725.85,   474.90
  344.42,   850.72,   224.84
  344.14,   850.78,   349.84
  343.87,   850.84,   474.84
  473.27,   602.68,   225.24
  472.99,   602.74,   350.24
  472.72,   602.80,   475.24
  471.33,   727.67,   225.17
  471.06,   727.72,   350.17
  470.79,   727.78,   475.17
  469.40,   852.65,   225.11
  469.13,   852.71,   350.11
  468.86,   852.77,   475.11
  226.00,   598.96,   349.41
  224.46,   597.63,   474.39
  222.92,   596.31,   599.37
  225.24,   723.95,   350.72
  223.70,   722.63,   475.70
  222.16,   721.30,   600.69
  224.48,   848.94,   352.04
  222.94,   847.62,   477.02
  221.40,   846.29,   602.00
  350.99,   599.70,   350.95
  349.45,   598.38,   475.94
  347.91,   597.06,   600.92
  350.23,   724.70,   352.27
  348.69,   723.37,   477.25
  347.15,   722.05,   602.24
  349.46,   849.69,   353.58
  347.92,   848.36,   478.57
  346.39,   847.04,   603.55
  475.98,   600.45,   352.50
  474.44,   599.13,   477.49
  472.90,   597.80,   602.47
  475.22,   725.44,   353.82
  473.68,   724.12,   478.80
  472.14,   722.79,   603.78
  474.45,   850.43,   355.13
  472.91,   849.11,   480.11
  471.37,   847.78,   605.10
  226.69,   598.42,   475.61
  228.43,   601.48,   600.56
  230.16,   604.54,   725.51
  225.61,   723.38,   472.57
  227.34,   726.44,   597.52
  229.08,   729.50,   722.47
  224.52,   848.34,   469.52
  226.26,   851.40,   594.47
  228.00,   854.46,   719.42
  351.67,   599.46,   473.85
  353.41,   602.52,   598.80
  355.15,   605.58,   723.75
  350.59,   724.42,   470.80
  352.33,   727.48,   595.75
  354.06,   730.54,   720.71
  349.51,   849.38,   467.76
  351.24,   852.44,   592.71
  352.98,   855.50,   717.66
  476.66,   600.51,   472.09
  478.39,   603.56,   597.04
  480.13,   606.62,   721.99
  475.57,   725.46,   469.04
  477.31,   728.52,   593.99
  479.05,   731.58,   718.94
  474.49,   850.42,   466.00
  476.23,   853.48,   590.95
  477.96,   856.54,   715.90
  226.40,   600.94,   598.53
  227.48,   602.25,   723.51
  228.56,   603.55,   848.50
  226.64,   725.94,   597.22
  227.72,   727.24,   722.21
  228.80,   728.55,   847.20
  226.88,   850.93,   595.91
  227.96,   852.23,   720.90
  229.04,   853.54,   845.89
  351.40,   600.69,   597.45
  352.48,   602.00,   722.44
  353.56,   603.30,   847.43
  351.64,   725.69,   596.14
  352.72,   726.99,   721.13
  353.79,   728.29,   846.12
  351.87,   850.68,   594.84
  352.95,   851.98,   719.82
  354.03,   853.29,   844.81
  476.39,   600.44,   596.37
  477.47,   601.75,   721.36
  478.55,   603.05,   846.35
  476.63,   725.43,   595.07
  477.71,   726.74,   720.05
  478.79,   728.04,   845.04
  476.87,   850.43,   593.76
  477.95,   851.73,   718.75
  479.03,   853.04,   843.74
  351.45,   100.42,    98.40
  352.27,   103.80,   223.35
  353.09,   107.18,   348.30
  354.57,   225.34,    95.00
  355.39,   228.72,   219.95
  356.21,   232.10,   344.90
  357.68,   350.25,    91.60
  358.50,   353.63,   216.55
  359.32,   357.01,   341.50
  476.41,    97.28,    97.66
  477.23,   100.67,   222.61
  478.05,   104.05,   347.57
  479.53,   222.20,    94.26
  480.35,   225.58,   219.21
  481.17,   228.96,   344.17
  482.64,   347.11,    90.86
  483.46,   350.49,   215.82
  484.28,   353.88,   340.77
  601.37,    94.15,    96.93
  602.19,    97.53,   221.88
  603.01,   100.91,   346.83
  604.49,   219.06,    93.53
  605.31,   222.44,   218.48
  606.13,   225.82,   343.43
  607.60,   343.98,    90.13
  608.42,   347.36,   215.08
  609.24,   350.74,   340.03
  349.63,   100.69,   224.38
  351.45,   103.96,   349.33
  353.26,   107.22,   474.27
  351.18,   225.64,   221.10
  353.00,   228.90,   346.04
  354.82,   232.17,   470.98
  352.74,   350.59,   217.81
  354.55,   353.85,   342.75
  356.37,   357.11,   467.70
  474.61,    99.09,   222.61
  476.42,   102.36,   347.55
  478.24,   105.62,   472.49
  476.16,   224.04,   219.32
  477.98,   227.30,   344.26
  479.79,   230.56,   469.21
  477.71,   348.99,   216.04
  479.53,   352.25,   340.98
  481.35,   355.51,   465.92
  599.58,    97.49,   220.83
  601.40,   100.75,   345.78
  603.22,   104.02,   470.72
  601.14,   222.44,   217.55
  602.95,   225.70,   342.49
  604.77,   228.96,   467.43
  602.69,   347.39,   214.26
  604.51,   350.65,   339.20
  606.32,   353.91,   464.15
  350.05,   100.38,   350.62
  348.95,   103.81,   475.57
  347.85,   107.25,   600.52
  353.78,   225.28,   347.23
  352.68,   228.71,   472.17
  351.58,   232.14,   597.12
  357.51,   350.18,   343.83
  356.40,   353.61,   468.78
  355.30,   357.04,   593.73
  474.99,    96.69,   351.83
  473.89,   100.12,   476.78
  472.79,   103.55,   601.72
  478.72,   221.59,   348.43
  477.62,   225.02,   473.38
  476.52,   228.45,   598.33
  482.45,   346.48,   345.03
  481.34,   349.92,   469.98
  480.24,   353.35,   594.93
  599.93,    92.99,   353.03
  598.83,    96.42,   477.98
  597.73,    99.86,   602.93
  603.66,   217.89,   349.63
  602.56,   221.32,   474.58
  601.45,   224.75,   599.53
  607.39,   342.79,   346.24
  606.28,   346.22,   471.19
  605.18,   349.65,   596.13
  350.11,    99.90,   476.78
  350.91,   102.63,   601.75
  351.70,   105.36,   726.72
  352.95,   224.84,   474.04
  353.74,   227.57,   599.01
  354.53,   230.30,   723.97
  355.78,   349.78,   471.29
  356.57,   352.51,   596.26
  357.37,   355.23,   721.23
  475.08,    97.05,   476.05
  475.87,    99.78,   601.02
  476.66,   102.51,   725.99
  477.91,   221.99,   473.31
  478.71,   224.72,   598.28
  479.50,   227.45,   723.24
  480.75,   346.93,   470.56
  481.54,   349.66,   595.53
  482.33,   352.38,   720.50
  600.04,    94.20,   475.32
  600.84,    96.93,   600.29
  601.63,    99.66,   725.26
  602.88,   219.14,   472.58
  603.67,   221.87,   597.54
  604.46,   224.59,   722.51
  605.71,   344.08,   469.83
  606.50,   346.80,   594.80
  607.30,   349.53,   719.77
  350.57,    99.73,   600.40
  352.75,    96.74,   725.34
  354.93,    93.76,   850.29
  352.92,   224.67,   603.34
  355.09,   221.69,   728.29
  357.27,   218.70,   853.23
  355.26,   349.61,   606.29
  357.44,   346.63,   731.23
  359.62,   343.64,   856.18
  475.53,    97.43,   598.16
  477.71,    94.45,   723.11
  479.89,    91.46,   848.06
  477.87,   222.38,   601.11
  480.05,   219.39,   726.05
  482.23,   216.41,   851.00
  480.22,   347.32,   604.05
  482.40,   344.34,   729.00
  484.58,   341.35,   853.94
  600.49,    95.14,   595.93
  602.67,    92.16,   720.88
  604.84,    89.17,   845.82
  602.83,   220.08,   598.88
  605.01,   217.10,   723.82
  607.19,   214.12,   848.77
  605.18,   345.03,   601.82
  607.36,   342.04,   726.76
  609.53,   339.06,   851.71
  349.08,   225.04,   101.31
  351.63,   221.78,   226.24
  354.17,   218.53,   351.17
  346.14,   349.96,   104.63
  348.68,   346.71,   229.56
  351.22,   343.45,   354.49
  343.19,   474.88,   107.94
  345.73,   471.63,   232.87
  348.27,   468.37,   357.81
  474.02,   228.05,    98.84
  476.57,   224.80,   223.78
  479.11,   221.54,   348.71
  471.07,   352.98,   102.16
  473.62,   349.72,   227.09
  476.16,   346.46,   352.02
  468.13,   477.90,   105.48
  470.67,   474.64,   230.41
  473.21,   471.38,   355.34
  598.96,   231.07,    96.38
  601.50,   227.81,   221.31
  604.05,   224.55,   346.24
  596.01,   355.99,    99.70
  598.56,   352.73,   224.63
  601.10,   349.48,   349.56
  593.07,   480.91,   103.01
  595.61,   477.65,   227.94
  598.15,   474.40,   352.88
  348.22,   226.99,   226.09
  348.12,   226.65,   351.09
  348.02,   226.31,   476.09
  345.74,   351.97,   226.42
  345.64,   351.63,   351.42
  345.54,   351.29,   476.42
  343.26,   476.94,   226.76
  343.16,   476.60,   351.76
  343.06,   476.26,   476.76
  473.20,   229.47,   226.19
  473.10,   229.14,   351.19
  473.00,   228.80,   476.19
  470.71,   354.45,   226.53
  470.62,   354.11,   351.53
  470.52,   353.77,   476.53
  468.23,   479.42,   226.87
  468.13,   479.08,   351.87
  468.03,   478.75,   476.87
  598.17,   231.96,   226.30
  598.07,   231.62,   351.30
  597.97,   231.28,   476.30
  595.69,   356.93,   226.64
  595.59,   356.59,   351.64
  595.49,   356.25,   476.64
  593.21,   481.91,   226.97
  593.11,   481.57,   351.97
  593.01,   481.23,   476.97
  349.92,   226.12,   350.97
  346.50,   227.12,   475.92
  343.07,   228.11,   600.87
  351.95,   351.10,   350.03
  348.52,   352.10,   474.98
  345.10,   353.09,   599.93
  353.97,   476.08,   349.09
  350.54,   477.08,   474.04
  347.12,   478.07,   598.99
  474.86,   224.12,   354.41
  471.44,   225.12,   479.36
  468.01,   226.12,   604.31
  476.88,   349.10,   353.47
  473.46,   350.10,   478.42
  470.03,   351.10,   603.37
  478.90,   474.08,   352.53
  475.48,   475.08,   477.48
  472.05,   476.08,   602.43
  599.80,   222.13,   357.85
  596.37,   223.12,   482.80
  592.95,   224.12,   607.75
  601.82,   347.11,   356.91
  598.39,   348.10,   481.86
  594.97,   349.10,   606.81
  603.84,   472.09,   355.97
  600.42,   473.08,   480.92
  596.99,   474.08,   605.87
  348.26,   224.22,   476.95
  345.98,   221.93,   601.91
  343.69,   219.65,   726.86
  351.55,   349.15,   479.29
  349.26,   346.87,   604.25
  346.98,   344.58,   729.21
  354.84,   474.09,   481.64
  352.55,   471.80,   606.60
  350.26,   469.52,   731.55
  473.20,   220.89,   479.17
  470.91,   218.61,   604.13
  468.62,   216.32,   729.09
  476.49,   345.83,   481.52
  474.20,   343.54,   606.48
  471.91,   341.25,   731.44
  479.78,   470.76,   483.86
  477.49,   468.47,   608.82
  475.20,   466.19,   733.78
  598.14,   217.56,   481.40
  595.85,   215.28,   606.36
  593.56,   212.99,   731.32
  601.42,   342.50,   483.75
  599.14,   340.21,   608.70
  596.85,   337.93,   733.66
  604.71,   467.43,   486.09
  602.42,   465.15,   611.05
  600.14,   462.86,   736.01
  348.65,   224.15,   598.54
  346.43,   221.71,   723.49
  344.21,   219.28,   848.45
  346.40,   349.11,   600.93
  344.18,   346.67,   725.89
  341.97,   344.24,   850.85
  344.16,   474.06,   603.33
  341.94,   471.63,   728.28
  339.72,   469.19,   853.24
  473.61,   226.35,   600.80
  471.39,   223.92,   725.76
  469.17,   221.48,   850.71
  471.36,   351.31,   603.20
  469.14,   348.88,   728.15
  466.93,   346.44,   853.11
  469.12,   476.27,   605.59
  466.90,   473.83,   730.55
  464.68,   471.40,   855.50
  598.57,   228.56,   603.06
  596.35,   226.12,   728.02
  594.13,   223.69,   852.98
  596.32,   353.51,   605.46
  594.11,   351.08,   730.42
  591.89,   348.64,   855.37
  594.08,   478.47,   607.85
  591.86,   476.04,   732.81
  589.64,   473.60,   857.77
  351.68,   349.92,   101.51
  349.11,   346.64,   226.44
  346.54,   343.36,   351.38
  349.38,   474.86,   104.75
  346.82,   471.58,   229.68
  344.25,   468.30,   354.61
  347.09,   599.80,   107.98
  344.52,   596.52,   232.91
  341.95,   593.24,   357.84
  476.63,   352.15,   104.14
  474.06,   348.87,   229.07
  471.49,   345.59,   354.00
  474.34,   477.09,   107.37
  471.77,   473.81,   232.31
  469.20,   470.53,   357.24
  472.04,   602.02,   110.61
  469.47,   598.74,   235.54
  466.91,   595.46,   360.47
  601.58,   354.38,   106.77
  599.02,   351.10,   231.70
  596.45,   347.82,   356.63
  599.29,   479.31,   110.00
  596.72,   476.03,   234.93
  594.15,   472.75,   359.86
  597.00,   604.25,   113.23
  594.43,   600.97,   238.17
  591.86,   597.69,   363.10
  351.12,   351.59,   224.92
  353.85,   347.99,   349.83
  356.58,   344.40,   474.75
  351.95,   476.54,   228.49
  354.68,   472.94,   353.41
  357.41,   469.34,   478.33
  352.77,   601.48,   232.07
  355.51,   597.89,   356.99
  358.24,   594.29,   481.91
  476.08,   350.84,   222.16
  478.82,   347.24,   347.08
  481.55,   343.65,   472.00
  476.91,   475.79,   225.74
  479.65,   472.19,   350.66
  482.38,   468.59,   475.57
  477.74,   600.73,   229.32
  480.48,   597.14,   354.23
  483.21,   593.54,   479.15
  601.05,   350.09,   219.40
  603.78,   346.49,   344.32
  606.52,   342.90,   469.24
  601.88,   475.04,   222.98
  604.61,   471.44,   347.90
  607.35,   467.84,   472.82
  602.71,   599.98,   226.56
  605.44,   596.39,   351.48
  608.18,   592.79,   476.40
  350.02,   348.97,   350.83
  353.53,   348.52,   475.78
  357.04,   348.06,   600.73
  350.72,   473.97,   351.26
  354.23,   473.51,   476.21
  357.74,   473.06,   601.16
  351.42,   598.96,   351.69
  354.93,   598.51,   476.64
  358.44,   598.06,   601.59
  474.97,   348.28,   347.31
  478.48,   347.83,   472.26
  481.99,   347.38,   597.21
  475.67,   473.28,   347.75
  479.18,   472.83,   472.70
  482.69,   472.38,   597.65
  476.37,   598.28,   348.18
  479.88,   597.82,   473.13
  483.39,   597.37,   598.08
  599.92,   347.60,   343.80
  603.43,   347.14,   468.75
  606.94,   346.69,   593.70
  600.62,   472.59,   344.23
  604.13,   472.14,   469.18
  607.64,   471.69,   594.13
  601.31,   597.59,   344.67
  604.83,   597.14,   469.62
  608.34,   596.69,   594.57
  349.19,   351.04,   474.37
  351.74,   348.21,   599.31
  354.29,   345.39,   724.25
  351.01,   476.00,   477.16
  353.56,   473.17,   602.10
  356.12,   470.34,   727.04
  352.84,   600.95,   479.95
  355.39,   598.13,   604.89
  357.94,   595.30,   729.83
  474.15,   349.27,   471.78
  476.70,   346.45,   596.72
  479.25,   343.62,   721.66
  475.97,   474.23,   474.57
  478.53,   471.40,   599.51
  481.08,   468.58,   724.45
  477.80,   599.19,   477.36
  480.35,   596.36,   602.30
  482.90,   593.53,   727.24
  599.11,   347.51,   469.18
  601.66,   344.68,   594.13
  604.21,   341.85,   719.07
  600.93,   472.46,   471.97
  603.49,   469.64,   596.92
  606.04,   466.81,   721.86
  602.76,   597.42,   474.76
  605.31,   594.59,   599.71
  607.86,   591.76,   724.65
  351.97,   348.57,   598.44
  354.47,   346.01,   723.39
  356.96,   343.44,   848.34
  349.55,   473.52,   601.06
  352.04,   470.95,   726.01
  354.54,   468.39,   850.96
  347.12,   598.47,   603.68
  349.62,   595.90,   728.62
  352.12,   593.34,   853.57
  476.92,   351.05,   596.00
  479.42,   348.48,   720.95
  481.91,   345.91,   845.89
  474.50,   476.00,   598.61
  476.99,   473.43,   723.56
  479.49,   470.86,   848.51
  472.08,   600.94,   601.23
  474.57,   598.38,   726.18
  477.07,   595.81,   851.13
  601.87,   353.52,   593.55
  604.37,   350.95,   718.50
  606.87,   348.38,   843.45
  599.45,   478.47,   596.17
  601.95,   475.90,   721.11
  604.44,   473.33,   846.06
  597.03,   603.42,   598.78
  599.52,   600.85,   723.73
  602.02,   598.28,   848.68
  351.16,   473.80,   100.67
  350.32,   470.09,   225.62
  349.48,   466.39,   350.56
  353.24,   598.72,   104.39
  352.40,   595.02,   229.33
  351.55,   591.32,   354.28
  355.31,   723.65,   108.11
  354.47,   719.95,   233.05
  353.63,   716.24,   357.99
  476.14,   471.70,   101.45
  475.30,   467.99,   226.39
  474.46,   464.29,   351.34
  478.22,   596.62,   105.17
  477.38,   592.92,   230.11
  476.53,   589.22,   355.05
  480.29,   721.55,   108.89
  479.45,   717.85,   233.83
  478.61,   714.14,   358.77
  601.12,   469.60,   102.23
  600.28,   465.89,   227.17
  599.44,   462.19,   352.12
  603.20,   594.52,   105.95
  602.35,   590.82,   230.89
  601.51,   587.12,   355.83
  605.27,   719.45,   109.67
  604.43,   715.75,   234.61
  603.59,   712.04,   359.55
  351.61,   475.28,   224.61
  350.78,   475.54,   349.61
  349.94,   475.80,   474.60
  354.92,   600.24,   224.37
  354.09,   600.50,   349.37
  353.25,   600.76,   474.37
  358.23,   725.20,   224.14
  357.40,   725.45,   349.13
  356.56,   725.71,   474.13
  476.57,   471.98,   225.45
  475.73,   472.23,   350.45
  474.90,   472.49,   475.44
  479.87,   596.93,   225.21
  479.04,   597.19,   350.21
  478.21,   597.45,   475.21
  483.18,   721.89,   224.98
  482.35,   722.15,   349.98
  481.51,   722.40,   474.97
  601.52,   468.67,   226.29
  600.68,   468.93,   351.29
  599.85,   469.18,   476.29
  604.83,   593.62,   226.06
  603.99,   593.88,   351.05
  603.16,   594.14,   476.05
  608.14,   718.58,   225.82
  607.30,   718.84,   350.82
  606.47,   719.10,   475.81
  349.39,   475.22,   350.66
  350.95,   474.64,   475.65
  352.50,   474.06,   600.64
  349.68,   600.21,   351.24
  351.24,   599.64,   476.22
  352.80,   599.06,   601.21
  349.97,   725.21,   351.81
  351.53,   724.63,   476.80
  353.09,   724.05,   601.79
  474.38,   474.93,   349.10
  475.94,   474.35,   474.09
  477.49,   473.77,   599.08
  474.67,   599.93,   349.68
  476.23,   599.35,   474.67
  477.79,   598.77,   599.65
  474.96,   724.93,   350.25
  476.52,   724.35,   475.24
  478.08,   723.77,   600.23
  599.37,   474.65,   347.54
  600.93,   474.07,   472.53
  602.48,   473.49,   597.52
  599.66,   599.64,   348.12
  601.22,   599.06,   473.11
  602.78,   598.49,   598.09
  599.95,   724.64,   348.69
  601.51,   724.06,   473.68
  603.07,   723.48,   598.67
  351.98,   473.14,   474.08
  350.98,   471.42,   599.07
  349.99,   469.70,   724.05
  353.53,   598.12,   475.82
  352.53,   596.40,   600.80
  351.54,   594.68,   725.78
  355.08,   723.09,   477.55
  354.08,   721.37,   602.53
  353.09,   719.65,   727.52
  476.97,   471.57,   475.06
  475.97,   469.85,   600.04
  474.98,   468.13,   725.02
  478.51,   596.55,   476.79
  477.52,   594.83,   601.77
  476.53,   593.11,   726.76
  480.06,   721.53,   478.52
  479.07,   719.81,   603.50
  478.07,   718.09,   728.49
  601.95,   470.01,   476.03
  600.96,   468.29,   601.01
  599.96,   466.57,   726.00
  603.50,   594.99,   477.76
  602.51,   593.27,   602.75
  601.51,   591.55,   727.73
  605.05,   719.97,   479.49
  604.06,   718.25,   604.48
  603.06,   716.53,   729.46
  351.63,   474.79,   598.32
  352.34,   473.62,   723.32
  353.06,   472.45,   848.31
  351.30,   599.79,   599.50
  352.02,   598.61,   724.49
  352.74,   597.44,   849.48
  350.98,   724.78,   600.67
  351.70,   723.61,   725.67
  352.41,   722.44,   850.66
  476.63,   475.12,   597.61
  477.34,   473.95,   722.60
  478.06,   472.78,   847.60
  476.30,   600.12,   598.79
  477.02,   598.95,   723.78
  477.73,   597.77,   848.77
  475.98,   725.11,   599.96
  476.69,   723.94,   724.95
  477.41,   722.77,   849.94
  601.62,   475.46,   596.90
  602.34,   474.28,   721.89
  603.06,   473.11,   846.88
  601.30,   600.45,   598.07
  602.02,   599.28,   723.06
  602.73,   598.11,   848.06
  600.97,   725.44,   599.25
  601.69,   724.27,   724.24
  602.41,   723.10,   849.23
  350.25,   598.48,   101.39
  349.82,   600.25,   226.37
  349.40,   602.01,   351.36
  349.26,   723.47,    99.62
  348.84,   725.23,   224.61
  348.41,   726.99,   349.59
  348.28,   848.45,    97.85
  347.85,   850.21,   222.84
  347.43,   851.98,   347.83
  475.25,   599.47,   101.80
  474.82,   601.24,   226.79
  474.39,   603.00,   351.77
  474.26,   724.46,   100.03
  473.83,   726.22,   225.02
  473.41,   727.99,   350.01
  473.27,   849.44,    98.27
  472.85,   851.20,   223.25
  472.42,   852.97,   348.24
  600.24,   600.47,   102.21
  599.81,   602.23,   227.20
  599.39,   603.99,   352.19
  599.26,   725.45,   100.45
  598.83,   727.21,   225.43
  598.40,   728.98,   350.42
  598.27,   850.43,    98.68
  597.84,   852.20,   223.67
  597.42,   853.96,   348.65
  351.58,   599.95,   226.54
  350.61,   603.67,   351.48
  349.63,   607.40,   476.42
  348.62,   724.86,   222.79
  347.64,   728.58,   347.73
  346.67,   732.30,   472.67
  345.65,   849.77,   219.05
  344.67,   853.49,   343.99
  343.70,   857.21,   468.93
  476.55,   602.95,   227.42
  475.57,   606.67,   352.36
  474.59,   610.39,   477.31
  473.58,   727.85,   223.68
  472.60,   731.58,   348.62
  471.63,   735.30,   473.56
  470.61,   852.76,   219.93
  469.64,   856.49,   344.88
  468.66,   860.21,   469.82
  601.51,   605.94,   228.31
  600.53,   609.66,   353.25
  599.56,   613.39,   478.19
  598.54,   730.85,   224.57
  597.56,   734.57,   349.51
  596.59,   738.30,   474.45
  595.57,   855.76,   220.82
  594.60,   859.48,   345.76
  593.62,   863.20,   470.70
  350.10,   600.81,   351.49
  350.55,   603.02,   476.47
  350.99,   605.23,   601.45
  350.48,   725.79,   349.28
  350.93,   728.00,   474.26
  351.37,   730.21,   599.24
  350.86,   850.77,   347.07
  351.31,   852.98,   472.05
  351.75,   855.19,   597.03
  475.10,   600.43,   351.05
  475.55,   602.64,   476.03
  475.99,   604.84,   601.01
  475.48,   725.41,   348.84
  475.93,   727.62,   473.82
  476.37,   729.82,   598.80
  475.86,   850.39,   346.63
  476.31,   852.59,   471.61
  476.75,   854.80,   596.59
  600.10,   600.04,   350.61
  600.55,   602.25,   475.59
  600.99,   604.46,   600.57
  600.48,   725.02,   348.40
  600.92,   727.23,   473.38
  601.37,   729.44,   598.36
  600.86,   850.00,   346.19
  601.30,   852.21,   471.17
  601.75,   854.42,   596.15
  348.77,   599.92,   475.41
  350.34,   596.80,   600.36
  351.91,   593.68,   725.31
  352.00,   724.84,   478.48
  353.57,   721.72,   603.43
  355.14,   718.60,   728.39
  355.23,   849.76,   481.56
  356.80,   846.64,   606.51
  358.37,   843.52,   731.46
  473.71,   596.73,   473.75
  475.29,   593.61,   598.70
  476.86,   590.49,   723.66
  476.94,   721.65,   476.83
  478.52,   718.53,   601.78
  480.09,   715.41,   726.73
  480.17,   846.57,   479.91
  481.75,   843.45,   604.86
  483.32,   840.33,   729.81
  598.66,   593.54,   472.10
  600.24,   590.42,   597.05
  601.81,   587.30,   722.00
  601.89,   718.46,   475.18
  603.47,   715.34,   600.13
  605.04,   712.22,   725.08
  605.12,   843.38,   478.26
  606.70,   840.26,   603.21
  608.27,   837.14,   728.16
  350.46,   599.07,   600.45
  353.52,   597.62,   725.40
  356.58,   596.17,   850.36
  347.36,   724.02,   601.97
  350.42,   722.57,   726.93
  353.48,   721.13,   851.88
  344.26,   848.97,   603.50
  347.32,   847.53,   728.45
  350.38,   846.08,   853.40
  475.39,   602.20,   597.43
  478.45,   600.76,   722.38
  481.51,   599.31,   847.34
  472.29,   727.16,   598.95
  475.34,   725.71,   723.90
  478.40,   724.26,   848.86
  469.18,   852.11,   600.47
  472.24,   850.66,   725.43
  475.30,   849.22,   850.38
  600.31,   605.34,   594.41
  603.37,   603.89,   719.36
  606.43,   602.45,   844.31
  597.21,   730.29,   595.93
  600.27,   728.85,   720.88
  603.33,   727.40,   845.84
  594.11,   855.25,   597.45
  597.17,   853.80,   722.41
  600.23,   852.35,   847.36
  474.62,    99.84,   100.13
  474.37,    99.88,   225.13
  474.12,    99.93,   350.13
  473.12,   224.83,   100.09
  472.86,   224.87,   225.09
  472.61,   224.92,   350.09
  471.61,   349.82,   100.04
  471.36,   349.87,   225.04
  471.11,   349.91,   350.04
  599.61,   101.34,   100.39
  599.36,   101.39,   225.39
  599.11,   101.43,   350.38
  598.11,   226.34,   100.34
  597.86,   226.38,   225.34
  597.60,   226.42,   350.34
  596.60,   351.33,   100.29
  596.35,   351.37,   225.29
  596.10,   351.42,   350.29
  724.60,   102.85,   100.64
  724.35,   102.89,   225.64
  724.10,   102.94,   350.64
  723.10,   227.84,   100.59
  722.85,   227.89,   225.59
  722.59,   227.93,   350.59
  721.59,   352.83,   100.54
  721.34,   352.88,   225.54
  721.09,   352.92,   350.54
  475.43,   100.08,   225.27
  472.45,   101.73,   350.23
  469.47,   103.39,   475.18
  475.45,   225.07,   223.62
  472.47,   226.72,   348.57
  469.49,   228.38,   473.52
  475.47,   350.06,   221.96
  472.49,   351.71,   346.91
  469.51,   353.37,   471.87
  600.39,   100.10,   228.25
  597.41,   101.75,   353.20
  594.43,   103.41,   478.16
  600.41,   225.08,   226.60
  597.44,   226.74,   351.55
  594.46,   228.40,   476.50
  600.44,   350.07,   224.94
  597.46,   351.73,   349.89
  594.48,   353.39,   474.85
  725.36,   100.11,   231.23
  722.38,   101.77,   356.18
  719.40,   103.43,   481.14
  725.38,   225.10,   229.57
  722.40,   226.76,   354.53
  719.42,   228.42,   479.48
  725.40,   350.09,   227.92
  722.42,   351.75,   352.87
  719.44,   353.40,   477.83
  473.15,    98.99,   351.74
  472.59,    97.89,   476.73
  472.03,    96.80,   601.72
  471.33,   223.97,   352.82
  470.77,   222.88,   477.81
  470.20,   221.78,   602.81
  469.51,   348.95,   353.91
  468.95,   347.86,   478.90
  468.38,   346.77,   603.89
  598.14,   100.81,   352.31
  597.57,    99.71,   477.31
  597.01,    98.62,   602.30
  596.31,   225.79,   353.40
  595.75,   224.69,   478.39
  595.19,   223.60,   603.39
  594.49,   350.77,   354.48
  593.93,   349.68,   479.48
  593.37,   348.58,   604.47
  723.12,   102.62,   352.89
  722.56,   101.53,   477.89
  722.00,   100.44,   602.88
  721.30,   227.60,   353.98
  720.74,   226.51,   478.97
  720.18,   225.42,   603.96
  719.48,   352.59,   355.06
  718.92,   351.49,   480.06
  718.35,   350.40,   605.05
  473.80,   100.18,   474.42
  470.27,   103.19,   599.33
  466.74,   106.21,   724.25
  471.57,   225.12,   471.34
  468.04,   228.13,   596.25
  464.51,   231.15,   721.17
  469.34,   350.06,   468.26
  465.81,   353.08,   593.18
  462.27,   356.09,   718.09
  598.73,   102.50,   477.90
  595.20,   105.51,   602.81
  591.67,   108.53,   727.72
  596.50,   227.44,   474.82
  592.97,   230.45,   599.73
  589.44,   233.47,   724.64
  594.27,   352.38,   471.74
  590.74,   355.39,   596.65
  587.20,   358.41,   721.57
  723.66,   104.81,   481.37
  720.13,   107.83,   606.29
  716.60,   110.84,   731.20
  721.43,   229.76,   478.29
  717.90,   232.77,   603.21
  714.37,   235.79,   728.12
  719.20,   354.70,   475.22
  715.67,   357.71,   600.13
  712.13,   360.73,   725.04
  475.95,   101.10,   601.06
  472.53,   104.87,   725.96
  469.12,   108.65,   850.85
  478.34,   226.02,   597.35
  474.92,   229.79,   722.25
  471.51,   233.57,   847.14
  480.73,   350.94,   593.64
  477.32,   354.72,   718.54
  473.90,   358.49,   843.43
  600.88,    98.81,   604.55
  597.46,   102.59,   729.44
  594.05,   106.36,   854.34
  603.27,   223.73,   600.84
  599.86,   227.51,   725.73
  596.44,   231.28,   850.63
  605.66,   348.65,   597.13
  602.25,   352.43,   722.02
  598.83,   356.20,   846.92
  725.81,    96.52,   608.04
  722.39,   100.30,   732.93
  718.98,   104.07,   857.83
  728.20,   221.45,   604.32
  724.79,   225.22,   729.22
  721.37,   229.00,   854.12
  730.59,   346.37,   600.61
  727.18,   350.14,   725.51
  723.76,   353.92,   850.41
  473.19,   225.89,    98.81
  472.11,   222.54,   223.76
  471.04,   219.20,   348.71
  471.99,   350.84,   102.14
  470.91,   347.49,   227.09
  469.84,   344.15,   352.04
  470.78,   475.79,   105.48
  469.71,   472.44,   230.43
  468.63,   469.10,   355.38
  598.18,   227.06,    99.91
  597.10,   223.72,   224.86
  596.03,   220.38,   349.82
  596.97,   352.01,   103.25
  595.90,   348.67,   228.20
  594.83,   345.33,   353.15
  595.77,   476.96,   106.58
  594.70,   473.62,   231.53
  593.62,   470.28,   356.48
  723.17,   228.24,   101.02
  722.09,   224.90,   225.97
  721.02,   221.55,   350.92
  721.96,   353.19,   104.35
  720.89,   349.85,   229.31
  719.81,   346.50,   354.26
  720.76,   478.14,   107.69
  719.69,   474.80,   232.64
  718.61,   471.45,   357.59
  476.65,   223.79,   226.72
  478.40,   225.43,   351.70
  480.15,   227.07,   476.68
  479.30,   348.75,   225.05
  481.05,   350.39,   350.02
  482.80,   352.03,   475.00
  481.94,   473.71,   223.37
  483.69,   475.35,   348.35
  485.44,   476.99,   473.32
  601.61,   221.12,   225.01
  603.36,   222.76,   349.99
  605.11,   224.40,   474.96
  604.26,   346.08,   223.33
  606.01,   347.72,   348.31
  607.76,   349.36,   473.29
  606.90,   471.04,   221.66
  608.65,   472.68,   346.63
  610.40,   474.32,   471.61
  726.57,   218.45,   223.30
  728.32,   220.09,   348.27
  730.07,   221.73,   473.25
  729.22,   343.41,   221.62
  730.97,   345.05,   346.60
  732.72,   346.69,   471.58
  731.86,   468.37,   219.94
  733.61,   470.01,   344.92
  735.36,   471.65,   469.90
  474.32,   226.19,   351.56
  474.75,   224.87,   476.56
  475.17,   223.56,   601.55
  476.61,   351.16,   352.87
  477.04,   349.84,   477.86
  477.46,   348.53,   602.86
  478.91,   476.13,   354.18
  479.33,   474.82,   479.17
  479.75,   473.50,   604.16
  599.30,   223.90,   351.12
  599.72,   222.59,   476.11
  600.15,   221.27,   601.10
  601.59,   348.87,   352.42
  602.02,   347.56,   477.42
  602.44,   346.24,   602.41
  603.88,   473.85,   353.73
  604.31,   472.53,   478.72
  604.73,   471.21,   603.72
  724.28,   221.61,   350.67
  724.70,   220.30,   475.66
  725.13,   218.98,   600.65
  726.57,   346.59,   351.98
  726.99,   345.27,   476.97
  727.42,   343.95,   601.96
  728.86,   471.56,   353.28
  729.29,   470.24,   478.28
  729.71,   468.93,   603.27
  476.67,   225.48,   474.47
  478.98,   227.16,   599.44
  481.29,   228.85,   724.40
  480.11,   350.42,   472.73
  482.43,   352.11,   597.69
  484.74,   353.79,   722.66
  483.56,   475.36,   470.98
  485.87,   477.05,   595.95
  488.19,   478.73,   720.91
  601.60,   222.00,   472.21
  603.91,   223.69,   597.17
  606.22,   225.37,   722.14
  605.05,   346.94,   470.46
  607.36,   348.63,   595.43
  609.67,   350.31,   720.39
  608.49,   471.89,   468.72
  610.80,   473.57,   593.68
  613.12,   475.25,   718.65
  726.53,   218.53,   469.94
  728.84,   220.21,   594.91
  731.15,   221.89,   719.87
  729.98,   343.47,   468.20
  732.29,   345.15,   593.16
  734.60,   346.83,   718.13
  733.42,   468.41,   466.45
  735.74,   470.09,   591.42
  738.05,   471.77,   716.38
  475.98,   223.79,   598.83
  473.81,   225.80,   723.80
  471.64,   227.81,   848.76
  473.86,   348.76,   596.78
  471.69,   350.77,   721.75
  469.52,   352.77,   846.71
  471.73,   473.72,   594.74
  469.56,   475.73,   719.70
  467.39,   477.74,   844.67
  600.94,   225.95,   600.97
  598.77,   227.96,   725.93
  596.60,   229.97,   850.90
  598.82,   350.92,   598.92
  596.65,   352.93,   723.88
  594.48,   354.93,   848.85
  596.69,   475.88,   596.87
  594.52,   477.89,   721.84
  592.35,   479.90,   846.80
  725.91,   228.11,   603.10
  723.74,   230.12,   728.07
  721.57,   232.13,   853.03
  723.78,   353.08,   601.06
  721.61,   355.08,   726.02
  719.44,   357.09,   850.99
  721.66,   478.04,   599.01
  719.49,   480.05,   723.97
  717.32,   482.06,   848.94
  476.82,   351.21,   101.82
  475.83,   351.68,   226.81
  474.85,   352.15,   351.81
  475.15,   476.19,   101.33
  474.17,   476.67,   226.33
  473.18,   477.14,   351.32
  473.48,   601.18,   100.85
  472.50,   601.65,   225.84
  471.51,   602.13,   350.84
  601.80,   352.88,   102.79
  600.82,   353.35,   227.79
  599.84,   353.82,   352.78
  600.13,   477.87,   102.31
  599.15,   478.34,   227.30
  598.17,   478.81,   352.30
  598.46,   602.86,   101.82
  597.48,   603.33,   226.82
  596.50,   603.80,   351.81
  726.79,   354.55,   103.77
  725.80,   355.03,   228.77
  724.82,   355.50,   353.76
  725.12,   479.54,   103.29
  724.13,   480.01,   228.28
  723.15,   480.49,   353.28
  723.45,   604.53,   102.80
  722.47,   605.00,   227.80
  721.48,   605.47,   352.79
  474.26,   350.49,   226.36
  475.62,   353.89,   351.30
  476.98,   357.29,   476.25
  470.54,   475.39,   223.00
  471.90,   478.79,   347.94
  473.26,   482.19,   472.89
  466.82,   600.29,   219.64
  468.18,   603.69,   344.58
  469.54,   607.09,   469.53
  599.20,   354.17,   224.90
  600.56,   357.58,   349.84
  601.92,   360.98,   474.79
  595.48,   479.07,   221.54
  596.84,   482.48,   346.48
  598.20,   485.88,   471.43
  591.76,   603.97,   218.18
  593.12,   607.37,   343.12
  594.48,   610.78,   468.07
  724.14,   357.86,   223.43
  725.50,   361.26,   348.38
  726.86,   364.66,   473.33
  720.42,   482.76,   220.08
  721.78,   486.16,   345.02
  723.14,   489.56,   469.97
  716.70,   607.66,   216.72
  718.06,   611.06,   341.66
  719.42,   614.46,   466.61
  473.43,   348.24,   349.13
  477.09,   351.72,   474.03
  480.74,   355.20,   598.93
  475.12,   473.18,   345.61
  478.77,   476.66,   470.51
  482.43,   480.13,   595.41
  476.80,   598.12,   342.08
  480.46,   601.60,   466.98
  484.11,   605.07,   591.88
  598.37,   346.46,   345.53
  602.02,   349.93,   470.43
  605.68,   353.41,   595.32
  600.05,   471.40,   342.00
  603.71,   474.87,   466.90
  607.36,   478.35,   591.80
  601.74,   596.33,   338.48
  605.39,   599.81,   463.37
  609.05,   603.29,   588.27
  723.30,   344.67,   341.92
  726.96,   348.14,   466.82
  730.61,   351.62,   591.72
  724.99,   469.61,   338.39
  728.64,   473.08,   463.29
  732.30,   476.56,   588.19
  726.67,   594.55,   334.87
  730.33,   598.02,   459.77
  733.98,   601.50,   584.67
  474.27,   348.78,   475.21
  474.18,   350.27,   600.20
  474.09,   351.76,   725.19
  471.55,   473.74,   473.71
  471.46,   475.23,   598.70
  471.37,   476.72,   723.70
  468.83,   598.70,   472.22
  468.74,   600.19,   597.21
  468.65,   601.69,   722.20
  599.24,   351.50,   475.26
  599.15,   352.99,   600.26
  599.06,   354.49,   725.25
  596.52,   476.46,   473.77
  596.43,   477.96,   598.76
  596.34,   479.45,   723.75
  593.80,   601.42,   472.28
  593.71,   602.92,   597.27
  593.62,   604.41,   722.26
  724.21,   354.22,   475.32
  724.12,   355.72,   600.31
  724.03,   357.21,   725.30
  721.49,   479.19,   473.83
  721.40,   480.68,   598.82
  721.31,   482.17,   723.81
  718.77,   604.15,   472.34
  718.68,   605.64,   597.33
  718.59,   607.13,   722.32
  473.96,   350.54,   599.50
  477.69,   350.96,   724.44
  481.43,   351.38,   849.39
  476.65,   475.51,   599.00
  480.38,   475.93,   723.94
  484.12,   476.35,   848.88
  479.34,   600.48,   598.50
  483.08,   600.90,   723.44
  486.81,   601.32,   848.38
  598.87,   347.83,   595.77
  602.61,   348.25,   720.72
  606.34,   348.68,   845.66
  601.57,   472.80,   595.27
  605.30,   473.23,   720.22
  609.03,   473.65,   845.16
  604.26,   597.77,   594.77
  607.99,   598.20,   719.71
  611.73,   598.62,   844.66
  723.79,   345.13,   592.05
  727.52,   345.55,   716.99
  731.26,   345.97,   841.94
  726.48,   470.10,   591.55
  730.22,   470.52,   716.49
  733.95,   470.94,   841.44
  729.17,   595.07,   591.05
  732.91,   595.49,   715.99
  736.64,   595.91,   840.93
  475.15,   475.14,   100.64
  471.55,   478.10,   225.55
  467.95,   481.06,   350.46
  476.57,   600.10,    97.72
  472.96,   603.05,   222.63
  469.36,   606.01,   347.54
  477.98,   725.05,    94.80
  474.38,   728.01,   219.71
  470.78,   730.97,   344.62
  600.09,   473.81,   104.27
  596.49,   476.77,   229.19
  592.89,   479.73,   354.10
  601.51,   598.77,   101.35
  597.90,   601.73,   226.26
  594.30,   604.68,   351.18
  602.92,   723.72,    98.43
  599.32,   726.68,   223.34
  595.72,   729.64,   348.26
  725.03,   472.48,   107.91
  721.43,   475.44,   232.82
  717.83,   478.40,   357.73
  726.45,   597.44,   104.99
  722.85,   600.40,   229.90
  719.24,   603.35,   354.81
  727.86,   722.39,   102.07
  724.26,   725.35,   226.98
  720.66,   728.31,   351.89
  474.16,   474.26,   224.80
  470.96,   475.26,   349.75
  467.76,   476.25,   474.71
  471.57,   599.23,   223.74
  468.37,   600.22,   348.69
  465.17,   601.22,   473.65
  468.98,   724.20,   222.68
  465.78,   725.19,   347.63
  462.58,   726.19,   472.59
  599.09,   476.88,   227.98
  595.89,   477.87,   352.93
  592.69,   478.87,   477.89
  596.50,   601.85,   226.91
  593.30,   602.84,   351.87
  590.10,   603.83,   476.83
  593.91,   726.81,   225.85
  590.71,   727.81,   350.81
  587.51,   728.80,   475.76
  724.02,   479.49,   231.15
  720.82,   480.49,   356.11
  717.62,   481.48,   481.06
  721.43,   604.46,   230.09
  718.23,   605.46,   355.05
  715.03,   606.45,   480.00
  718.84,   729.43,   229.03
  715.64,   730.42,   353.99
  712.44,   731.42,   478.94
  474.81,   473.25,   351.58
  472.91,   476.62,   476.52
  471.01,   479.98,   601.46
  473.54,   598.20,   348.19
  471.64,   601.56,   473.13
  469.74,   604.93,   598.07
  472.27,   723.15,   344.81
  470.37,   726.51,   469.75
  468.47,   729.88,   594.69
  599.79,   474.57,   353.44
  597.89,   477.94,   478.38
  595.99,   481.30,   603.32
  598.52,   599.52,   350.06
  596.62,   602.88,   475.00
  594.72,   606.25,   599.94
  597.25,   724.47,   346.68
  595.35,   727.83,   471.62
  593.45,   731.20,   596.56
  724.77,   475.89,   355.31
  722.87,   479.26,   480.25
  720.97,   482.62,   605.19
  723.50,   600.84,   351.93
  721.60,   604.20,   476.87
  719.70,   607.57,   601.81
  722.23,   725.79,   348.54
  720.33,   729.15,   473.48
  718.43,   732.52,   598.42
  474.23,   474.59,   473.09
  477.78,   474.92,   598.04
  481.34,   475.26,   722.99
  472.34,   599.57,   472.81
  475.89,   599.91,   597.76
  479.44,   600.25,   722.71
  470.44,   724.56,   472.53
  474.00,   724.89,   597.48
  477.55,   725.23,   722.43
  599.17,   476.47,   469.54
  602.72,   476.81,   594.48
  606.27,   477.15,   719.43
  597.27,   601.46,   469.25
  600.82,   601.79,   594.20
  604.38,   602.13,   719.15
  595.38,   726.44,   468.97
  598.93,   726.78,   593.92
  602.48,   727.12,   718.87
  724.10,   478.36,   465.98
  727.65,   478.70,   590.93
  731.21,   479.03,   715.87
  722.21,   603.34,   465.69
  725.76,   603.68,   590.64
  729.31,   604.02,   715.59
  720.31,   728.33,   465.41
  723.87,   728.67,   590.36
  727.42,   729.00,   715.31
  473.54,   475.11,   600.21
  474.09,   473.53,   725.20
  474.65,   471.95,   850.18
  476.78,   600.06,   601.77
  477.33,   598.48,   726.76
  477.89,   596.90,   851.75
  480.01,   725.01,   603.34
  480.57,   723.43,   728.33
  481.12,   721.84,   853.32
  598.50,   471.88,   599.61
  599.05,   470.30,   724.60
  599.60,   468.72,   849.59
  601.73,   596.83,   601.18
  602.29,   595.25,   726.17
  602.84,   593.67,   851.16
  604.97,   721.78,   602.75
  605.52,   720.20,   727.74
  606.08,   718.61,   852.72
  723.45,   468.65,   599.02
  724.01,   467.07,   724.00
  724.56,   465.49,   848.99
  726.69,   593.60,   600.58
  727.24,   592.02,   725.57
  727.80,   590.43,   850.56
  729.93,   718.55,   602.15
  730.48,   716.97,   727.14
  731.04,   715.38,   852.13
  473.70,   601.65,   101.00
  475.29,   599.86,   225.98
  476.87,   598.07,   350.95
  471.90,   726.62,   102.81
  473.49,   724.84,   227.79
  475.07,   723.05,   352.77
  470.11,   851.60,   104.62
  471.69,   849.81,   229.60
  473.28,   848.02,   354.58
  598.68,   603.47,    99.44
  600.26,   601.68,   224.42
  601.85,   599.89,   349.40
  596.88,   728.44,   101.25
  598.47,   726.65,   226.23
  600.05,   724.87,   351.21
  595.09,   853.42,   103.07
  596.67,   851.63,   228.04
  598.25,   849.84,   353.02
  723.66,   605.29,    97.88
  725.24,   603.50,   222.86
  726.82,   601.71,   347.84
  721.86,   730.26,    99.70
  723.44,   728.47,   224.67
  725.03,   726.69,   349.65
  720.06,   855.24,   101.51
  721.65,   853.45,   226.49
  723.23,   851.66,   351.46
  474.66,   599.41,   225.33
  474.22,   596.81,   350.30
  473.78,   594.21,   475.27
  471.63,   724.34,   227.92
  471.19,   721.75,   352.89
  470.75,   719.15,   477.86
  468.60,   849.28,   230.50
  468.16,   846.68,   355.47
  467.72,   844.08,   480.45
  599.63,   602.43,   225.83
  599.19,   599.83,   350.80
  598.75,   597.23,   475.77
  596.59,   727.37,   228.42
  596.15,   724.77,   353.39
  595.72,   722.17,   478.36
  593.56,   852.30,   231.01
  593.12,   849.70,   355.98
  592.68,   847.10,   480.95
  724.59,   605.45,   226.33
  724.15,   602.85,   351.31
  723.71,   600.25,   476.28
  721.56,   730.39,   228.92
  721.12,   727.79,   353.89
  720.68,   725.19,   478.86
  718.53,   855.32,   231.51
  718.09,   852.72,   356.48
  717.65,   850.12,   481.45
  473.89,   599.44,   349.36
  475.64,   598.67,   474.35
  477.39,   597.91,   599.33
  470.50,   724.39,   350.17
  472.25,   723.62,   475.16
  474.00,   722.86,   600.15
  467.12,   849.34,   350.99
  468.87,   848.58,   475.97
  470.62,   847.81,   600.96
  598.83,   602.83,   347.63
  600.58,   602.07,   472.62
  602.33,   601.30,   597.60
  595.44,   727.79,   348.45
  597.19,   727.02,   473.43
  598.95,   726.25,   598.42
  592.06,   852.74,   349.26
  593.81,   851.97,   474.24
  595.56,   851.21,   599.23
  723.77,   606.23,   345.90
  725.52,   605.46,   470.89
  727.27,   604.70,   595.88
  720.39,   731.18,   346.72
  722.14,   730.42,   471.70
  723.89,   729.65,   596.69
  717.00,   856.13,   347.53
  718.75,   855.37,   472.52
  720.50,   854.60,   597.50
  474.64,   601.04,   475.35
  471.34,   597.27,   600.25
  468.04,   593.50,   725.15
  472.60,   725.97,   479.07
  469.31,   722.20,   603.97
  466.01,   718.43,   728.87
  470.57,   850.90,   482.79
  467.27,   847.13,   607.69
  463.97,   843.36,   732.59
  599.58,   602.98,   478.71
  596.28,   599.21,   603.61
  592.98,   595.44,   728.51
  597.54,   727.91,   482.43
  594.25,   724.13,   607.33
  590.95,   720.36,   732.23
  595.51,   852.83,   486.15
  592.21,   849.06,   611.05
  588.91,   845.29,   735.95
  724.52,   604.91,   482.07
  721.22,   601.14,   606.97
  717.92,   597.37,   731.87
  722.48,   729.84,   485.79
  719.18,   726.07,   610.69
  715.89,   722.30,   735.59
  720.45,   854.77,   489.51
  717.15,   851.00,   614.41
  713.85,   847.23,   739.31
  476.39,   601.94,   598.58
  477.22,   599.58,   723.55
  478.05,   597.21,   848.53
  472.70,   726.86,   600.96
  473.52,   724.50,   725.94
  474.35,   722.14,   850.91
  469.00,   851.78,   603.35
  469.83,   849.42,   728.32
  470.66,   847.06,   853.30
  601.33,   605.65,   597.82
  602.16,   603.29,   722.80
  602.99,   600.92,   847.77
  597.64,   730.57,   600.21
  598.47,   728.21,   725.18
  599.30,   725.85,   850.15
  593.94,   855.49,   602.59
  594.77,   853.13,   727.56
  595.60,   850.77,   852.54
  726.28,   609.36,   597.06
  727.11,   607.00,   722.04
  727.93,   604.64,   847.01
  722.58,   734.28,   599.45
  723.41,   731.92,   724.42
  724.24,   729.56,   849.40
  718.89,   859.20,   601.83
  719.71,   856.84,   726.81
  720.54,   854.48,   851.78
  600.06,   100.94,   101.09
  603.11,   103.42,   226.02
  606.16,   105.89,   350.96
  603.00,   225.88,    98.54
  606.05,   228.36,   223.48
  609.10,   230.83,   348.42
  605.93,   350.82,    96.00
  608.98,   353.29,   220.93
  612.03,   355.77,   345.87
  724.99,    97.95,    98.10
  728.04,   100.42,   223.04
  731.09,   102.89,   347.97
  727.93,   222.89,    95.55
  730.98,   225.36,   220.49
  734.03,   227.83,   345.43
  730.86,   347.82,    93.01
  733.91,   350.30,   217.94
  736.96,   352.77,   342.88
  849.92,    94.95,    95.11
  852.97,    97.42,   220.05
  856.02,    99.90,   344.98
  852.86,   219.89,    92.56
  855.90,   222.36,   217.50
  858.95,   224.84,   342.44
  855.79,   344.83,    90.02
  858.84,   347.30,   214.96
  861.89,   349.78,   339.89
  598.14,   101.80,   224.40
  598.66,    99.54,   349.38
  599.18,    97.27,   474.36
  599.54,   226.77,   226.66
  600.06,   224.51,   351.64
  600.58,   222.24,   476.62
  600.95,   351.74,   228.92
  601.47,   349.48,   353.90
  601.99,   347.21,   478.88
  723.13,   100.41,   223.86
  723.65,    98.14,   348.83
  724.17,    95.88,   473.81
  724.54,   225.38,   226.12
  725.06,   223.11,   351.10
  725.57,   220.85,   476.07
  725.94,   350.35,   228.38
  726.46,   348.09,   353.36
  726.98,   345.82,   478.33
  848.12,    99.01,   223.31
  848.64,    96.75,   348.29
  849.16,    94.48,   473.27
  849.53,   223.99,   225.57
  850.05,   221.72,   350.55
  850.57,   219.45,   475.53
  850.93,   348.96,   227.83
  851.45,   346.69,   352.81
  851.97,   344.43,   477.79
  599.22,    99.34,   351.23
  600.27,   100.90,   476.21
  601.33,   102.47,   601.20
  601.68,   224.30,   349.64
  602.73,   225.87,   474.63
  603.79,   227.43,   599.62
  604.14,   349.27,   348.06
  605.19,   350.83,   473.04
  606.25,   352.40,   598.03
  724.19,    96.86,   350.20
  725.24,    98.43,   475.19
  726.30,    99.99,   600.18
  726.65,   221.83,   348.62
  727.70,   223.39,   473.60
  728.76,   224.96,   598.59
  729.11,   346.80,   347.03
  730.17,   348.36,   472.02
  731.22,   349.92,   597.01
  849.16,    94.39,   349.18
  850.22,    95.95,   474.17
  851.27,    97.52,   599.15
  851.62,   219.36,   347.59
  852.68,   220.92,   472.58
  853.73,   222.48,   597.57
  854.08,   344.32,   346.01
  855.14,   345.89,   471.00
  856.19,   347.45,   595.98
  599.12,    99.34,   473.38
  600.29,    96.62,   598.35
  601.45,    93.90,   723.31
  600.16,   224.30,   476.09
  601.32,   221.59,   601.05
  602.48,   218.87,   726.02
  601.20,   349.27,   478.80
  602.36,   346.55,   603.76
  603.52,   343.83,   728.73
  724.11,    98.33,   472.20
  725.28,    95.61,   597.16
  726.44,    92.89,   722.13
  725.15,   223.29,   474.90
  726.31,   220.57,   599.87
  727.48,   217.85,   724.84
  726.19,   348.26,   477.61
  727.35,   345.54,   602.58
  728.51,   342.82,   727.54
  849.10,    97.31,   471.01
  850.27,    94.60,   595.98
  851.43,    91.88,   720.94
  850.14,   222.28,   473.72
  851.30,   219.56,   598.69
  852.47,   216.84,   723.65
  851.18,   347.25,   476.43
  852.34,   344.53,   601.39
  853.50,   341.81,   726.36
  601.88,   100.01,   598.92
  601.68,    96.92,   723.89
  601.48,    93.83,   848.85
  598.99,   224.94,   602.01
  598.79,   221.85,   726.97
  598.59,   218.76,   851.93
  596.10,   349.87,   605.09
  595.90,   346.78,   730.06
  595.70,   343.69,   855.02
  726.85,   102.90,   599.20
  726.65,    99.81,   724.16
  726.44,    96.72,   849.12
  723.96,   227.83,   602.28
  723.76,   224.74,   727.25
  723.55,   221.64,   852.21
  721.07,   352.75,   605.37
  720.87,   349.66,   730.33
  720.66,   346.57,   855.29
  851.82,   105.78,   599.47
  851.61,   102.69,   724.43
  851.41,    99.60,   849.40
  848.93,   230.71,   602.56
  848.72,   227.62,   727.52
  848.52,   224.53,   852.48
  846.04,   355.64,   605.64
  845.83,   352.55,   730.60
  845.63,   349.46,   855.57
  599.45,   224.84,    98.78
  597.48,   221.26,   223.72
  595.51,   217.68,   348.65
  599.98,   349.78,   102.37
  598.01,   346.20,   227.30
  596.04,   342.62,   352.24
  600.51,   474.73,   105.96
  598.54,   471.15,   230.89
  596.57,   467.57,   355.83
  724.43,   224.25,   100.73
  722.46,   220.67,   225.67
  720.49,   217.09,   350.60
  724.96,   349.20,   104.32
  722.99,   345.62,   229.26
  721.03,   342.04,   354.19
  725.49,   474.14,   107.91
  723.52,   470.56,   232.85
  721.56,   466.98,   357.78
  849.41,   223.66,   102.69
  847.45,   220.08,   227.62
  845.48,   216.50,   352.55
  849.94,   348.61,   106.27
  847.98,   345.03,   231.21
  846.01,   341.45,   356.14
  850.47,   473.56,   109.86
  848.51,   469.98,   234.80
  846.54,   466.40,   359.73
  598.28,   223.58,   226.49
  600.29,   221.61,   351.45
  602.29,   219.65,   476.42
  595.46,   348.53,   228.50
  597.46,   346.57,   353.46
  599.46,   344.60,   478.43
  592.63,   473.48,   230.50
  594.63,   471.52,   355.47
  596.64,   469.55,   480.44
  723.24,   226.44,   224.53
  725.24,   224.47,   349.50
  727.24,   222.51,   474.46
  720.41,   351.39,   226.54
  722.41,   349.42,   351.50
  724.42,   347.46,   476.47
  717.58,   476.34,   228.55
  719.58,   474.38,   353.51
  721.59,   472.41,   478.48
  848.19,   229.30,   222.57
  850.19,   227.33,   347.54
  852.20,   225.37,   472.51
  845.36,   354.25,   224.58
  847.36,   352.28,   349.55
  849.37,   350.32,   474.51
  842.53,   479.20,   226.59
  844.54,   477.24,   351.56
  846.54,   475.27,   476.52
  598.03,   223.77,   348.09
  595.51,   223.69,   473.06
  592.99,   223.61,   598.04
  595.32,   348.74,   348.11
  592.80,   348.66,   473.09
  590.28,   348.58,   598.06
  592.61,   473.71,   348.14
  590.09,   473.63,   473.11
  587.57,   473.55,   598.09
  722.97,   226.48,   350.61
  720.46,   226.40,   475.58
  717.94,   226.32,   600.56
  720.26,   351.45,   350.64
  717.75,   351.37,   475.61
  715.23,   351.29,   600.58
  717.55,   476.42,   350.66
  715.03,   476.34,   475.64
  712.52,   476.26,   600.61
  847.92,   229.19,   353.13
  845.40,   229.11,   478.11
  842.88,   229.03,   603.08
  845.21,   354.16,   353.16
  842.69,   354.08,   478.13
  840.17,   354.00,   603.11
  842.50,   479.13,   353.18
  839.98,   479.05,   478.16
  837.46,   478.97,   603.13
  598.58,   225.17,   474.33
  600.97,   222.73,   599.28
  603.36,   220.29,   724.24
  596.06,   350.12,   476.82
  598.45,   347.68,   601.77
  600.85,   345.24,   726.73
  593.55,   475.07,   479.31
  595.94,   472.63,   604.26
  598.33,   470.19,   729.22
  723.53,   227.73,   471.99
  725.92,   225.29,   596.94
  728.31,   222.85,   721.90
  721.02,   352.68,   474.48
  723.41,   350.24,   599.43
  725.80,   347.80,   724.39
  718.50,   477.63,   476.97
  720.89,   475.19,   601.92
  723.28,   472.75,   726.87
  848.48,   230.30,   469.65
  850.87,   227.86,   594.60
  853.26,   225.41,   719.56
  845.97,   355.25,   472.14
  848.36,   352.81,   597.09
  850.75,   350.36,   722.05
  843.45,   480.20,   474.63
  845.84,   477.76,   599.58
  848.23,   475.31,   724.53
  601.34,   224.40,   599.33
  600.35,   221.85,   724.30
  599.36,   219.30,   849.27
  604.42,   349.33,   601.91
  603.43,   346.78,   726.88
  602.44,   344.23,   851.85
  607.50,   474.27,   604.48
  606.51,   471.72,   729.45
  605.52,   469.17,   854.42
  726.30,   221.30,   600.26
  725.31,   218.75,   725.23
  724.32,   216.20,   850.20
  729.38,   346.24,   602.83
  728.39,   343.69,   727.80
  727.40,   341.13,   852.78
  732.46,   471.17,   605.41
  731.47,   468.62,   730.38
  730.48,   466.07,   855.35
  851.26,   218.20,   601.19
  850.27,   215.65,   726.16
  849.28,   213.10,   851.13
  854.34,   343.14,   603.76
  853.35,   340.59,   728.73
  852.35,   338.04,   853.70
  857.42,   468.07,   606.34
  856.43,   465.52,   731.31
  855.43,   462.97,   856.28
  599.99,   349.63,    98.92
  601.50,   347.05,   223.88
  603.01,   344.46,   348.85
  597.24,   474.57,   101.54
  598.75,   471.99,   226.50
  600.25,   469.40,   351.47
  594.49,   599.52,   104.16
  595.99,   596.93,   229.12
  597.50,   594.34,   354.09
  724.95,   352.42,    97.47
  726.46,   349.83,   222.44
  727.97,   347.24,   347.40
  722.20,   477.36,   100.09
  723.71,   474.77,   225.06
  725.21,   472.18,   350.02
  719.45,   602.30,   102.71
  720.95,   599.71,   227.67
  722.46,   597.13,   352.64
  849.91,   355.20,    96.02
  851.42,   352.61,   220.99
  852.93,   350.03,   345.95
  847.16,   480.14,    98.64
  848.67,   477.55,   223.61
  850.17,   474.97,   348.57
  844.41,   605.08,   101.26
  845.92,   602.50,   226.23
  847.42,   599.91,   351.19
  601.82,   351.46,   224.60
  599.67,   348.46,   349.55
  597.52,   345.47,   474.50
  603.11,   476.42,   227.62
  600.96,   473.42,   352.57
  598.80,   470.42,   477.51
  604.39,   601.37,   230.64
  602.24,   598.38,   355.59
  600.09,   595.38,   480.53
  726.80,   350.12,   226.72
  724.65,   347.13,   351.67
  722.50,   344.13,   476.61
  728.08,   475.08,   229.74
  725.93,   472.09,   354.69
  723.78,   469.09,   479.63
  729.36,   600.04,   232.76
  727.21,   597.04,   357.70
  725.06,   594.05,   482.65
  851.77,   348.79,   228.84
  849.62,   345.79,   353.79
  847.47,   342.80,   478.73
  853.06,   473.75,   231.86
  850.90,   470.75,   356.80
  848.75,   467.75,   481.75
  854.34,   598.70,   234.88
  852.19,   595.71,   359.82
  850.04,   592.71,   484.77
  598.11,   349.33,   348.64
  596.43,   351.39,   473.62
  594.75,   353.45,   598.59
  594.81,   474.27,   346.54
  593.13,   476.33,   471.51
  591.45,   478.39,   596.48
  591.51,   599.21,   344.44
  589.83,   601.27,   469.41
  588.16,   603.33,   594.38
  723.05,   352.66,   350.27
  721.38,   354.72,   475.24
  719.70,   356.78,   600.21
  719.76,   477.60,   348.16
  718.08,   479.66,   473.13
  716.40,   481.72,   598.11
  716.46,   602.54,   346.06
  714.78,   604.60,   471.03
  713.10,   606.65,   596.00
  848.00,   355.98,   351.89
  846.32,   358.04,   476.86
  844.64,   360.10,   601.83
  844.70,   480.92,   349.79
  843.02,   482.98,   474.76
  841.35,   485.04,   599.73
  841.40,   605.86,   347.68
  839.72,   607.92,   472.65
  838.05,   609.98,   597.63
  601.36,   349.25,   475.04
  603.00,   348.14,   600.02
  604.65,   347.04,   725.01
  600.25,   474.24,   476.16
  601.90,   473.13,   601.14
  603.54,   472.03,   726.13
  599.14,   599.23,   477.28
  600.79,   598.12,   602.26
  602.43,   597.02,   727.25
  726.34,   350.37,   473.40
  727.99,   349.27,   598.39
  729.63,   348.16,   723.37
  725.24,   475.36,   474.52
  726.88,   474.26,   599.51
  728.52,   473.15,   724.49
  724.13,   600.35,   475.65
  725.77,   599.25,   600.63
  727.42,   598.14,   725.61
  851.33,   351.50,   471.77
  852.97,   350.39,   596.75
  854.62,   349.28,   721.74
  850.22,   476.49,   472.89
  851.86,   475.38,   597.87
  853.51,   474.27,   722.86
  849.11,   601.48,   474.01
  850.76,   600.37,   599.00
  852.40,   599.26,   723.98
  601.17,   351.07,   600.91
  604.73,   351.56,   725.85
  608.29,   352.06,   850.80
  599.65,   476.06,   600.45
  603.21,   476.55,   725.40
  606.78,   477.05,   850.35
  598.14,   601.05,   600.00
  601.70,   601.54,   724.95
  605.26,   602.04,   849.90
  726.11,   352.57,   597.34
  729.67,   353.06,   722.29
  733.23,   353.56,   847.24
  724.59,   477.56,   596.89
  728.16,   478.05,   721.83
  731.72,   478.55,   846.78
  723.08,   602.55,   596.43
  726.64,   603.05,   721.38
  730.20,   603.54,   846.33
  851.05,   354.07,   593.77
  854.61,   354.57,   718.72
  858.17,   355.06,   843.67
  849.53,   479.06,   593.32
  853.10,   479.56,   718.27
  856.66,   480.05,   843.22
  848.02,   604.05,   592.87
  851.58,   604.55,   717.82
  855.14,   605.04,   842.76
  598.31,   473.62,   100.43
  600.57,   473.02,   225.41
  602.83,   472.41,   350.38
  598.38,   598.62,   101.03
  600.64,   598.02,   226.01
  602.90,   597.41,   350.99
  598.45,   723.62,   101.63
  600.71,   723.01,   226.61
  602.97,   722.41,   351.59
  723.29,   473.56,    98.17
  725.55,   472.96,   223.15
  727.81,   472.35,   348.12
  723.36,   598.56,    98.77
  725.62,   597.95,   223.75
  727.88,   597.35,   348.73
  723.43,   723.56,    99.38
  725.69,   722.95,   224.35
  727.95,   722.35,   349.33
  848.27,   473.50,    95.91
  850.53,   472.90,   220.89
  852.79,   472.29,   345.87
  848.34,   598.50,    96.51
  850.60,   597.89,   221.49
  852.86,   597.29,   346.47
  848.41,   723.50,    97.12
  850.67,   722.89,   222.09
  852.93,   722.29,   347.07
  600.13,   476.41,   224.25
  599.43,   478.93,   349.23
  598.72,   481.45,   474.20
  603.60,   601.34,   221.76
  602.89,   603.86,   346.73
  602.18,   606.38,   471.70
  607.06,   726.26,   219.26
  606.35,   728.78,   344.23
  605.65,   731.30,   469.20
  725.08,   472.96,   225.03
  724.38,   475.48,   350.00
  723.67,   478.00,   474.97
  728.55,   597.89,   222.53
  727.84,   600.41,   347.50
  727.13,   602.93,   472.48
  732.01,   722.82,   220.03
  731.30,   725.33,   345.00
  730.60,   727.85,   469.98
  850.03,   469.51,   225.80
  849.33,   472.03,   350.78
  848.62,   474.55,   475.75
  853.50,   594.44,   223.30
  852.79,   596.96,   348.28
  852.08,   599.48,   473.25
  856.96,   719.37,   220.81
  856.25,   721.89,   345.78
  855.55,   724.40,   470.75
  601.91,   473.02,   350.57
  598.86,   473.84,   475.53
  595.81,   474.65,   600.49
  600.62,   598.01,   349.72
  597.57,   598.83,   474.68
  594.52,   599.64,   599.64
  599.33,   723.00,   348.88
  596.28,   723.82,   473.84
  593.23,   724.63,   598.80
  726.87,   474.33,   353.61
  723.82,   475.15,   478.57
  720.77,   475.96,   603.53
  725.58,   599.33,   352.76
  722.53,   600.14,   477.72
  719.48,   600.95,   602.68
  724.28,   724.32,   351.92
  721.23,   725.13,   476.88
  718.18,   725.95,   601.84
  851.82,   475.65,   356.65
  848.78,   476.46,   481.61
  845.73,   477.28,   606.57
  850.53,   600.64,   355.80
  847.48,   601.45,   480.76
  844.43,   602.27,   605.72
  849.24,   725.63,   354.96
  846.19,   726.44,   479.92
  843.14,   727.26,   604.88
  599.41,   476.31,   474.73
  596.22,   477.50,   599.68
  593.04,   478.69,   724.64
  599.86,   601.30,   473.55
  596.68,   602.49,   598.50
  593.49,   603.68,   723.46
  600.31,   726.29,   472.37
  597.13,   727.49,   597.32
  593.95,   728.68,   722.28
  724.36,   475.88,   477.92
  721.18,   477.08,   602.87
  718.00,   478.27,   727.82
  724.82,   600.88,   476.73
  721.63,   602.07,   601.69
  718.45,   603.26,   726.64
  725.27,   725.87,   475.55
  722.09,   727.06,   600.51
  718.91,   728.25,   725.46
  849.32,   475.46,   481.10
  846.14,   476.65,   606.06
  842.96,   477.84,   731.01
  849.78,   600.45,   479.92
  846.59,   601.65,   604.88
  843.41,   602.84,   729.83
  850.23,   725.45,   478.74
  847.05,   726.64,   603.69
  843.86,   727.83,   728.65
  600.86,   475.75,   601.07
  601.03,   479.40,   726.02
  601.20,   483.05,   850.96
  599.67,   600.69,   597.42
  599.84,   604.34,   722.37
  600.01,   607.99,   847.32
  598.47,   725.63,   593.78
  598.64,   729.28,   718.72
  598.81,   732.93,   843.67
  725.86,   476.94,   600.87
  726.03,   480.59,   725.81
  726.20,   484.24,   850.76
  724.66,   601.88,   597.22
  724.83,   605.53,   722.17
  725.00,   609.18,   847.11
  723.46,   726.82,   593.57
  723.63,   730.47,   718.52
  723.80,   734.12,   843.46
  850.85,   478.13,   600.66
  851.02,   481.78,   725.61
  851.19,   485.43,   850.55
  849.65,   603.07,   597.01
  849.82,   606.72,   721.96
  849.99,   610.37,   846.91
  848.46,   728.01,   593.37
  848.63,   731.66,   718.31
  848.80,   735.31,   843.26
  600.93,   600.39,   100.58
  599.36,   600.60,   225.57
  597.79,   600.80,   350.56
  600.81,   725.39,   100.37
  599.24,   725.59,   225.36
  597.68,   725.80,   350.35
  600.70,   850.39,   100.17
  599.13,   850.59,   225.16
  597.56,   850.80,   350.15
  725.92,   600.51,   102.14
  724.35,   600.71,   227.13
  722.78,   600.92,   352.12
  725.80,   725.51,   101.94
  724.23,   725.71,   226.93
  722.67,   725.92,   351.92
  725.69,   850.51,   101.74
  724.12,   850.71,   226.73
  722.55,   850.92,   351.72
  850.91,   600.63,   103.71
  849.34,   600.83,   228.70
  847.77,   601.03,   353.69
  850.79,   725.63,   103.51
  849.23,   725.83,   228.50
  847.66,   726.03,   353.49
  850.68,   850.63,   103.30
  849.11,   850.83,   228.29
  847.54,   851.03,   353.28
  600.14,   598.63,   225.77
  599.61,   599.13,   350.77
  599.09,   599.64,   475.76
  602.69,   723.60,   225.28
  602.16,   724.11,   350.27
  601.64,   724.61,   475.27
  605.24,   848.57,   224.78
  604.72,   849.08,   349.78
  604.19,   849.58,   474.78
  725.11,   596.08,   226.31
  724.59,   596.58,   351.30
  724.06,   597.09,   476.30
  727.66,   721.05,   225.81
  727.14,   721.56,   350.81
  726.61,   722.06,   475.81
  730.22,   846.02,   225.32
  729.69,   846.53,   350.32
  729.16,   847.03,   475.31
  850.08,   593.53,   226.84
  849.56,   594.03,   351.84
  849.03,   594.54,   476.84
  852.64,   718.50,   226.35
  852.11,   719.00,   351.35
  851.58,   719.51,   476.34
  855.19,   843.47,   225.86
  854.66,   843.98,   350.85
  854.14,   844.48,   475.85
  598.64,   601.37,   349.81
  600.27,   602.38,   474.80
  601.89,   603.39,   599.78
  595.37,   726.33,   348.84
  596.99,   727.33,   473.83
  598.61,   728.34,   598.81
  592.10,   851.28,   347.88
  593.72,   852.29,   472.86
  595.34,   853.30,   597.85
  723.59,   604.63,   348.16
  725.21,   605.64,   473.15
  726.83,   606.65,   598.13
  720.32,   729.59,   347.20
  721.94,   730.60,   472.18
  723.56,   731.60,   597.17
  717.04,   854.54,   346.23
  718.67,   855.55,   471.21
  720.29,   856.56,   596.20
  848.54,   607.89,   346.51
  850.16,   608.90,   471.50
  851.78,   609.91,   596.49
  845.26,   732.85,   345.55
  846.89,   733.86,   470.53
  848.51,   734.86,   595.52
  841.99,   857.80,   344.58
  843.61,   858.81,   469.57
  845.23,   859.82,   594.55
  601.23,   598.30,   473.21
  603.88,   594.83,   598.13
  606.53,   591.37,   723.06
  600.97,   723.25,   476.68
  603.62,   719.78,   601.60
  606.27,   716.32,   726.53
  600.72,   848.20,   480.15
  603.37,   844.74,   605.07
  606.02,   841.27,   729.99
  726.20,   598.62,   470.57
  728.85,   595.16,   595.49
  731.50,   591.70,   720.41
  725.94,   723.57,   474.03
  728.60,   720.11,   598.96
  731.25,   716.65,   723.88
  725.69,   848.53,   477.50
  728.34,   845.06,   602.43
  730.99,   841.60,   727.35
  851.17,   598.95,   467.92
  853.82,   595.49,   592.85
  856.47,   592.02,   717.77
  850.92,   723.90,   471.39
  853.57,   720.44,   596.32
  856.22,   716.98,   721.24
  850.66,   848.85,   474.86
  853.31,   845.39,   599.79
  855.96,   841.93,   724.71
  598.90,   601.37,   598.97
  596.82,   605.09,   723.89
  594.74,   608.80,   848.82
  596.72,   726.29,   595.21
  594.64,   730.01,   720.14
  592.56,   733.73,   845.07
  594.54,   851.22,   591.46
  592.45,   854.93,   716.39
  590.37,   858.65,   841.32
  723.87,   603.61,   600.98
  721.79,   607.33,   725.91
  719.70,   611.05,   850.84
  721.68,   728.54,   597.23
  719.60,   732.26,   722.16
  717.52,   735.97,   847.08
  719.50,   853.46,   593.48
  717.42,   857.18,   718.40
  715.34,   860.90,   843.33
  848.83,   605.86,   603.00
  846.75,   609.58,   727.92
  844.67,   613.29,   852.85
  846.65,   730.78,   599.24
  844.56,   734.50,   724.17
  842.48,   738.22,   849.10
  844.46,   855.71,   595.49
  842.38,   859.42,   720.42
  840.30,   863.14,   845.35
