27, 125, pa2-debug-f-output1.txt
  195.07,   201.07,   205.81
  407.49,   406.64,   196.43
   98.31,   101.66,    99.40
   95.47,   103.80,   224.34
   92.62,   105.94,   349.29
   95.85,   226.62,    97.20
   93.00,   228.76,   222.15
   90.15,   230.90,   347.10
   93.38,   351.58,    95.00
   90.53,   353.72,   219.95
   87.68,   355.86,   344.90
  223.26,   104.18,   102.20
  220.41,   106.32,   227.15
  217.56,   108.46,   352.10
  220.79,   229.14,   100.00
  217.94,   231.28,   224.95
  215.09,   233.42,   349.90
  218.32,   354.09,    97.81
  215.47,   356.23,   222.76
  212.62,   358.37,   347.71
  348.20,   106.70,   105.01
  345.35,   108.84,   229.96
  342.50,   110.98,   354.90
  345.73,   231.65,   102.81
  342.88,   233.79,   227.76
  340.04,   235.93,   352.71
  343.27,   356.61,   100.61
  340.42,   358.75,   225.56
  337.57,   360.89,   350.51
   99.87,    99.66,   226.38
  100.89,    97.75,   351.37
  101.90,    95.84,   476.35
  100.43,   224.65,   228.29
  101.45,   222.73,   353.27
  102.47,   220.82,   478.25
  100.99,   349.63,   230.20
  102.01,   347.72,   355.18
  103.03,   345.81,   480.16
  224.87,    99.12,   225.36
  225.88,    97.20,   350.34
  226.90,    95.29,   475.32
  225.43,   224.10,   227.27
  226.44,   222.19,   352.25
  227.46,   220.28,   477.23
  225.99,   349.09,   229.17
  227.00,   347.17,   354.16
  228.02,   345.26,   479.14
  349.86,    98.57,   224.33
  350.88,    96.66,   349.31
  351.89,    94.75,   474.30
  350.42,   223.56,   226.24
  351.44,   221.64,   351.22
  352.46,   219.73,   476.20
  350.98,   348.54,   228.15
  352.00,   346.63,   353.13
  353.02,   344.71,   478.11
  100.21,    99.30,   349.50
   99.90,    98.50,   474.49
   99.59,    97.70,   599.49
   98.79,   224.28,   350.29
   98.48,   223.49,   475.29
   98.18,   222.69,   600.28
   97.38,   349.27,   351.08
   97.07,   348.48,   476.08
   96.76,   347.68,   601.08
  225.20,   100.71,   349.81
  224.89,    99.91,   474.81
  224.58,    99.11,   599.81
  223.78,   225.70,   350.61
  223.48,   224.90,   475.60
  223.17,   224.10,   600.60
  222.37,   350.69,   351.40
  222.06,   349.89,   476.40
  221.75,   349.09,   601.40
  350.19,   102.12,   350.13
  349.88,   101.32,   475.13
  349.58,   100.53,   600.12
  348.77,   227.11,   350.92
  348.47,   226.31,   475.92
  348.16,   225.52,   600.92
  347.36,   352.10,   351.72
  347.05,   351.30,   476.71
  346.75,   350.50,   601.71
  100.59,   101.69,   475.72
  102.78,   100.22,   600.69
  104.97,    98.74,   725.66
  101.41,   226.68,   477.18
  103.60,   225.20,   602.15
  105.79,   223.73,   727.12
  102.24,   351.67,   478.64
  104.42,   350.19,   603.61
  106.61,   348.72,   728.58
  225.57,   100.89,   473.52
  227.76,    99.42,   598.49
  229.94,    97.94,   723.47
  226.39,   225.88,   474.98
  228.58,   224.41,   599.95
  230.77,   222.93,   724.93
  227.21,   350.87,   476.44
  229.40,   349.40,   601.41
  231.59,   347.92,   726.39
  350.55,   100.10,   471.32
  352.73,    98.62,   596.30
  354.92,    97.15,   721.27
  351.37,   225.08,   472.78
  353.56,   223.61,   597.76
  355.75,   222.14,   722.73
  352.19,   350.07,   474.24
  354.38,   348.60,   599.22
  356.57,   347.12,   724.19
   98.81,    99.22,   600.88
   95.19,   102.48,   725.79
   91.57,   105.74,   850.69
   97.88,   224.18,   597.59
   94.26,   227.44,   722.50
   90.64,   230.70,   847.40
   96.94,   349.13,   594.30
   93.32,   352.39,   719.21
   89.70,   355.65,   844.11
  223.76,   100.25,   604.47
  220.14,   103.51,   729.38
  216.52,   106.77,   854.28
  222.82,   225.20,   601.18
  219.20,   228.47,   726.09
  215.58,   231.73,   850.99
  221.89,   350.16,   597.90
  218.27,   353.42,   722.80
  214.65,   356.68,   847.71
  348.70,   101.28,   608.07
  345.08,   104.54,   732.97
  341.46,   107.80,   857.88
  347.77,   226.23,   604.78
  344.15,   229.49,   729.68
  340.53,   232.75,   854.59
  346.83,   351.19,   601.49
  343.21,   354.45,   726.39
  339.59,   357.71,   851.30
  100.45,   224.17,    99.70
  100.15,   223.13,   224.69
   99.84,   222.09,   349.69
   96.71,   349.11,   100.73
   96.40,   348.07,   225.72
   96.10,   347.03,   350.72
   92.97,   474.05,   101.76
   92.66,   473.01,   226.75
   92.36,   471.97,   351.75
  225.39,   227.91,   100.03
  225.09,   226.87,   225.03
  224.79,   225.83,   350.02
  221.65,   352.85,   101.06
  221.35,   351.81,   226.06
  221.05,   350.77,   351.05
  217.91,   477.79,   102.09
  217.61,   476.75,   227.09
  217.30,   475.71,   352.08
  350.34,   231.65,   100.37
  350.03,   230.61,   225.36
  349.73,   229.57,   350.36
  346.60,   356.59,   101.40
  346.29,   355.55,   226.39
  345.99,   354.51,   351.39
  342.85,   481.53,   102.43
  342.55,   480.49,   227.42
  342.25,   479.45,   352.42
  100.42,   225.57,   226.52
  103.82,   225.80,   351.48
  107.21,   226.04,   476.43
  102.31,   350.55,   226.24
  105.71,   350.79,   351.19
  109.11,   351.02,   476.14
  104.21,   475.54,   225.95
  107.60,   475.77,   350.90
  111.00,   476.01,   475.86
  225.36,   223.67,   223.13
  228.76,   223.90,   348.08
  232.15,   224.14,   473.04
  227.25,   348.65,   222.84
  230.65,   348.89,   347.80
  234.05,   349.12,   472.75
  229.15,   473.64,   222.56
  232.54,   473.87,   347.51
  235.94,   474.11,   472.47
  350.30,   221.77,   219.74
  353.70,   222.00,   344.69
  357.09,   222.24,   469.64
  352.19,   346.76,   219.45
  355.59,   346.99,   344.41
  358.99,   347.22,   469.36
  354.09,   471.74,   219.17
  357.48,   471.97,   344.12
  360.88,   472.21,   469.07
  101.16,   223.08,   350.08
  100.06,   220.21,   475.05
   98.96,   217.34,   600.01
  101.07,   348.05,   352.96
   99.97,   345.18,   477.92
   98.87,   342.31,   602.88
  100.98,   473.02,   355.83
   99.88,   470.15,   480.79
   98.78,   467.27,   605.75
  226.16,   223.15,   351.19
  225.06,   220.28,   476.15
  223.96,   217.40,   601.11
  226.07,   348.12,   354.06
  224.97,   345.24,   479.02
  223.86,   342.37,   603.98
  225.98,   473.08,   356.93
  224.88,   470.21,   481.89
  223.77,   467.34,   606.85
  351.15,   223.22,   352.29
  350.05,   220.34,   477.25
  348.95,   217.47,   602.21
  351.06,   348.18,   355.16
  349.96,   345.31,   480.12
  348.86,   342.44,   605.09
  350.97,   473.15,   358.03
  349.87,   470.28,   483.00
  348.77,   467.40,   607.96
   98.35,   223.93,   475.37
  101.32,   227.28,   600.29
  104.28,   230.63,   725.21
   96.49,   348.88,   472.06
   99.46,   352.22,   596.98
  102.42,   355.57,   721.90
   94.64,   473.82,   468.76
   97.60,   477.17,   593.68
  100.57,   480.51,   718.60
  223.30,   225.71,   472.35
  226.27,   229.06,   597.27
  229.23,   232.40,   722.19
  221.44,   350.65,   469.05
  224.41,   354.00,   593.97
  227.37,   357.35,   718.89
  219.59,   475.60,   465.75
  222.55,   478.94,   590.67
  225.52,   482.29,   715.59
  348.25,   227.49,   469.34
  351.22,   230.84,   594.26
  354.18,   234.18,   719.18
  346.40,   352.43,   466.04
  349.36,   355.78,   590.96
  352.33,   359.12,   715.88
  344.54,   477.37,   462.73
  347.50,   480.72,   587.65
  350.47,   484.07,   712.57
  101.01,   225.15,   601.59
  102.34,   227.88,   726.56
  103.68,   230.61,   851.52
  104.05,   350.08,   598.83
  105.38,   352.81,   723.79
  106.71,   355.55,   848.75
  107.09,   475.01,   596.06
  108.42,   477.74,   721.03
  109.75,   480.48,   845.99
  225.97,   222.08,   600.33
  227.30,   224.81,   725.29
  228.63,   227.55,   850.25
  229.01,   347.01,   597.56
  230.34,   349.74,   722.53
  231.67,   352.48,   847.49
  232.04,   471.94,   594.80
  233.38,   474.68,   719.76
  234.71,   477.41,   844.72
  350.92,   219.01,   599.06
  352.26,   221.74,   724.03
  353.59,   224.48,   848.99
  353.96,   343.94,   596.30
  355.29,   346.68,   721.26
  356.63,   349.41,   846.22
  357.00,   468.88,   593.53
  358.33,   471.61,   718.49
  359.67,   474.34,   843.46
  101.72,   350.97,   101.58
  102.83,   353.24,   226.56
  103.93,   355.51,   351.53
  103.33,   475.93,    99.30
  104.44,   478.21,   224.27
  105.55,   480.48,   349.25
  104.94,   600.90,    97.01
  106.05,   603.18,   221.98
  107.16,   605.45,   346.96
  226.70,   349.33,   100.50
  227.81,   351.61,   225.48
  228.92,   353.88,   350.45
  228.31,   474.30,    98.22
  229.42,   476.57,   223.19
  230.53,   478.85,   348.17
  229.92,   599.27,    95.93
  231.03,   601.54,   220.90
  232.14,   603.82,   345.88
  351.69,   347.70,    99.42
  352.79,   349.97,   224.40
  353.90,   352.25,   349.37
  353.30,   472.67,    97.14
  354.41,   474.94,   222.11
  355.52,   477.21,   347.09
  354.91,   597.64,    94.85
  356.02,   599.91,   219.82
  357.13,   602.18,   344.80
  101.74,   351.51,   225.83
   98.81,   354.81,   350.75
   95.89,   358.11,   475.67
  103.72,   476.45,   222.57
  100.80,   479.75,   347.49
   97.87,   483.06,   472.41
  105.70,   601.39,   219.31
  102.78,   604.69,   344.23
   99.85,   608.00,   469.16
  226.69,   349.60,   228.80
  223.76,   352.91,   353.72
  220.84,   356.21,   478.65
  228.67,   474.54,   225.54
  225.75,   477.85,   350.47
  222.82,   481.15,   475.39
  230.65,   599.49,   222.29
  227.73,   602.79,   347.21
  224.80,   606.09,   472.13
  351.64,   347.70,   231.78
  348.71,   351.00,   356.70
  345.79,   354.31,   481.62
  353.62,   472.64,   228.52
  350.70,   475.94,   353.44
  347.77,   479.25,   478.36
  355.60,   597.58,   225.26
  352.68,   600.89,   350.18
  349.75,   604.19,   475.11
   99.54,   350.99,   351.30
   96.60,   347.76,   476.23
   93.67,   344.53,   601.15
   97.81,   475.93,   354.49
   94.88,   472.71,   479.42
   91.95,   469.48,   604.34
   96.09,   600.88,   357.68
   93.16,   597.65,   482.60
   90.23,   594.43,   607.53
  224.49,   352.63,   354.28
  221.56,   349.41,   479.20
  218.63,   346.18,   604.13
  222.77,   477.58,   357.47
  219.83,   474.35,   482.39
  216.90,   471.13,   607.31
  221.04,   602.53,   360.65
  218.11,   599.30,   485.58
  215.18,   596.07,   610.50
  349.44,   354.28,   357.25
  346.51,   351.05,   482.18
  343.58,   347.82,   607.10
  347.72,   479.23,   360.44
  344.79,   476.00,   485.37
  341.86,   472.77,   610.29
  346.00,   604.18,   363.63
  343.07,   600.95,   488.55
  340.13,   597.72,   613.48
   99.46,   351.79,   473.79
  102.53,   351.13,   598.75
  105.59,   350.48,   723.71
  101.74,   476.77,   474.39
  104.80,   476.11,   599.35
  107.87,   475.45,   724.31
  104.02,   601.75,   474.99
  107.08,   601.09,   599.95
  110.14,   600.43,   724.91
  224.41,   349.53,   470.71
  227.47,   348.87,   595.67
  230.53,   348.22,   720.63
  226.68,   474.51,   471.31
  229.75,   473.85,   596.27
  232.81,   473.19,   721.24
  228.96,   599.48,   471.91
  232.02,   598.83,   596.88
  235.09,   598.17,   721.84
  349.35,   347.27,   467.64
  352.41,   346.61,   592.60
  355.47,   345.95,   717.56
  351.62,   472.24,   468.24
  354.69,   471.59,   593.20
  357.75,   470.93,   718.16
  353.90,   597.22,   468.84
  356.96,   596.57,   593.80
  360.03,   595.91,   718.76
   98.09,   350.09,   599.77
   98.22,   351.10,   724.77
   98.35,   352.12,   849.77
   98.38,   475.08,   598.76
   98.51,   476.10,   723.76
   98.64,   477.11,   848.75
   98.68,   600.08,   597.74
   98.81,   601.09,   722.74
   98.94,   602.11,   847.74
  223.09,   349.80,   599.65
  223.22,   350.81,   724.64
  223.35,   351.83,   849.64
  223.38,   474.79,   598.63
  223.51,   475.81,   723.63
  223.64,   476.82,   848.62
  223.68,   599.79,   597.62
  223.81,   600.80,   722.61
  223.94,   601.82,   847.61
  348.09,   349.50,   599.52
  348.22,   350.52,   724.52
  348.35,   351.53,   849.51
  348.38,   474.50,   598.50
  348.51,   475.51,   723.50
  348.64,   476.53,   848.50
  348.68,   599.49,   597.49
  348.81,   600.51,   722.49
  348.94,   601.52,   847.48
   98.03,   473.76,    99.04
   99.79,   476.24,   224.00
  101.55,   478.72,   348.96
   97.60,   598.73,    96.56
   99.36,   601.21,   221.53
  101.12,   603.69,   346.49
   97.17,   723.71,    94.09
   98.93,   726.19,   219.05
  100.69,   728.67,   344.01
  223.01,   474.15,    97.27
  224.77,   476.63,   222.23
  226.53,   479.11,   347.20
  222.58,   599.13,    94.80
  224.34,   601.61,   219.76
  226.10,   604.09,   344.72
  222.16,   724.10,    92.32
  223.92,   726.58,   217.28
  225.68,   729.06,   342.25
  348.00,   474.55,    95.50
  349.76,   477.03,   220.47
  351.52,   479.51,   345.43
  347.57,   599.52,    93.03
  349.33,   602.00,   217.99
  351.09,   604.48,   342.95
  347.14,   724.50,    90.55
  348.90,   726.98,   215.51
  350.66,   729.46,   340.48
   99.63,   476.16,   223.48
  100.32,   479.80,   348.43
  101.01,   483.45,   473.37
   99.21,   601.11,   219.84
   99.91,   604.75,   344.79
  100.60,   608.39,   469.73
   98.80,   726.06,   216.21
   99.49,   729.70,   341.15
  100.18,   733.34,   466.10
  224.63,   476.56,   222.78
  225.32,   480.20,   347.72
  226.01,   483.84,   472.67
  224.21,   601.51,   219.14
  224.90,   605.15,   344.08
  225.60,   608.79,   469.03
  223.80,   726.45,   215.50
  224.49,   730.09,   340.45
  225.18,   733.73,   465.39
  349.62,   476.95,   222.07
  350.32,   480.59,   347.02
  351.01,   484.23,   471.96
  349.21,   601.90,   218.44
  349.90,   605.54,   343.38
  350.59,   609.18,   468.33
  348.79,   726.85,   214.80
  349.49,   730.49,   339.74
  350.18,   734.13,   464.69
  101.60,   473.90,   349.54
  100.65,   472.12,   474.52
   99.69,   470.35,   599.51
  101.87,   598.88,   351.32
  100.92,   597.11,   476.30
   99.97,   595.34,   601.28
  102.14,   723.87,   353.09
  101.19,   722.10,   478.08
  100.24,   720.32,   603.06
  226.60,   473.61,   350.49
  225.64,   471.84,   475.47
  224.69,   470.06,   600.46
  226.87,   598.60,   352.27
  225.92,   596.82,   477.25
  224.96,   595.05,   602.23
  227.14,   723.59,   354.04
  226.19,   721.81,   479.02
  225.23,   720.04,   604.01
  351.59,   473.33,   351.44
  350.64,   471.55,   476.42
  349.69,   469.78,   601.41
  351.86,   598.31,   353.21
  350.91,   596.54,   478.20
  349.96,   594.77,   603.18
  352.14,   723.30,   354.99
  351.18,   721.53,   479.97
  350.23,   719.75,   604.96
  101.42,   474.54,   474.86
  102.93,   476.48,   599.83
  104.43,   478.42,   724.81
   98.68,   599.49,   472.95
  100.19,   601.43,   597.92
  101.69,   603.38,   722.90
   95.94,   724.45,   471.04
   97.45,   726.39,   596.02
   98.95,   728.33,   720.99
  226.38,   477.25,   473.31
  227.89,   479.19,   598.28
  229.39,   481.14,   723.26
  223.64,   602.21,   471.40
  225.15,   604.15,   596.37
  226.66,   606.09,   721.35
  220.90,   727.16,   469.49
  222.41,   729.11,   594.47
  223.92,   731.05,   719.44
  351.34,   479.97,   471.76
  352.85,   481.91,   596.73
  354.36,   483.85,   721.71
  348.60,   604.92,   469.85
  350.11,   606.87,   594.82
  351.62,   608.81,   719.80
  345.86,   729.88,   467.94
  347.37,   731.82,   592.92
  348.88,   733.76,   717.89
   99.70,   474.25,   598.67
   99.77,   473.64,   723.67
   99.84,   473.03,   848.67
   96.68,   599.21,   599.28
   96.76,   598.61,   724.28
   96.83,   598.00,   849.28
   93.67,   724.18,   599.90
   93.75,   723.57,   724.89
   93.82,   722.96,   849.89
  224.66,   477.26,   598.62
  224.73,   476.66,   723.61
  224.81,   476.05,   848.61
  221.65,   602.23,   599.23
  221.72,   601.62,   724.22
  221.80,   601.01,   849.22
  218.64,   727.19,   599.84
  218.71,   726.58,   724.83
  218.78,   725.97,   849.83
  349.62,   480.28,   598.56
  349.70,   479.67,   723.56
  349.77,   479.06,   848.55
  346.61,   605.24,   599.17
  346.69,   604.63,   724.17
  346.76,   604.02,   849.16
  343.60,   730.20,   599.78
  343.67,   729.59,   724.78
  343.75,   728.98,   849.77
  100.67,   601.75,    98.63
  103.44,   598.31,   223.55
  106.22,   594.87,   348.47
   99.35,   726.69,   102.09
  102.13,   723.25,   227.02
  104.90,   719.81,   351.94
   98.03,   851.64,   105.56
  100.81,   848.20,   230.49
  103.58,   844.76,   355.41
  225.63,   603.14,    95.89
  228.41,   599.70,   220.81
  231.18,   596.26,   345.73
  224.31,   728.09,    99.36
  227.09,   724.65,   224.28
  229.86,   721.21,   349.20
  223.00,   853.03,   102.83
  225.77,   849.59,   227.75
  228.54,   846.15,   352.67
  350.59,   604.54,    93.15
  353.37,   601.10,   218.08
  356.14,   597.66,   343.00
  349.28,   729.48,    96.62
  352.05,   726.04,   221.55
  354.82,   722.60,   346.47
  347.96,   854.43,   100.09
  350.73,   850.99,   225.01
  353.50,   847.55,   349.94
  101.27,   599.16,   225.88
  101.96,   598.21,   350.87
  102.66,   597.26,   475.87
  104.89,   724.10,   226.81
  105.58,   723.15,   351.80
  106.28,   722.20,   476.80
  108.51,   849.05,   227.74
  109.20,   848.10,   352.73
  109.90,   847.15,   477.73
  226.21,   595.54,   225.16
  226.91,   594.59,   350.15
  227.60,   593.64,   475.15
  229.83,   720.49,   226.09
  230.53,   719.54,   351.08
  231.22,   718.58,   476.08
  233.46,   845.43,   227.02
  234.15,   844.48,   352.01
  234.85,   843.53,   477.01
  351.16,   591.92,   224.44
  351.85,   590.97,   349.43
  352.55,   590.02,   474.42
  354.78,   716.87,   225.37
  355.47,   715.92,   350.36
  356.17,   714.97,   475.35
  358.40,   841.81,   226.30
  359.10,   840.86,   351.29
  359.79,   839.91,   476.28
  101.76,   599.02,   349.92
  104.26,   600.55,   474.88
  106.75,   602.07,   599.85
   99.32,   723.99,   348.44
  101.81,   725.51,   473.41
  104.31,   727.04,   598.37
   96.88,   848.96,   346.96
   99.37,   850.48,   471.93
  101.87,   852.01,   596.90
  226.71,   601.43,   347.39
  229.21,   602.96,   472.36
  231.70,   604.48,   597.32
  224.27,   726.40,   345.92
  226.77,   727.93,   470.88
  229.26,   729.45,   595.85
  221.83,   851.37,   344.44
  224.32,   852.89,   469.41
  226.82,   854.42,   594.37
  351.66,   603.85,   344.87
  354.16,   605.37,   469.84
  356.65,   606.89,   594.80
  349.22,   728.81,   343.39
  351.72,   730.34,   468.36
  354.21,   731.86,   593.32
  346.78,   853.78,   341.92
  349.27,   855.31,   466.88
  351.77,   856.83,   591.85
  101.03,   599.67,   474.85
   97.63,   598.20,   599.79
   94.23,   596.73,   724.74
  102.98,   724.65,   476.37
   99.58,   723.18,   601.31
   96.18,   721.71,   726.26
  104.94,   849.62,   477.89
  101.54,   848.15,   602.84
   98.14,   846.68,   727.78
  225.97,   597.67,   478.22
  222.56,   596.21,   603.17
  219.16,   594.74,   728.11
  227.92,   722.65,   479.75
  224.52,   721.18,   604.69
  221.12,   719.71,   729.64
  229.88,   847.63,   481.27
  226.48,   846.16,   606.21
  223.08,   844.69,   731.16
  350.90,   595.68,   481.60
  347.50,   594.21,   606.55
  344.10,   592.74,   731.49
  352.86,   720.65,   483.12
  349.46,   719.18,   608.07
  346.06,   717.72,   733.01
  354.82,   845.63,   484.65
  351.42,   844.16,   609.59
  348.01,   842.69,   734.54
   98.23,   600.27,   600.13
  100.46,   602.58,   725.09
  102.68,   604.89,   850.05
   94.84,   725.20,   597.88
   97.07,   727.51,   722.84
   99.30,   729.82,   847.80
   91.46,   850.14,   595.63
   93.69,   852.45,   720.59
   95.92,   854.76,   845.55
  223.16,   603.61,   597.84
  225.39,   605.92,   722.80
  227.62,   608.23,   847.76
  219.78,   728.54,   595.59
  222.01,   730.85,   720.55
  224.24,   733.16,   845.51
  216.40,   853.48,   593.35
  218.62,   855.79,   718.30
  220.85,   858.10,   843.26
  348.10,   606.95,   595.55
  350.33,   609.26,   720.51
  352.55,   611.57,   845.47
  344.71,   731.89,   593.31
  346.94,   734.20,   718.26
  349.17,   736.51,   843.22
  341.33,   856.82,   591.06
  343.56,   859.13,   716.01
  345.79,   861.44,   840.97
  225.47,    99.08,    98.45
  227.05,    99.77,   223.44
  228.62,   100.47,   348.42
  221.83,   224.02,    97.80
  223.41,   224.72,   222.78
  224.98,   225.42,   347.77
  218.19,   348.97,    97.14
  219.77,   349.66,   222.13
  221.34,   350.36,   347.12
  350.41,   102.71,    96.85
  351.98,   103.41,   221.84
  353.56,   104.10,   346.83
  346.77,   227.65,    96.20
  348.34,   228.35,   221.19
  349.92,   229.05,   346.18
  343.13,   352.60,    95.55
  344.70,   353.30,   220.54
  346.28,   353.99,   345.53
  475.35,   106.34,    95.26
  476.92,   107.04,   220.25
  478.49,   107.73,   345.24
  471.71,   231.29,    94.61
  473.28,   231.98,   219.60
  474.85,   232.68,   344.58
  468.07,   356.23,    93.96
  469.64,   356.93,   218.95
  471.21,   357.63,   343.93
  224.59,   101.34,   223.10
  222.03,   103.71,   348.06
  219.47,   106.09,   473.01
  221.93,   226.29,   220.67
  219.37,   228.66,   345.63
  216.81,   231.04,   470.58
  219.26,   351.23,   218.24
  216.70,   353.61,   343.19
  214.14,   355.99,   468.15
  349.54,   104.05,   225.61
  346.98,   106.43,   350.56
  344.42,   108.81,   475.51
  346.87,   229.00,   223.18
  344.31,   231.38,   348.13
  341.75,   233.75,   473.08
  344.21,   353.95,   220.75
  341.65,   356.32,   345.70
  339.09,   358.70,   470.65
  474.48,   106.77,   228.12
  471.92,   109.14,   353.07
  469.37,   111.52,   478.02
  471.82,   231.71,   225.69
  469.26,   234.09,   350.64
  466.70,   236.47,   475.59
  469.15,   356.66,   223.26
  466.59,   359.04,   348.21
  464.03,   361.42,   473.16
  225.34,   101.67,   351.37
  224.19,   104.96,   476.32
  223.05,   108.24,   601.27
  222.79,   226.60,   348.06
  221.65,   229.89,   473.01
  220.50,   233.17,   597.96
  220.24,   351.53,   344.75
  219.10,   354.82,   469.70
  217.95,   358.10,   594.65
  350.31,   104.25,   352.45
  349.16,   107.53,   477.40
  348.01,   110.82,   602.35
  347.76,   229.18,   349.14
  346.61,   232.46,   474.09
  345.47,   235.75,   599.04
  345.21,   354.11,   345.83
  344.07,   357.39,   470.78
  342.92,   360.68,   595.73
  475.28,   106.82,   353.53
  474.13,   110.11,   478.48
  472.98,   113.40,   603.43
  472.73,   231.75,   350.22
  471.58,   235.04,   475.17
  470.44,   238.33,   600.12
  470.18,   356.68,   346.91
  469.04,   359.97,   471.86
  467.89,   363.26,   596.81
  225.17,   101.62,   476.27
  223.27,   103.19,   601.25
  221.37,   104.76,   726.22
  224.15,   226.61,   474.69
  222.25,   228.18,   599.66
  220.35,   229.75,   724.64
  223.12,   351.59,   473.10
  221.22,   353.16,   598.08
  219.32,   354.73,   723.05
  350.15,   102.67,   478.16
  348.25,   104.24,   603.13
  346.36,   105.81,   728.11
  349.13,   227.66,   476.57
  347.23,   229.23,   601.55
  345.33,   230.80,   726.52
  348.10,   352.64,   474.99
  346.20,   354.21,   599.96
  344.30,   355.78,   724.94
  475.14,   103.72,   480.04
  473.24,   105.29,   605.02
  471.34,   106.86,   730.00
  474.11,   228.71,   478.46
  472.21,   230.28,   603.44
  470.31,   231.85,   728.41
  473.08,   353.69,   476.87
  471.18,   355.26,   601.85
  469.28,   356.83,   726.83
  225.00,    99.13,   599.61
  224.46,    97.33,   724.59
  223.92,    95.52,   849.58
  223.57,   224.10,   601.40
  223.03,   222.30,   726.39
  222.49,   220.50,   851.37
  222.14,   349.08,   603.20
  221.60,   347.28,   728.18
  221.06,   345.48,   853.17
  349.99,   100.54,   600.17
  349.45,    98.74,   725.15
  348.91,    96.94,   850.14
  348.56,   225.52,   601.96
  348.02,   223.72,   726.95
  347.48,   221.92,   851.93
  347.13,   350.50,   603.76
  346.59,   348.70,   728.74
  346.05,   346.90,   853.73
  474.98,   101.96,   600.73
  474.44,   100.16,   725.71
  473.90,    98.36,   850.70
  473.55,   226.94,   602.52
  473.01,   225.14,   727.51
  472.47,   223.34,   852.49
  472.12,   351.92,   604.32
  471.59,   350.12,   729.30
  471.05,   348.32,   854.29
  225.67,   225.58,   100.50
  228.78,   224.30,   225.45
  231.89,   223.02,   350.41
  222.04,   350.52,   101.87
  225.15,   349.24,   226.82
  228.26,   347.96,   351.78
  218.40,   475.46,   103.23
  221.52,   474.18,   228.19
  224.63,   472.90,   353.14
  350.57,   229.24,    97.42
  353.69,   227.96,   222.38
  356.80,   226.69,   347.33
  346.94,   354.18,    98.79
  350.06,   352.90,   223.75
  353.17,   351.63,   348.70
  343.31,   479.12,   100.16
  346.43,   477.84,   225.11
  349.54,   476.57,   350.07
  475.48,   232.90,    94.35
  478.60,   231.63,   219.30
  481.71,   230.35,   344.26
  471.85,   357.84,    95.72
  474.97,   356.57,   220.67
  478.08,   355.29,   345.63
  468.22,   482.78,    97.09
  471.33,   481.51,   222.04
  474.45,   480.23,   347.00
  223.72,   226.22,   226.18
  223.18,   228.89,   351.15
  222.63,   231.56,   476.12
  221.20,   351.17,   223.51
  220.66,   353.84,   348.48
  220.11,   356.50,   473.45
  218.68,   476.11,   220.83
  218.14,   478.78,   345.80
  217.59,   481.45,   470.77
  348.69,   228.75,   226.67
  348.15,   231.42,   351.64
  347.60,   234.09,   476.61
  346.17,   353.70,   224.00
  345.63,   356.37,   348.97
  345.09,   359.03,   473.94
  343.65,   478.64,   221.32
  343.11,   481.31,   346.29
  342.57,   483.98,   471.26
  473.67,   231.28,   227.16
  473.12,   233.95,   352.13
  472.58,   236.62,   477.10
  471.15,   356.23,   224.49
  470.60,   358.90,   349.46
  470.06,   361.56,   474.43
  468.63,   481.17,   221.81
  468.08,   483.84,   346.78
  467.54,   486.51,   471.75
  226.06,   225.24,   350.16
  228.86,   224.94,   475.13
  231.67,   224.63,   600.10
  228.32,   350.22,   350.42
  231.13,   349.92,   475.39
  233.93,   349.61,   600.36
  230.58,   475.20,   350.67
  233.39,   474.90,   475.64
  236.20,   474.59,   600.61
  351.00,   222.99,   347.35
  353.81,   222.68,   472.32
  356.62,   222.37,   597.29
  353.27,   347.97,   347.61
  356.07,   347.66,   472.58
  358.88,   347.35,   597.54
  355.53,   472.94,   347.86
  358.34,   472.64,   472.83
  361.15,   472.33,   597.80
  475.95,   220.73,   344.54
  478.76,   220.42,   469.51
  481.57,   220.12,   594.48
  478.22,   345.71,   344.80
  481.02,   345.40,   469.76
  483.83,   345.10,   594.73
  480.48,   470.69,   345.05
  483.29,   470.38,   470.02
  486.09,   470.08,   594.99
  224.92,   226.67,   476.85
  221.98,   230.15,   601.77
  219.03,   233.64,   726.68
  221.83,   351.58,   473.29
  218.88,   355.06,   598.21
  215.94,   358.55,   723.12
  218.73,   476.49,   469.73
  215.79,   479.97,   594.65
  212.85,   483.46,   719.57
  349.85,   229.84,   479.71
  346.90,   233.33,   604.62
  343.96,   236.81,   729.54
  346.75,   354.75,   476.15
  343.81,   358.24,   601.06
  340.87,   361.72,   725.98
  343.66,   479.66,   472.59
  340.72,   483.15,   597.51
  337.77,   486.63,   722.42
  474.77,   233.02,   482.56
  471.83,   236.50,   607.48
  468.89,   239.99,   732.39
  471.68,   357.93,   479.00
  468.74,   361.41,   603.92
  465.79,   364.90,   728.84
  468.59,   482.84,   475.44
  465.64,   486.32,   600.36
  462.70,   489.81,   725.28
  224.12,   225.67,   598.65
  226.66,   223.69,   723.61
  229.20,   221.71,   848.56
  227.29,   350.61,   600.56
  229.83,   348.63,   725.52
  232.37,   346.65,   850.48
  230.45,   475.56,   602.48
  233.00,   473.58,   727.44
  235.54,   471.60,   852.39
  349.05,   222.54,   596.06
  351.60,   220.56,   721.02
  354.14,   218.58,   845.97
  352.22,   347.48,   597.97
  354.76,   345.50,   722.93
  357.30,   343.53,   847.89
  355.39,   472.43,   599.89
  357.93,   470.45,   724.84
  360.47,   468.47,   849.80
  473.99,   219.41,   593.47
  476.53,   217.43,   718.42
  479.07,   215.45,   843.38
  477.15,   344.36,   595.38
  479.70,   342.38,   720.34
  482.24,   340.40,   845.30
  480.32,   469.30,   597.29
  482.86,   467.32,   722.25
  485.41,   465.34,   847.21
  225.39,   348.34,   101.18
  223.23,   350.03,   226.15
  221.06,   351.71,   351.12
  228.31,   473.30,    99.55
  226.15,   474.98,   224.52
  223.98,   476.67,   349.49
  231.23,   598.25,    97.91
  229.06,   599.94,   222.88
  226.90,   601.62,   347.85
  350.34,   345.45,   103.38
  348.17,   347.14,   228.35
  346.01,   348.82,   353.32
  353.26,   470.41,   101.75
  351.09,   472.09,   226.72
  348.92,   473.78,   351.69
  356.18,   595.36,   100.12
  354.01,   597.05,   225.09
  351.84,   598.73,   350.06
  475.29,   342.56,   105.59
  473.12,   344.25,   230.56
  470.95,   345.93,   355.53
  478.21,   467.52,   103.96
  476.04,   469.20,   228.93
  473.87,   470.88,   353.90
  481.13,   592.47,   102.33
  478.96,   594.16,   227.30
  476.79,   595.84,   352.27
  225.77,   350.53,   224.98
  226.19,   353.42,   349.95
  226.62,   356.31,   474.92
  227.69,   475.48,   222.09
  228.12,   478.37,   347.06
  228.55,   481.26,   472.02
  229.62,   600.44,   219.20
  230.05,   603.32,   344.16
  230.47,   606.21,   469.13
  350.75,   348.60,   224.60
  351.18,   351.48,   349.57
  351.61,   354.37,   474.53
  352.68,   473.55,   221.71
  353.10,   476.44,   346.67
  353.53,   479.32,   471.64
  354.60,   598.50,   218.81
  355.03,   601.39,   343.78
  355.46,   604.27,   468.74
  475.73,   346.66,   224.22
  476.16,   349.55,   349.18
  476.59,   352.44,   474.15
  477.66,   471.61,   221.32
  478.09,   474.50,   346.29
  478.52,   477.39,   471.25
  479.59,   596.56,   218.43
  480.01,   599.45,   343.40
  480.44,   602.34,   468.36
  223.38,   351.91,   349.65
  224.70,   354.96,   474.61
  226.03,   358.01,   599.56
  225.84,   476.85,   346.57
  227.17,   479.90,   471.53
  228.50,   482.95,   596.49
  228.31,   601.78,   343.50
  229.64,   604.83,   468.45
  230.96,   607.88,   593.41
  348.35,   349.41,   348.39
  349.67,   352.46,   473.34
  351.00,   355.51,   598.30
  350.81,   474.35,   345.31
  352.14,   477.40,   470.27
  353.46,   480.45,   595.22
  353.28,   599.28,   342.23
  354.61,   602.34,   467.19
  355.93,   605.39,   592.15
  473.32,   346.91,   347.12
  474.64,   349.96,   472.08
  475.97,   353.01,   597.03
  475.78,   471.85,   344.05
  477.11,   474.90,   469.00
  478.43,   477.95,   593.96
  478.25,   596.79,   340.97
  479.57,   599.84,   465.93
  480.90,   602.89,   590.88
  223.34,   348.38,   474.01
  225.77,   351.67,   598.94
  228.19,   354.97,   723.87
  225.28,   473.32,   470.68
  227.70,   476.61,   595.61
  230.12,   479.91,   720.54
  227.21,   598.26,   467.35
  229.64,   601.55,   592.28
  232.06,   604.85,   717.21
  348.31,   346.38,   471.64
  350.73,   349.67,   596.57
  353.15,   352.97,   721.51
  350.24,   471.32,   468.31
  352.66,   474.61,   593.24
  355.08,   477.91,   718.18
  352.18,   596.26,   464.98
  354.60,   599.56,   589.91
  357.02,   602.85,   714.84
  473.27,   344.38,   469.27
  475.69,   347.68,   594.20
  478.11,   350.97,   719.14
  475.20,   469.32,   465.94
  477.62,   472.62,   590.87
  480.04,   475.91,   715.81
  477.14,   594.26,   462.61
  479.56,   597.56,   587.54
  481.98,   600.85,   712.48
  226.26,   350.57,   600.86
  227.88,   353.39,   725.81
  229.49,   356.21,   850.77
  229.09,   475.51,   598.00
  230.70,   478.33,   722.96
  232.31,   481.15,   847.92
  231.91,   600.44,   595.15
  233.53,   603.26,   720.10
  235.14,   606.08,   845.06
  351.22,   347.71,   599.31
  352.83,   350.53,   724.27
  354.45,   353.35,   849.23
  354.05,   472.65,   596.45
  355.66,   475.47,   721.41
  357.27,   478.29,   846.37
  356.87,   597.58,   593.60
  358.48,   600.40,   718.56
  360.10,   603.22,   843.51
  476.18,   344.85,   597.76
  477.79,   347.67,   722.72
  479.40,   350.49,   847.68
  479.01,   469.79,   594.91
  480.62,   472.61,   719.86
  482.23,   475.42,   844.82
  481.83,   594.72,   592.05
  483.44,   597.54,   717.01
  485.05,   600.36,   841.97
  225.95,   473.13,   101.39
  228.20,   470.20,   226.34
  230.45,   467.28,   351.28
  223.40,   598.06,   104.36
  225.66,   595.14,   229.31
  227.91,   592.22,   354.25
  220.86,   723.00,   107.33
  223.11,   720.08,   232.28
  225.37,   717.15,   357.22
  350.90,   475.72,    99.20
  353.15,   472.80,   224.15
  355.40,   469.87,   349.09
  348.36,   600.66,   102.17
  350.61,   597.73,   227.12
  352.86,   594.81,   352.06
  345.82,   725.60,   105.14
  348.07,   722.67,   230.09
  350.32,   719.75,   355.03
  475.85,   478.32,    97.01
  478.11,   475.39,   221.96
  480.36,   472.47,   346.90
  473.31,   603.25,    99.98
  475.56,   600.33,   224.93
  477.82,   597.41,   349.87
  470.77,   728.19,   102.95
  473.02,   725.27,   227.90
  475.27,   722.34,   352.84
  225.07,   476.83,   223.70
  227.21,   474.17,   348.65
  229.36,   471.52,   473.61
  226.80,   601.79,   226.33
  228.94,   599.14,   351.28
  231.09,   596.48,   476.24
  228.53,   726.75,   228.96
  230.67,   724.10,   353.91
  232.81,   721.44,   478.87
  350.04,   475.15,   221.52
  352.18,   472.49,   346.47
  354.33,   469.83,   471.43
  351.77,   600.11,   224.15
  353.91,   597.45,   349.10
  356.05,   594.79,   474.06
  353.49,   725.07,   226.78
  355.64,   722.41,   351.73
  357.78,   719.75,   476.69
  475.01,   473.47,   219.34
  477.15,   470.81,   344.29
  479.30,   468.15,   469.25
  476.74,   598.43,   221.97
  478.88,   595.77,   346.92
  481.02,   593.11,   471.88
  478.46,   723.39,   224.60
  480.61,   720.73,   349.55
  482.75,   718.07,   474.51
  224.28,   473.16,   350.77
  225.47,   470.47,   475.73
  226.67,   467.79,   600.70
  222.47,   598.12,   353.47
  223.67,   595.43,   478.43
  224.86,   592.74,   603.40
  220.67,   723.08,   356.17
  221.86,   720.39,   481.14
  223.05,   717.70,   606.10
  349.26,   474.99,   349.61
  350.45,   472.31,   474.58
  351.65,   469.62,   599.54
  347.45,   599.95,   352.31
  348.65,   597.26,   477.28
  349.84,   594.58,   602.25
  345.65,   724.91,   355.02
  346.84,   722.22,   479.98
  348.03,   719.53,   604.95
  474.24,   476.82,   348.46
  475.44,   474.14,   473.42
  476.63,   471.45,   598.39
  472.44,   601.78,   351.16
  473.63,   599.10,   476.13
  474.82,   596.41,   601.09
  470.63,   726.74,   353.86
  471.82,   724.05,   478.83
  473.02,   721.37,   603.79
  224.75,   474.10,   476.16
  225.85,   477.01,   601.13
  226.94,   479.91,   726.09
  224.26,   599.07,   473.26
  225.36,   601.97,   598.23
  226.45,   604.88,   723.19
  223.78,   724.03,   470.36
  224.87,   726.94,   595.33
  225.97,   729.84,   720.29
  349.74,   474.56,   475.06
  350.84,   477.47,   600.02
  351.94,   480.37,   724.98
  349.26,   599.53,   472.16
  350.35,   602.43,   597.12
  351.45,   605.34,   722.08
  348.77,   724.50,   469.26
  349.87,   727.40,   594.22
  350.96,   730.30,   719.18
  474.74,   475.03,   473.95
  475.83,   477.93,   598.91
  476.93,   480.84,   723.87
  474.25,   599.99,   471.05
  475.35,   602.90,   596.01
  476.44,   605.80,   720.97
  473.76,   724.96,   468.15
  474.86,   727.86,   593.11
  475.96,   730.77,   718.07
  225.55,   475.88,   601.85
  226.67,   472.70,   726.81
  227.79,   469.51,   851.76
  222.40,   600.80,   605.06
  223.53,   597.61,   730.02
  224.65,   594.43,   854.97
  219.26,   725.71,   608.27
  220.38,   722.53,   733.22
  221.51,   719.35,   858.18
  350.50,   479.05,   600.81
  351.62,   475.87,   725.76
  352.75,   472.69,   850.72
  347.36,   603.97,   604.02
  348.48,   600.79,   728.97
  349.61,   597.60,   853.93
  344.21,   728.89,   607.23
  345.34,   725.70,   732.18
  346.46,   722.52,   857.14
  475.46,   482.22,   599.77
  476.58,   479.04,   724.72
  477.70,   475.86,   849.68
  472.31,   607.14,   602.98
  473.44,   603.96,   727.93
  474.56,   600.78,   852.88
  469.17,   732.06,   606.18
  470.29,   728.88,   731.14
  471.42,   725.69,   856.09
  224.39,   599.38,    98.76
  226.27,   600.49,   223.74
  228.14,   601.60,   348.72
  221.05,   724.33,    97.70
  222.93,   725.44,   222.68
  224.80,   726.55,   347.66
  217.71,   849.29,    96.64
  219.58,   850.39,   221.62
  221.46,   851.50,   346.60
  349.33,   602.71,    96.85
  351.21,   603.82,   221.84
  353.08,   604.93,   346.82
  345.99,   727.66,    95.80
  347.87,   728.77,   220.78
  349.74,   729.88,   345.76
  342.65,   852.61,    94.74
  344.53,   853.72,   219.72
  346.40,   854.83,   344.70
  474.27,   606.03,    94.95
  476.15,   607.14,   219.93
  478.03,   608.25,   344.91
  470.93,   730.98,    93.89
  472.81,   732.09,   218.87
  474.68,   733.20,   343.85
  467.59,   855.94,    92.83
  469.47,   857.04,   217.81
  471.34,   858.15,   342.79
  226.27,   601.74,   225.12
  229.70,   602.17,   350.07
  233.14,   602.60,   475.03
  227.71,   726.73,   224.65
  231.15,   727.16,   349.60
  234.58,   727.59,   474.56
  229.15,   851.72,   224.18
  232.59,   852.15,   349.13
  236.03,   852.59,   474.08
  351.21,   600.29,   221.69
  354.65,   600.72,   346.64
  358.09,   601.15,   471.60
  352.66,   725.28,   221.22
  356.09,   725.71,   346.17
  359.53,   726.14,   471.12
  354.10,   850.27,   220.75
  357.53,   850.70,   345.70
  360.97,   851.13,   470.65
  476.16,   598.83,   218.26
  479.59,   599.26,   343.21
  483.03,   599.69,   468.16
  477.60,   723.82,   217.79
  481.04,   724.25,   342.74
  484.47,   724.68,   467.69
  479.04,   848.81,   217.32
  482.48,   849.24,   342.27
  485.91,   849.68,   467.22
  224.33,   600.21,   350.00
  222.18,   597.53,   474.95
  220.03,   594.84,   599.91
  227.75,   725.14,   352.75
  225.59,   722.45,   477.70
  223.44,   719.76,   602.65
  231.16,   850.06,   355.49
  229.01,   847.37,   480.44
  226.86,   844.69,   605.40
  349.26,   596.75,   352.08
  347.11,   594.06,   477.03
  344.96,   591.38,   601.98
  352.68,   721.67,   354.82
  350.53,   718.99,   479.78
  348.38,   716.30,   604.73
  356.09,   846.60,   357.57
  353.94,   843.91,   482.52
  351.79,   841.22,   607.47
  474.20,   593.29,   354.16
  472.05,   590.60,   479.11
  469.90,   587.92,   604.06
  477.61,   718.21,   356.90
  475.46,   715.53,   481.85
  473.31,   712.84,   606.81
  481.03,   843.14,   359.64
  478.88,   840.45,   484.60
  476.73,   837.76,   609.55
  226.49,   598.85,   473.67
  229.42,   596.92,   598.62
  232.36,   594.99,   723.57
  227.36,   723.83,   475.58
  230.30,   721.90,   600.53
  233.23,   719.98,   725.48
  228.23,   848.81,   477.48
  231.17,   846.88,   602.43
  234.11,   844.96,   727.38
  351.45,   598.02,   470.72
  354.39,   596.09,   595.67
  357.33,   594.17,   720.62
  352.32,   723.00,   472.62
  355.26,   721.08,   597.57
  358.20,   719.15,   722.53
  353.19,   847.98,   474.53
  356.13,   846.06,   599.48
  359.07,   844.13,   724.43
  476.41,   597.19,   467.77
  479.35,   595.27,   592.72
  482.29,   593.34,   717.67
  477.28,   722.18,   469.67
  480.22,   720.25,   594.62
  483.16,   718.32,   719.57
  478.15,   847.16,   471.58
  481.09,   845.23,   596.53
  484.03,   843.31,   721.48
  223.75,   600.67,   599.76
  220.35,   599.45,   724.71
  216.94,   598.23,   849.66
  227.06,   725.62,   601.07
  223.65,   724.40,   726.02
  220.25,   723.18,   850.97
  230.36,   850.57,   602.39
  226.96,   849.35,   727.34
  223.55,   848.13,   852.28
  348.66,   597.33,   603.13
  345.26,   596.11,   728.08
  341.85,   594.89,   853.03
  351.97,   722.28,   604.45
  348.56,   721.06,   729.39
  345.16,   719.84,   854.34
  355.27,   847.23,   605.76
  351.87,   846.01,   730.71
  348.46,   844.79,   855.66
  473.57,   594.00,   606.51
  470.17,   592.77,   731.45
  466.76,   591.55,   856.40
  476.88,   718.94,   607.82
  473.47,   717.72,   732.77
  470.07,   716.50,   857.71
  480.18,   843.89,   609.13
  476.78,   842.67,   734.08
  473.37,   841.45,   859.03
  350.69,    99.44,    98.47
  347.72,    99.00,   223.43
  344.76,    98.56,   348.40
  350.72,   224.44,    98.91
  347.76,   224.00,   223.87
  344.79,   223.56,   348.84
  350.75,   349.44,    99.35
  347.79,   349.00,   224.32
  344.83,   348.56,   349.28
  475.65,    99.40,   101.43
  472.69,    98.96,   226.40
  469.72,    98.52,   351.36
  475.69,   224.40,   101.88
  472.72,   223.96,   226.84
  469.76,   223.52,   351.80
  475.72,   349.40,   102.32
  472.75,   348.96,   227.28
  469.79,   348.52,   352.25
  600.62,    99.36,   104.40
  597.65,    98.92,   229.36
  594.69,    98.48,   354.33
  600.65,   224.36,   104.84
  597.69,   223.92,   229.80
  594.72,   223.48,   354.77
  600.68,   349.36,   105.28
  597.72,   348.92,   230.25
  594.75,   348.47,   355.21
  351.40,    98.74,   226.34
  354.16,   101.06,   351.29
  356.92,   103.37,   476.24
  348.41,   223.69,   224.09
  351.18,   226.00,   349.04
  353.94,   228.31,   473.99
  345.43,   348.63,   221.85
  348.19,   350.95,   346.79
  350.95,   353.26,   471.74
  476.33,   101.68,   223.52
  479.10,   103.99,   348.47
  481.86,   106.31,   473.42
  473.35,   226.62,   221.28
  476.11,   228.94,   346.22
  478.87,   231.25,   471.17
  470.36,   351.57,   219.03
  473.12,   353.88,   343.98
  475.88,   356.19,   468.93
  601.27,   104.62,   220.71
  604.03,   106.93,   345.66
  606.79,   109.24,   470.60
  598.28,   229.56,   218.46
  601.04,   231.87,   343.41
  603.80,   234.19,   468.36
  595.29,   354.50,   216.21
  598.06,   356.82,   341.16
  600.82,   359.13,   466.11
  349.66,   100.56,   350.96
  345.94,   103.04,   475.88
  342.22,   105.51,   600.80
  349.66,   225.54,   348.49
  345.94,   228.01,   473.41
  342.22,   230.48,   598.33
  349.66,   350.51,   346.01
  345.94,   352.99,   470.93
  342.21,   355.46,   595.85
  474.61,   100.64,   354.68
  470.89,   103.11,   479.60
  467.16,   105.58,   604.52
  474.61,   225.62,   352.21
  470.88,   228.09,   477.13
  467.16,   230.56,   602.05
  474.60,   350.59,   349.73
  470.88,   353.06,   474.65
  467.16,   355.54,   599.57
  599.55,   100.72,   358.40
  595.83,   103.19,   483.32
  592.11,   105.66,   608.24
  599.55,   225.69,   355.93
  595.83,   228.16,   480.85
  592.11,   230.64,   605.77
  599.55,   350.67,   353.46
  595.83,   353.14,   478.38
  592.10,   355.61,   603.30
  350.94,   101.79,   474.09
  354.55,    98.31,   598.99
  358.15,    94.84,   723.89
  351.93,   226.74,   477.54
  355.54,   223.26,   602.44
  359.14,   219.78,   727.34
  352.92,   351.69,   480.99
  356.52,   348.21,   605.89
  360.13,   344.73,   730.79
  475.89,   100.91,   470.46
  479.49,    97.43,   595.36
  483.10,    93.95,   720.26
  476.87,   225.85,   473.91
  480.48,   222.38,   598.81
  484.09,   218.90,   723.71
  477.86,   350.80,   477.36
  481.47,   347.32,   602.26
  485.07,   343.85,   727.16
  600.83,   100.02,   466.83
  604.44,    96.54,   591.73
  608.04,    93.06,   716.63
  601.82,   224.97,   470.28
  605.42,   221.49,   595.18
  609.03,   218.01,   720.08
  602.81,   349.91,   473.73
  606.41,   346.44,   598.63
  610.02,   342.96,   723.53
  351.60,   100.66,   600.94
  354.21,   102.63,   725.90
  356.83,   104.59,   850.86
  352.39,   225.65,   598.96
  355.01,   227.61,   723.92
  357.62,   229.57,   848.88
  353.18,   350.63,   596.98
  355.80,   352.59,   721.94
  358.42,   354.55,   846.90
  476.57,    99.83,   598.34
  479.18,   101.79,   723.30
  481.80,   103.76,   848.25
  477.36,   224.81,   596.36
  479.98,   226.78,   721.32
  482.59,   228.74,   846.27
  478.15,   349.79,   594.38
  480.77,   351.76,   719.34
  483.39,   353.72,   844.29
  601.54,    99.00,   595.74
  604.15,   100.96,   720.69
  606.77,   102.92,   845.65
  602.33,   223.98,   593.76
  604.95,   225.94,   718.71
  607.56,   227.90,   843.67
  603.12,   348.96,   591.78
  605.74,   350.92,   716.73
  608.36,   352.89,   841.69
  350.76,   224.24,   100.99
  349.58,   223.42,   225.98
  348.40,   222.60,   350.97
  350.73,   349.23,   101.81
  349.55,   348.42,   226.80
  348.37,   347.60,   351.79
  350.71,   474.23,   102.62
  349.53,   473.41,   227.62
  348.35,   472.59,   352.61
  475.75,   224.25,   102.17
  474.57,   223.43,   227.16
  473.39,   222.62,   352.15
  475.73,   349.25,   102.99
  474.55,   348.43,   227.98
  473.37,   347.61,   352.97
  475.71,   474.25,   103.80
  474.53,   473.43,   228.80
  473.35,   472.61,   353.79
  600.75,   224.27,   103.35
  599.57,   223.45,   228.34
  598.39,   222.63,   353.33
  600.72,   349.26,   104.17
  599.54,   348.45,   229.16
  598.36,   347.63,   354.15
  600.70,   474.26,   104.98
  599.52,   473.44,   229.98
  598.34,   472.63,   354.97
  348.06,   226.52,   225.16
  348.04,   225.93,   350.15
  348.02,   225.33,   475.15
  349.02,   351.52,   225.75
  349.00,   350.92,   350.75
  348.98,   350.33,   475.75
  349.98,   476.51,   226.35
  349.96,   475.92,   351.35
  349.94,   475.32,   476.35
  473.06,   225.57,   225.17
  473.04,   224.97,   350.17
  473.01,   224.37,   475.17
  474.01,   350.56,   225.77
  473.99,   349.96,   350.77
  473.97,   349.37,   475.77
  474.97,   475.56,   226.37
  474.95,   474.96,   351.36
  474.93,   474.36,   476.36
  598.05,   224.61,   225.19
  598.03,   224.01,   350.19
  598.01,   223.41,   475.18
  599.01,   349.60,   225.78
  598.99,   349.00,   350.78
  598.97,   348.41,   475.78
  599.97,   474.60,   226.38
  599.95,   474.00,   351.38
  599.93,   473.40,   476.38
  349.24,   224.07,   348.70
  347.54,   226.72,   473.66
  345.84,   229.37,   598.62
  347.54,   349.03,   346.02
  345.84,   351.68,   470.98
  344.14,   354.33,   595.94
  345.84,   473.99,   343.35
  344.14,   476.64,   468.31
  342.44,   479.29,   593.27
  474.22,   225.81,   350.36
  472.52,   228.46,   475.32
  470.82,   231.11,   600.28
  472.52,   350.77,   347.69
  470.82,   353.42,   472.65
  469.12,   356.07,   597.61
  470.82,   475.73,   345.01
  469.12,   478.38,   469.98
  467.41,   481.03,   594.94
  599.20,   227.55,   352.03
  597.49,   230.20,   476.99
  595.79,   232.85,   601.95
  597.50,   352.51,   349.35
  595.79,   355.16,   474.31
  594.09,   357.80,   599.27
  595.80,   477.47,   346.68
  594.09,   480.12,   471.64
  592.39,   482.76,   596.60
  351.22,   223.87,   473.21
  347.62,   223.70,   598.16
  344.01,   223.54,   723.11
  350.30,   348.86,   473.35
  346.69,   348.70,   598.30
  343.09,   348.54,   723.24
  349.37,   473.86,   473.48
  345.77,   473.70,   598.43
  342.17,   473.54,   723.38
  476.17,   224.79,   476.82
  472.56,   224.63,   601.76
  468.96,   224.46,   726.71
  475.24,   349.78,   476.95
  471.64,   349.62,   601.90
  468.03,   349.46,   726.85
  474.32,   474.78,   477.09
  470.71,   474.62,   602.03
  467.11,   474.46,   726.98
  601.11,   225.71,   480.42
  597.51,   225.55,   605.37
  593.90,   225.38,   730.32
  600.19,   350.70,   480.56
  596.58,   350.54,   605.50
  592.98,   350.38,   730.45
  599.26,   475.70,   480.69
  595.66,   475.54,   605.64
  592.05,   475.38,   730.59
  351.95,   225.46,   601.79
  350.50,   228.86,   726.74
  349.05,   232.25,   851.68
  353.11,   350.41,   598.41
  351.65,   353.81,   723.35
  350.20,   357.20,   848.30
  354.26,   475.36,   595.03
  352.81,   478.75,   719.97
  351.36,   482.15,   844.92
  476.94,   224.35,   603.27
  475.48,   227.74,   728.22
  474.03,   231.13,   853.16
  478.09,   349.29,   599.89
  476.64,   352.69,   724.84
  475.19,   356.08,   849.78
  479.25,   474.24,   596.51
  477.80,   477.64,   721.46
  476.35,   481.03,   846.40
  601.92,   223.23,   604.76
  600.47,   226.62,   729.70
  599.02,   230.02,   854.65
  603.08,   348.18,   601.37
  601.63,   351.57,   726.32
  600.18,   354.97,   851.27
  604.24,   473.13,   597.99
  602.78,   476.52,   722.94
  601.33,   479.91,   847.88
  350.55,   349.04,   101.13
  352.14,   352.65,   226.07
  353.73,   356.25,   351.01
  347.34,   473.95,    97.57
  348.93,   477.55,   222.51
  350.52,   481.16,   347.45
  344.14,   598.86,    94.01
  345.72,   602.46,   218.95
  347.31,   606.06,   343.89
  475.50,   352.20,    99.45
  477.09,   355.81,   224.39
  478.68,   359.41,   349.33
  472.29,   477.11,    95.89
  473.88,   480.71,   220.83
  475.47,   484.32,   345.77
  469.09,   602.02,    92.33
  470.67,   605.62,   217.27
  472.26,   609.22,   342.21
  600.45,   355.36,    97.78
  602.04,   358.97,   222.71
  603.62,   362.57,   347.65
  597.24,   480.27,    94.21
  598.83,   483.87,   219.15
  600.42,   487.48,   344.09
  594.03,   605.18,    90.65
  595.62,   608.78,   215.59
  597.21,   612.39,   340.53
  348.46,   349.40,   226.08
  348.72,   348.63,   351.08
  348.97,   347.86,   476.08
  351.70,   474.35,   226.84
  351.95,   473.58,   351.84
  352.21,   472.81,   476.84
  354.93,   599.31,   227.61
  355.19,   598.54,   352.61
  355.44,   597.77,   477.60
  473.42,   346.17,   225.81
  473.67,   345.39,   350.80
  473.93,   344.62,   475.80
  476.65,   471.12,   226.57
  476.91,   470.35,   351.57
  477.16,   469.58,   476.56
  479.89,   596.08,   227.33
  480.14,   595.31,   352.33
  480.40,   594.54,   477.33
  598.38,   342.93,   225.53
  598.63,   342.16,   350.53
  598.89,   341.39,   475.52
  601.61,   467.89,   226.29
  601.87,   467.12,   351.29
  602.12,   466.35,   476.29
  604.85,   592.84,   227.06
  605.10,   592.07,   352.06
  605.36,   591.30,   477.05
  351.80,   348.59,   349.36
  349.05,   347.48,   474.32
  346.30,   346.36,   599.28
  349.36,   473.57,   350.42
  346.61,   472.45,   475.38
  343.86,   471.33,   600.35
  346.92,   598.54,   351.49
  344.17,   597.42,   476.45
  341.42,   596.30,   601.41
  476.74,   351.01,   352.13
  473.99,   349.89,   477.09
  471.25,   348.77,   602.05
  474.31,   475.98,   353.19
  471.56,   474.86,   478.15
  468.81,   473.74,   603.12
  471.87,   600.95,   354.25
  469.12,   599.83,   479.22
  466.37,   598.71,   604.18
  601.69,   353.42,   354.89
  598.94,   352.30,   479.86
  596.19,   351.19,   604.82
  599.25,   478.39,   355.96
  596.50,   477.28,   480.92
  593.75,   476.16,   605.89
  596.81,   603.37,   357.02
  594.06,   602.25,   481.99
  591.32,   601.13,   606.95
  351.22,   348.13,   476.28
  352.23,   349.05,   601.27
  353.23,   349.97,   726.26
  353.55,   473.10,   475.34
  354.56,   474.02,   600.33
  355.56,   474.94,   725.32
  355.89,   598.08,   474.40
  356.89,   599.00,   599.39
  357.89,   599.92,   724.39
  476.20,   345.79,   475.29
  477.20,   346.71,   600.28
  478.20,   347.63,   725.28
  478.53,   470.76,   474.35
  479.53,   471.68,   599.34
  480.54,   472.61,   724.34
  480.86,   595.74,   473.41
  481.86,   596.66,   598.41
  482.87,   597.58,   723.40
  601.17,   343.45,   474.30
  602.17,   344.37,   599.30
  603.18,   345.29,   724.29
  603.50,   468.42,   473.37
  604.51,   469.35,   598.36
  605.51,   470.27,   723.35
  605.83,   593.40,   472.43
  606.84,   594.32,   597.42
  607.84,   595.24,   722.41
  348.24,   348.67,   599.34
  348.47,   350.62,   724.32
  348.70,   352.57,   849.31
  351.14,   473.62,   597.38
  351.37,   475.57,   722.37
  351.60,   477.52,   847.35
  354.03,   598.57,   595.43
  354.26,   600.52,   720.41
  354.50,   602.47,   845.40
  473.21,   345.77,   599.15
  473.44,   347.72,   724.14
  473.67,   349.67,   849.12
  476.10,   470.72,   597.20
  476.33,   472.67,   722.18
  476.57,   474.62,   847.17
  479.00,   595.67,   595.24
  479.23,   597.62,   720.23
  479.46,   599.57,   845.21
  598.17,   342.87,   598.97
  598.40,   344.82,   723.95
  598.63,   346.77,   848.94
  601.07,   467.82,   597.01
  601.30,   469.77,   722.00
  601.53,   471.72,   846.98
  603.97,   592.77,   595.06
  604.20,   594.72,   720.04
  604.43,   596.67,   845.03
  351.98,   474.79,   101.82
  352.36,   477.21,   226.80
  352.74,   479.62,   351.78
  354.38,   599.75,    99.40
  354.76,   602.16,   224.38
  355.14,   604.57,   349.36
  356.78,   724.70,    96.98
  357.16,   727.11,   221.96
  357.54,   729.53,   346.94
  476.95,   472.38,   101.49
  477.33,   474.80,   226.47
  477.71,   477.21,   351.44
  479.36,   597.34,    99.07
  479.73,   599.75,   224.05
  480.11,   602.16,   349.02
  481.76,   722.29,    96.65
  482.14,   724.70,   221.63
  482.52,   727.12,   346.60
  601.93,   469.98,   101.16
  602.31,   472.39,   226.13
  602.69,   474.80,   351.11
  604.33,   594.93,    98.74
  604.71,   597.34,   223.71
  605.09,   599.76,   348.69
  606.73,   719.88,    96.32
  607.11,   722.30,   221.29
  607.49,   724.71,   346.27
  351.00,   474.63,   223.83
  349.69,   477.39,   348.80
  348.38,   480.14,   473.76
  351.69,   599.60,   221.08
  350.38,   602.35,   346.04
  349.07,   605.11,   471.01
  352.38,   724.56,   218.33
  351.07,   727.32,   343.29
  349.77,   730.08,   468.26
  475.99,   473.97,   225.15
  474.68,   476.72,   350.12
  473.37,   479.48,   475.08
  476.68,   598.93,   222.40
  475.37,   601.69,   347.37
  474.06,   604.45,   472.33
  477.37,   723.90,   219.65
  476.06,   726.66,   344.62
  474.76,   729.42,   469.58
  600.98,   473.30,   226.48
  599.67,   476.06,   351.44
  598.36,   478.82,   476.40
  601.67,   598.27,   223.73
  600.36,   601.03,   348.69
  599.06,   603.79,   473.65
  602.36,   723.24,   220.98
  601.06,   726.00,   345.94
  599.75,   728.75,   470.90
  349.78,   476.62,   348.58
  348.40,   473.52,   473.54
  347.02,   470.43,   598.49
  349.06,   601.58,   351.67
  347.68,   598.48,   476.62
  346.30,   595.39,   601.58
  348.34,   726.54,   354.76
  346.96,   723.44,   479.71
  345.58,   720.35,   604.67
  474.77,   477.31,   349.98
  473.39,   474.21,   474.94
  472.01,   471.12,   599.89
  474.05,   602.27,   353.07
  472.67,   599.17,   478.02
  471.29,   596.08,   602.98
  473.33,   727.23,   356.16
  471.95,   724.13,   481.11
  470.57,   721.04,   606.06
  599.76,   477.99,   351.38
  598.38,   474.90,   476.33
  597.00,   471.80,   601.29
  599.04,   602.95,   354.47
  597.66,   599.86,   479.42
  596.28,   596.76,   604.37
  598.32,   727.91,   357.55
  596.94,   724.82,   482.51
  595.56,   721.72,   607.46
  349.47,   476.04,   474.40
  347.15,   472.81,   599.34
  344.83,   469.58,   724.28
  351.71,   600.98,   477.68
  349.39,   597.75,   602.61
  347.07,   594.52,   727.55
  353.95,   725.91,   480.95
  351.63,   722.68,   605.88
  349.31,   719.45,   730.82
  474.43,   473.74,   476.67
  472.11,   470.51,   601.60
  469.79,   467.28,   726.54
  476.67,   598.68,   479.94
  474.35,   595.45,   604.87
  472.03,   592.22,   729.81
  478.91,   723.62,   483.21
  476.59,   720.39,   608.15
  474.27,   717.16,   733.08
  599.39,   471.44,   478.93
  597.07,   468.21,   603.86
  594.75,   464.98,   728.80
  601.63,   596.38,   482.20
  599.31,   593.15,   607.13
  596.99,   589.92,   732.07
  603.87,   721.32,   485.47
  601.55,   718.09,   610.41
  599.23,   714.86,   735.34
  351.36,   473.06,   598.01
  353.86,   471.27,   722.98
  356.36,   469.48,   847.94
  355.07,   597.99,   599.73
  357.57,   596.21,   724.69
  360.07,   594.42,   849.65
  358.78,   722.93,   601.44
  361.28,   721.14,   726.40
  363.78,   719.35,   851.36
  476.28,   469.39,   595.46
  478.78,   467.60,   720.43
  481.28,   465.81,   845.39
  479.99,   594.32,   597.18
  482.49,   592.53,   722.14
  484.99,   590.74,   847.10
  483.70,   719.25,   598.89
  486.20,   717.46,   723.85
  488.70,   715.68,   848.81
  601.20,   465.71,   592.91
  603.70,   463.92,   717.88
  606.20,   462.14,   842.84
  604.91,   590.64,   594.63
  607.41,   588.86,   719.59
  609.91,   587.07,   844.55
  608.62,   715.58,   596.34
  611.12,   713.79,   721.30
  613.62,   712.00,   846.26
  348.51,   600.19,    98.73
  351.72,   599.17,   223.68
  354.94,   598.15,   348.64
  351.02,   725.16,    99.69
  354.24,   724.14,   224.64
  357.45,   723.12,   349.60
  353.53,   850.13,   100.64
  356.75,   849.11,   225.60
  359.97,   848.09,   350.55
  473.44,   597.70,    95.49
  476.66,   596.68,   220.45
  479.87,   595.66,   345.40
  475.95,   722.68,    96.45
  479.17,   721.65,   221.41
  482.39,   720.63,   346.36
  478.47,   847.65,    97.41
  481.68,   846.63,   222.36
  484.90,   845.60,   347.32
  598.37,   595.22,    92.26
  601.59,   594.20,   217.21
  604.81,   593.17,   342.17
  600.89,   720.19,    93.21
  604.10,   719.17,   218.17
  607.32,   718.15,   343.12
  603.40,   845.16,    94.17
  606.62,   844.14,   219.13
  609.83,   843.12,   344.08
  349.29,   598.96,   226.84
  351.83,   597.97,   351.81
  354.36,   596.98,   476.78
  346.94,   723.93,   227.88
  349.47,   722.94,   352.85
  352.01,   721.95,   477.82
  344.58,   848.91,   228.92
  347.12,   847.92,   353.89
  349.65,   846.93,   478.86
  474.25,   601.34,   224.32
  476.78,   600.34,   349.29
  479.32,   599.35,   474.26
  471.89,   726.31,   225.36
  474.43,   725.32,   350.33
  476.96,   724.33,   475.30
  469.53,   851.28,   226.40
  472.07,   850.29,   351.37
  474.60,   849.30,   476.34
  599.20,   603.71,   221.81
  601.73,   602.72,   346.78
  604.27,   601.73,   471.75
  596.84,   728.68,   222.84
  599.38,   727.69,   347.82
  601.91,   726.70,   472.79
  594.49,   853.66,   223.88
  597.02,   852.67,   348.85
  599.56,   851.68,   473.82
  349.12,   600.98,   349.01
  351.33,   604.35,   473.94
  353.53,   607.72,   598.88
  349.64,   725.94,   345.63
  351.84,   729.30,   470.56
  354.05,   732.67,   595.50
  350.16,   850.89,   342.25
  352.36,   854.26,   467.18
  354.57,   857.63,   592.12
  474.10,   600.41,   346.81
  476.31,   603.77,   471.75
  478.51,   607.14,   596.68
  474.62,   725.36,   343.44
  476.82,   728.73,   468.37
  479.03,   732.10,   593.31
  475.14,   850.31,   340.06
  477.34,   853.68,   464.99
  479.55,   857.05,   589.93
  599.08,   599.83,   344.62
  601.29,   603.20,   469.56
  603.49,   606.57,   594.49
  599.60,   724.78,   341.25
  601.80,   728.15,   466.18
  604.01,   731.52,   591.12
  600.11,   849.74,   337.87
  602.32,   853.10,   462.80
  604.53,   856.47,   587.74
  350.20,   599.54,   475.72
  353.20,   601.36,   600.67
  356.19,   603.18,   725.62
  346.97,   724.49,   473.98
  349.97,   726.31,   598.93
  352.97,   728.12,   723.88
  343.75,   849.44,   472.24
  346.75,   851.25,   597.19
  349.74,   853.07,   722.14
  475.12,   602.73,   472.68
  478.12,   604.54,   597.63
  481.12,   606.36,   722.58
  471.89,   727.67,   470.94
  474.89,   729.49,   595.89
  477.89,   731.31,   720.84
  468.67,   852.62,   469.20
  471.67,   854.43,   594.15
  474.67,   856.25,   719.10
  600.04,   605.91,   469.63
  603.04,   607.72,   594.58
  606.04,   609.54,   719.53
  596.82,   730.85,   467.89
  599.82,   732.67,   592.84
  602.81,   734.49,   717.80
  593.59,   855.80,   466.15
  596.59,   857.62,   591.10
  599.59,   859.43,   716.06
  350.47,   601.00,   600.32
  350.60,   601.31,   725.32
  350.73,   601.61,   850.32
  347.20,   725.96,   600.02
  347.33,   726.26,   725.02
  347.46,   726.57,   850.02
  343.93,   850.92,   599.72
  344.07,   851.22,   724.72
  344.20,   851.52,   849.72
  475.43,   604.27,   600.18
  475.56,   604.58,   725.18
  475.69,   604.88,   850.18
  472.16,   729.23,   599.88
  472.29,   729.53,   724.88
  472.42,   729.83,   849.88
  468.89,   854.19,   599.59
  469.02,   854.49,   724.58
  469.15,   854.79,   849.58
  600.39,   607.54,   600.04
  600.52,   607.84,   725.04
  600.65,   608.15,   850.04
  597.12,   732.50,   599.75
  597.25,   732.80,   724.75
  597.38,   733.10,   849.74
  593.85,   857.46,   599.45
  593.98,   857.76,   724.45
  594.11,   858.06,   849.45
  476.19,   101.07,    98.34
  475.78,    99.35,   223.32
  475.37,    97.62,   348.31
  475.57,   226.06,   100.06
  475.17,   224.34,   225.05
  474.76,   222.61,   350.03
  474.96,   351.05,   101.78
  474.55,   349.32,   226.77
  474.14,   347.60,   351.76
  601.19,   101.68,    98.75
  600.78,    99.96,   223.74
  600.37,    98.23,   348.73
  600.57,   226.67,   100.47
  600.16,   224.94,   225.46
  599.76,   223.22,   350.45
  599.96,   351.65,   102.20
  599.55,   349.93,   227.18
  599.14,   348.21,   352.17
  726.18,   102.29,    99.17
  725.78,   100.57,   224.16
  725.37,    98.84,   349.14
  725.57,   227.28,   100.89
  725.16,   225.55,   225.88
  724.75,   223.83,   350.87
  724.96,   352.26,   102.61
  724.55,   350.54,   227.60
  724.14,   348.81,   352.59
  474.76,    98.51,   225.99
  477.53,    97.32,   350.95
  480.29,    96.13,   475.92
  472.36,   223.48,   227.24
  475.13,   222.29,   352.20
  477.90,   221.10,   477.16
  469.96,   348.45,   228.48
  472.73,   347.26,   353.45
  475.50,   346.07,   478.41
  599.70,   100.94,   223.25
  602.47,    99.74,   348.21
  605.24,    98.55,   473.17
  597.31,   225.91,   224.49
  600.07,   224.71,   349.46
  602.84,   223.52,   474.42
  594.91,   350.88,   225.74
  597.68,   349.69,   350.70
  600.44,   348.49,   475.67
  724.65,   103.36,   220.50
  727.42,   102.17,   345.46
  730.19,   100.98,   470.43
  722.25,   228.33,   221.75
  725.02,   227.14,   346.71
  727.79,   225.95,   471.67
  719.85,   353.30,   222.99
  722.62,   352.11,   347.96
  725.39,   350.92,   472.92
  474.19,    99.85,   348.09
  470.96,   103.10,   473.01
  467.74,   106.35,   597.92
  475.83,   224.80,   344.88
  472.60,   228.05,   469.80
  469.37,   231.30,   594.72
  477.46,   349.75,   341.68
  474.23,   353.00,   466.59
  471.00,   356.25,   591.51
  599.14,    98.30,   351.36
  595.91,   101.55,   476.28
  592.68,   104.80,   601.20
  600.78,   223.25,   348.16
  597.55,   226.50,   473.07
  594.32,   229.75,   597.99
  602.41,   348.20,   344.95
  599.18,   351.45,   469.86
  595.95,   354.70,   594.78
  724.09,    96.75,   354.63
  720.86,   100.00,   479.55
  717.63,   103.25,   604.47
  725.72,   221.70,   351.43
  722.49,   224.95,   476.34
  719.26,   228.20,   601.26
  727.36,   346.65,   348.22
  724.13,   349.90,   473.13
  720.90,   353.15,   598.05
  474.03,   101.05,   473.31
  477.21,   100.44,   598.26
  480.40,    99.83,   723.22
  473.21,   226.04,   473.94
  476.39,   225.43,   598.89
  479.57,   224.83,   723.85
  472.39,   351.04,   474.57
  475.57,   350.43,   599.52
  478.75,   349.82,   724.48
  598.99,   101.88,   470.13
  602.17,   101.28,   595.09
  605.35,   100.67,   720.04
  598.17,   226.88,   470.76
  601.35,   226.27,   595.72
  604.53,   225.66,   720.67
  597.35,   351.88,   471.39
  600.53,   351.27,   596.35
  603.71,   350.66,   721.30
  723.95,   102.72,   466.95
  727.13,   102.11,   591.91
  730.31,   101.50,   716.87
  723.12,   227.72,   467.58
  726.31,   227.11,   592.54
  729.49,   226.50,   717.50
  722.30,   352.71,   468.21
  725.48,   352.10,   593.17
  728.67,   351.50,   718.13
  474.30,   100.45,   600.74
  476.24,    98.19,   725.70
  478.18,    95.93,   850.67
  473.03,   225.42,   603.02
  474.97,   223.16,   727.98
  476.91,   220.91,   852.95
  471.75,   350.39,   605.29
  473.69,   348.14,   730.26
  475.64,   345.88,   855.22
  599.28,   101.76,   598.82
  601.22,    99.50,   723.79
  603.16,    97.24,   848.75
  598.01,   226.73,   601.10
  599.95,   224.47,   726.06
  601.89,   222.21,   851.03
  596.73,   351.70,   603.37
  598.67,   349.44,   728.34
  600.61,   347.19,   853.30
  724.26,   103.06,   596.90
  726.20,   100.81,   721.87
  728.14,    98.55,   846.83
  722.98,   228.04,   599.18
  724.93,   225.78,   724.14
  726.87,   223.52,   849.11
  721.71,   353.01,   601.46
  723.65,   350.75,   726.42
  725.59,   348.50,   851.39
  476.18,   224.21,    98.70
  473.56,   226.48,   223.66
  470.93,   228.76,   348.61
  475.55,   349.19,    96.42
  472.92,   351.46,   221.37
  470.30,   353.73,   346.32
  474.91,   474.16,    94.13
  472.29,   476.44,   219.08
  469.66,   478.71,   344.03
  601.16,   224.89,   101.32
  598.53,   227.17,   226.27
  595.90,   229.44,   351.22
  600.52,   349.87,    99.03
  597.90,   352.14,   223.98
  595.27,   354.42,   348.93
  599.89,   474.85,    96.74
  597.26,   477.12,   221.69
  594.63,   479.39,   346.65
  726.13,   225.57,   103.93
  723.50,   227.85,   228.88
  720.88,   230.12,   353.83
  725.49,   350.55,   101.64
  722.87,   352.83,   226.59
  720.24,   355.10,   351.55
  724.86,   475.53,    99.36
  722.23,   477.80,   224.31
  719.61,   480.08,   349.26
  473.35,   225.44,   225.07
  472.25,   226.35,   350.06
  471.14,   227.26,   475.05
  473.32,   350.44,   224.16
  472.22,   351.35,   349.15
  471.11,   352.26,   474.14
  473.29,   475.44,   223.25
  472.18,   476.35,   348.24
  471.08,   477.26,   473.23
  598.34,   225.48,   226.17
  597.24,   226.39,   351.16
  596.14,   227.30,   476.15
  598.31,   350.48,   225.26
  597.21,   351.39,   350.25
  596.11,   352.30,   475.24
  598.28,   475.48,   224.35
  597.18,   476.39,   349.34
  596.08,   477.30,   474.33
  723.34,   225.52,   227.27
  722.24,   226.43,   352.27
  721.13,   227.34,   477.26
  723.31,   350.52,   226.36
  722.21,   351.43,   351.36
  721.10,   352.34,   476.35
  723.28,   475.52,   225.45
  722.17,   476.43,   350.45
  721.07,   477.34,   475.44
  475.40,   225.04,   351.41
  474.18,   227.39,   476.38
  472.97,   229.75,   601.36
  476.51,   350.01,   349.07
  475.29,   352.37,   474.04
  474.08,   354.72,   599.01
  477.62,   474.99,   346.73
  476.40,   477.34,   471.70
  475.19,   479.69,   596.67
  600.39,   223.95,   352.65
  599.17,   226.31,   477.62
  597.96,   228.66,   602.59
  601.50,   348.93,   350.31
  600.28,   351.28,   475.28
  599.07,   353.63,   600.25
  602.61,   473.90,   347.96
  601.39,   476.25,   472.94
  600.18,   478.61,   597.91
  725.38,   222.87,   353.89
  724.16,   225.22,   478.86
  722.94,   227.58,   603.83
  726.49,   347.84,   351.55
  725.27,   350.19,   476.52
  724.05,   352.55,   601.49
  727.60,   472.81,   349.20
  726.38,   475.17,   474.17
  725.16,   477.52,   599.15
  473.25,   223.95,   476.80
  469.49,   225.06,   601.74
  465.73,   226.16,   726.68
  469.96,   348.90,   475.60
  466.20,   350.01,   600.54
  462.44,   351.12,   725.48
  466.67,   473.85,   474.39
  462.91,   474.96,   599.33
  459.15,   476.07,   724.27
  598.15,   227.28,   480.54
  594.39,   228.38,   605.47
  590.63,   229.49,   730.41
  594.86,   352.23,   479.33
  591.10,   353.33,   604.27
  587.34,   354.44,   729.21
  591.57,   477.18,   478.13
  587.81,   478.28,   603.06
  584.05,   479.39,   728.00
  723.05,   230.60,   484.27
  719.29,   231.71,   609.21
  715.53,   232.81,   734.15
  719.76,   355.55,   483.06
  716.00,   356.66,   608.00
  712.24,   357.76,   732.94
  716.47,   480.50,   481.86
  712.71,   481.61,   606.80
  708.95,   482.71,   731.74
  473.64,   226.84,   599.59
  477.21,   223.14,   724.48
  480.78,   219.43,   849.38
  471.87,   351.77,   603.35
  475.44,   348.07,   728.24
  479.01,   344.36,   853.13
  470.10,   476.70,   607.10
  473.67,   473.00,   732.00
  477.24,   469.29,   856.89
  598.58,   228.72,   596.07
  602.15,   225.01,   720.97
  605.72,   221.31,   845.86
  596.81,   353.65,   599.83
  600.38,   349.94,   724.73
  603.94,   346.24,   849.62
  595.04,   478.58,   603.59
  598.60,   474.87,   728.48
  602.17,   471.17,   853.38
  723.52,   230.59,   592.56
  727.08,   226.89,   717.46
  730.65,   223.18,   842.35
  721.74,   355.53,   596.32
  725.31,   351.82,   721.21
  728.88,   348.11,   846.11
  719.97,   480.46,   600.08
  723.54,   476.75,   724.97
  727.11,   473.05,   849.86
  473.89,   351.73,    99.83
  474.26,   349.18,   224.81
  474.62,   346.64,   349.78
  477.14,   476.66,   102.37
  477.50,   474.11,   227.34
  477.86,   471.57,   352.32
  480.38,   601.59,   104.91
  480.74,   599.05,   229.88
  481.11,   596.50,   354.85
  598.85,   348.49,    99.41
  599.21,   345.95,   224.38
  599.58,   343.40,   349.35
  602.10,   473.43,   101.94
  602.46,   470.88,   226.92
  602.82,   468.33,   351.89
  605.34,   598.36,   104.48
  605.70,   595.81,   229.45
  606.06,   593.26,   354.43
  723.81,   345.26,    98.98
  724.17,   342.71,   223.95
  724.53,   340.16,   348.92
  727.05,   470.19,   101.51
  727.41,   467.64,   226.49
  727.78,   465.10,   351.46
  730.30,   595.12,   104.05
  730.66,   592.58,   229.02
  731.02,   590.03,   354.00
  475.55,   349.00,   225.79
  474.67,   347.06,   350.78
  473.80,   345.12,   475.76
  475.76,   473.98,   227.73
  474.89,   472.04,   352.71
  474.01,   470.11,   477.70
  475.98,   598.97,   229.67
  475.10,   597.03,   354.65
  474.23,   595.09,   479.63
  600.54,   348.77,   226.67
  599.67,   346.83,   351.65
  598.79,   344.89,   476.63
  600.76,   473.75,   228.60
  599.89,   471.81,   353.59
  599.01,   469.88,   478.57
  600.98,   598.74,   230.54
  600.10,   596.80,   355.52
  599.23,   594.86,   480.51
  725.54,   348.54,   227.54
  724.67,   346.60,   352.52
  723.79,   344.66,   477.50
  725.76,   473.52,   229.48
  724.88,   471.58,   354.46
  724.01,   469.65,   479.44
  725.97,   598.51,   231.41
  725.10,   596.57,   356.40
  724.22,   594.63,   481.38
  476.34,   348.36,   350.37
  476.75,   348.43,   475.37
  477.15,   348.51,   600.36
  474.94,   473.35,   350.29
  475.34,   473.43,   475.29
  475.75,   473.50,   600.29
  473.54,   598.34,   350.22
  473.94,   598.42,   475.22
  474.35,   598.50,   600.22
  601.33,   349.76,   349.96
  601.74,   349.84,   474.96
  602.14,   349.91,   599.96
  599.93,   474.75,   349.89
  600.34,   474.83,   474.89
  600.74,   474.91,   599.88
  598.53,   599.74,   349.81
  598.93,   599.82,   474.81
  599.34,   599.90,   599.81
  726.32,   351.16,   349.55
  726.73,   351.24,   474.55
  727.13,   351.32,   599.55
  724.92,   476.15,   349.48
  725.33,   476.23,   474.48
  725.73,   476.31,   599.48
  723.52,   601.14,   349.41
  723.92,   601.22,   474.41
  724.33,   601.30,   599.40
  475.01,   349.69,   475.31
  475.42,   347.47,   600.29
  475.83,   345.25,   725.27
  477.28,   474.65,   477.52
  477.69,   472.43,   602.50
  478.10,   470.21,   727.48
  479.55,   599.61,   479.73
  479.96,   597.39,   604.71
  480.37,   595.17,   729.69
  599.99,   347.43,   474.85
  600.40,   345.21,   599.83
  600.81,   342.99,   724.81
  602.26,   472.39,   477.07
  602.67,   470.17,   602.05
  603.08,   467.95,   727.03
  604.53,   597.35,   479.28
  604.94,   595.13,   604.26
  605.35,   592.91,   729.24
  724.96,   345.17,   474.40
  725.38,   342.94,   599.38
  725.79,   340.72,   724.36
  727.23,   470.12,   476.61
  727.65,   467.90,   601.59
  728.06,   465.68,   726.57
  729.50,   595.08,   478.83
  729.92,   592.86,   603.81
  730.33,   590.64,   728.79
  473.77,   350.19,   599.03
  477.54,   351.92,   723.96
  481.31,   353.65,   848.89
  477.23,   475.13,   597.20
  481.00,   476.86,   722.13
  484.77,   478.58,   847.06
  480.68,   600.07,   595.37
  484.45,   601.79,   720.30
  488.22,   603.52,   845.23
  598.67,   346.68,   595.31
  602.44,   348.41,   720.24
  606.21,   350.14,   845.18
  602.12,   471.62,   593.48
  605.89,   473.35,   718.41
  609.66,   475.07,   843.34
  605.58,   596.56,   591.65
  609.35,   598.28,   716.58
  613.12,   600.01,   841.51
  723.56,   343.17,   591.59
  727.33,   344.90,   716.53
  731.10,   346.63,   841.46
  727.02,   468.11,   589.76
  730.79,   469.84,   714.69
  734.56,   471.56,   839.62
  730.48,   593.05,   587.93
  734.24,   594.77,   712.86
  738.01,   596.50,   837.79
  476.91,   475.72,    98.69
  480.58,   478.62,   223.60
  484.24,   481.51,   348.51
  477.99,   600.69,    95.76
  481.65,   603.58,   220.67
  485.32,   606.47,   345.59
  479.07,   725.65,    92.83
  482.73,   728.54,   217.75
  486.39,   731.43,   342.66
  601.85,   474.56,    95.05
  605.52,   477.46,   219.96
  609.18,   480.35,   344.87
  602.93,   599.52,    92.12
  606.60,   602.42,   217.03
  610.26,   605.31,   341.95
  604.01,   724.48,    89.20
  607.67,   727.38,   214.11
  611.34,   730.27,   339.02
  726.80,   473.40,    91.41
  730.46,   476.29,   216.32
  734.12,   479.19,   341.23
  727.87,   598.36,    88.48
  731.54,   601.25,   213.40
  735.20,   604.15,   338.31
  728.95,   723.32,    85.56
  732.61,   726.22,   210.47
  736.28,   729.11,   335.38
  475.23,   474.38,   226.47
  473.57,   475.78,   351.45
  471.90,   477.17,   476.43
  472.82,   599.35,   225.04
  471.16,   600.75,   350.02
  469.49,   602.14,   475.01
  470.41,   724.32,   223.61
  468.74,   725.71,   348.59
  467.08,   727.11,   473.58
  600.20,   476.81,   228.11
  598.54,   478.21,   353.09
  596.87,   479.61,   478.07
  597.79,   601.78,   226.68
  596.12,   603.18,   351.66
  594.46,   604.57,   476.64
  595.37,   726.75,   225.25
  593.71,   728.15,   350.23
  592.04,   729.54,   475.21
  725.17,   479.24,   229.75
  723.50,   480.64,   354.73
  721.84,   482.04,   479.71
  722.75,   604.21,   228.32
  721.09,   605.61,   353.30
  719.42,   607.01,   478.28
  720.34,   729.18,   226.89
  718.67,   730.58,   351.87
  717.01,   731.97,   476.85
  474.28,   476.85,   348.04
  473.24,   480.03,   472.99
  472.19,   483.21,   597.95
  473.46,   601.80,   344.85
  472.41,   604.99,   469.80
  471.37,   608.17,   594.76
  472.63,   726.76,   341.66
  471.58,   729.94,   466.61
  470.54,   733.13,   591.57
  599.28,   477.70,   349.06
  598.23,   480.88,   474.02
  597.19,   484.07,   598.97
  598.45,   602.66,   345.87
  597.40,   605.84,   470.83
  596.36,   609.02,   595.78
  597.62,   727.61,   342.68
  596.58,   730.80,   467.64
  595.53,   733.98,   592.59
  724.27,   478.55,   350.08
  723.22,   481.74,   475.04
  722.18,   484.92,   600.00
  723.44,   603.51,   346.90
  722.40,   606.69,   471.85
  721.35,   609.88,   596.81
  722.62,   728.47,   343.71
  721.57,   731.65,   468.66
  720.53,   734.83,   593.62
  476.45,   476.10,   476.00
  473.20,   474.27,   600.94
  469.95,   472.43,   725.89
  477.00,   601.09,   477.85
  473.75,   599.25,   602.79
  470.50,   597.42,   727.74
  477.55,   726.07,   479.70
  474.30,   724.24,   604.64
  471.05,   722.41,   729.58
  601.40,   475.50,   479.24
  598.15,   473.67,   604.18
  594.91,   471.83,   729.13
  601.96,   600.49,   481.09
  598.71,   598.65,   606.03
  595.46,   596.82,   730.98
  602.51,   725.47,   482.94
  599.26,   723.64,   607.88
  596.01,   721.80,   732.83
  726.36,   474.90,   482.48
  723.11,   473.07,   607.43
  719.86,   471.23,   732.37
  726.91,   599.89,   484.33
  723.66,   598.05,   609.27
  720.41,   596.22,   734.22
  727.47,   724.87,   486.18
  724.22,   723.04,   611.12
  720.97,   721.20,   736.07
  475.54,   475.05,   600.83
  478.22,   472.71,   725.78
  480.91,   470.37,   850.73
  473.02,   600.00,   603.23
  475.71,   597.66,   728.18
  478.39,   595.32,   853.12
  470.51,   724.96,   605.62
  473.20,   722.61,   730.57
  475.88,   720.27,   855.52
  600.48,   477.62,   598.19
  603.17,   475.27,   723.14
  605.85,   472.93,   848.09
  597.97,   602.57,   600.59
  600.65,   600.22,   725.54
  603.34,   597.88,   850.49
  595.46,   727.52,   602.99
  598.14,   725.18,   727.94
  600.83,   722.83,   852.89
  725.43,   480.18,   595.55
  728.11,   477.84,   720.50
  730.80,   475.49,   845.45
  722.92,   605.13,   597.95
  725.60,   602.79,   722.90
  728.29,   600.44,   847.85
  720.40,   730.08,   600.35
  723.09,   727.74,   725.30
  725.77,   725.40,   850.25
  474.38,   601.12,   100.81
  475.90,   604.12,   225.76
  477.41,   607.12,   350.72
  478.10,   726.02,    97.76
  479.62,   729.03,   222.72
  481.13,   732.03,   347.67
  481.82,   850.93,    94.72
  483.34,   853.93,   219.67
  484.85,   856.94,   344.63
  599.32,   597.36,    99.38
  600.83,   600.36,   224.34
  602.35,   603.37,   349.29
  603.04,   722.27,    96.34
  604.55,   725.27,   221.29
  606.07,   728.27,   346.25
  606.76,   847.18,    93.29
  608.27,   850.18,   218.25
  609.79,   853.18,   343.20
  724.26,   593.61,    97.96
  725.77,   596.61,   222.92
  727.28,   599.61,   347.87
  727.97,   718.52,    94.91
  729.49,   721.52,   219.87
  731.00,   724.52,   344.82
  731.69,   843.42,    91.87
  733.21,   846.42,   216.82
  734.72,   849.43,   341.78
  473.52,   599.43,   226.88
  474.08,   597.44,   351.86
  474.65,   595.46,   476.84
  476.42,   724.38,   228.85
  476.99,   722.39,   353.83
  477.55,   720.41,   478.81
  479.32,   849.33,   230.82
  479.89,   847.34,   355.80
  480.45,   845.36,   480.78
  598.49,   596.53,   226.27
  599.05,   594.55,   351.25
  599.61,   592.57,   476.23
  601.39,   721.49,   228.24
  601.95,   719.50,   353.22
  602.51,   717.52,   478.21
  604.29,   846.44,   230.21
  604.85,   844.45,   355.19
  605.41,   842.47,   480.18
  723.45,   593.64,   225.66
  724.01,   591.66,   350.64
  724.58,   589.67,   475.63
  726.35,   718.59,   227.63
  726.92,   716.61,   352.61
  727.48,   714.62,   477.60
  729.25,   843.54,   229.60
  729.82,   841.56,   354.58
  730.38,   839.58,   479.57
  474.87,   600.32,   350.75
  472.12,   602.64,   475.70
  469.38,   604.95,   600.65
  478.12,   725.26,   348.51
  475.37,   727.57,   473.46
  472.63,   729.89,   598.41
  481.37,   850.20,   346.27
  478.62,   852.51,   471.22
  475.88,   854.82,   596.17
  599.79,   597.12,   353.56
  597.05,   599.44,   478.51
  594.31,   601.75,   603.45
  603.04,   722.06,   351.32
  600.30,   724.37,   476.27
  597.56,   726.69,   601.21
  606.30,   847.00,   349.08
  603.55,   849.31,   474.02
  600.81,   851.62,   598.97
  724.72,   593.92,   356.36
  721.98,   596.23,   481.31
  719.23,   598.55,   606.26
  727.97,   718.86,   354.12
  725.23,   721.17,   479.07
  722.48,   723.48,   604.02
  731.22,   843.80,   351.88
  728.48,   846.11,   476.83
  725.74,   848.42,   601.78
  473.06,   601.86,   475.74
  474.66,   604.26,   600.71
  476.26,   606.65,   725.67
  473.08,   726.84,   473.35
  474.68,   729.23,   598.31
  476.27,   731.63,   723.28
  473.09,   851.82,   470.95
  474.69,   854.21,   595.92
  476.29,   856.61,   720.88
  598.05,   601.82,   474.14
  599.65,   604.21,   599.11
  601.25,   606.61,   724.08
  598.07,   726.79,   471.75
  599.67,   729.19,   596.71
  601.26,   731.58,   721.68
  598.08,   851.77,   469.35
  599.68,   854.17,   594.32
  601.28,   856.56,   719.29
  723.04,   601.77,   472.55
  724.64,   604.17,   597.51
  726.24,   606.56,   722.48
  723.06,   726.75,   470.15
  724.66,   729.14,   595.12
  726.25,   731.54,   720.08
  723.07,   851.73,   467.76
  724.67,   854.12,   592.72
  726.27,   856.52,   717.69
  474.32,   598.02,   600.10
  477.08,   597.97,   725.07
  479.83,   597.93,   850.04
  475.13,   723.01,   600.13
  477.88,   722.97,   725.09
  480.64,   722.93,   850.06
  475.93,   848.01,   600.15
  478.69,   847.97,   725.12
  481.44,   847.92,   850.09
  599.29,   597.21,   597.34
  602.04,   597.17,   722.31
  604.80,   597.12,   847.28
  600.09,   722.21,   597.37
  602.85,   722.17,   722.34
  605.60,   722.12,   847.31
  600.90,   847.21,   597.40
  603.65,   847.16,   722.37
  606.41,   847.12,   847.34
  724.26,   596.41,   594.59
  727.01,   596.36,   719.56
  729.77,   596.32,   844.53
  725.06,   721.41,   594.61
  727.82,   721.36,   719.58
  730.57,   721.32,   844.55
  725.87,   846.40,   594.64
  728.62,   846.36,   719.61
  731.38,   846.32,   844.58
  600.55,   101.68,    99.03
  597.39,   101.50,   223.99
  594.23,   101.32,   348.95
  600.89,   226.68,    99.22
  597.73,   226.50,   224.18
  594.57,   226.32,   349.14
  601.22,   351.68,    99.42
  598.06,   351.50,   224.38
  594.90,   351.31,   349.34
  725.51,   101.34,   102.20
  722.35,   101.16,   227.15
  719.19,   100.98,   352.11
  725.85,   226.34,   102.39
  722.69,   226.16,   227.35
  719.52,   225.98,   352.31
  726.18,   351.34,   102.58
  723.02,   351.16,   227.54
  719.86,   350.98,   352.50
  850.47,   101.00,   105.36
  847.31,   100.82,   230.32
  844.15,   100.64,   355.28
  850.81,   226.00,   105.55
  847.65,   225.82,   230.51
  844.48,   225.64,   355.47
  851.14,   351.00,   105.74
  847.98,   350.82,   230.70
  844.82,   350.64,   355.66
  601.37,    99.67,   223.52
  604.05,    96.61,   348.46
  606.72,    93.54,   473.39
  602.91,   224.63,   226.56
  605.58,   221.56,   351.49
  608.25,   218.49,   476.43
  604.44,   349.58,   229.59
  607.11,   346.51,   354.53
  609.78,   343.45,   479.46
  726.34,    98.21,   220.81
  729.01,    95.14,   345.75
  731.68,    92.07,   470.68
  727.87,   223.16,   223.85
  730.54,   220.09,   348.78
  733.21,   217.03,   473.72
  729.40,   348.11,   226.88
  732.07,   345.05,   351.82
  734.75,   341.98,   476.75
  851.30,    96.74,   218.11
  853.97,    93.67,   343.04
  856.64,    90.61,   467.97
  852.83,   221.69,   221.14
  855.50,   218.63,   346.07
  858.18,   215.56,   471.01
  854.36,   346.65,   224.18
  857.04,   343.58,   349.11
  859.71,   340.51,   474.04
  598.22,    98.38,   349.13
  595.04,    96.92,   474.08
  591.87,    95.46,   599.03
  601.89,   223.31,   350.69
  598.72,   221.85,   475.64
  595.55,   220.39,   600.59
  605.57,   348.25,   352.24
  602.40,   346.79,   477.19
  599.23,   345.33,   602.14
  723.12,    94.66,   352.26
  719.95,    93.20,   477.21
  716.78,    91.74,   602.16
  726.80,   219.60,   353.81
  723.63,   218.14,   478.76
  720.45,   216.68,   603.72
  730.48,   344.54,   355.37
  727.30,   343.08,   480.32
  724.13,   341.62,   605.27
  848.03,    90.95,   355.39
  844.86,    89.49,   480.34
  841.68,    88.03,   605.29
  851.70,   215.88,   356.94
  848.53,   214.42,   481.89
  845.36,   212.96,   606.84
  855.38,   340.82,   358.49
  852.21,   339.36,   483.45
  849.04,   337.90,   608.40
  599.40,    99.03,   475.51
  601.93,    97.52,   600.47
  604.45,    96.01,   725.44
  598.85,   224.02,   477.03
  601.37,   222.51,   601.99
  603.90,   221.00,   726.96
  598.29,   349.01,   478.55
  600.81,   347.50,   603.51
  603.34,   345.99,   728.48
  724.37,    99.62,   472.99
  726.90,    98.11,   597.95
  729.42,    96.60,   722.92
  723.82,   224.61,   474.51
  726.34,   223.10,   599.47
  728.87,   221.59,   724.44
  723.26,   349.60,   476.03
  725.79,   348.09,   600.99
  728.31,   346.58,   725.96
  849.35,   100.20,   470.47
  851.87,    98.70,   595.44
  854.40,    97.19,   720.40
  848.79,   225.19,   471.99
  851.32,   223.69,   596.96
  853.84,   222.18,   721.92
  848.24,   350.18,   473.51
  850.76,   348.67,   598.48
  853.29,   347.17,   723.44
  598.53,   100.34,   598.68
  595.68,    96.82,   723.60
  592.82,    93.30,   848.52
  601.37,   225.25,   602.26
  598.52,   221.74,   727.18
  595.67,   218.22,   852.10
  604.22,   350.17,   605.85
  601.36,   346.65,   730.76
  598.51,   343.14,   855.68
  723.46,    97.41,   601.45
  720.61,    93.90,   726.37
  717.76,    90.38,   851.29
  726.31,   222.33,   605.03
  723.45,   218.81,   729.95
  720.60,   215.30,   854.87
  729.15,   347.24,   608.62
  726.30,   343.73,   733.53
  723.45,   340.21,   858.45
  848.40,    94.49,   604.22
  845.55,    90.97,   729.14
  842.69,    87.45,   854.06
  851.24,   219.40,   607.81
  848.39,   215.89,   732.72
  845.54,   212.37,   857.64
  854.09,   344.32,   611.39
  851.23,   340.80,   736.31
  848.38,   337.29,   861.22
  598.81,   224.72,    99.01
  598.36,   225.66,   224.01
  597.91,   226.60,   349.00
  595.15,   349.66,    98.06
  594.70,   350.60,   223.06
  594.25,   351.54,   348.05
  591.49,   474.61,    97.11
  591.04,   475.54,   222.11
  590.59,   476.48,   347.10
  723.76,   228.39,    99.43
  723.31,   229.32,   224.43
  722.86,   230.26,   349.43
  720.09,   353.33,    98.49
  719.64,   354.27,   223.48
  719.19,   355.20,   348.48
  716.43,   478.27,    97.54
  715.98,   479.21,   222.53
  715.53,   480.15,   347.53
  848.70,   232.05,    99.86
  848.25,   232.99,   224.85
  847.80,   233.93,   349.85
  845.04,   357.00,    98.91
  844.59,   357.93,   223.90
  844.14,   358.87,   348.90
  841.38,   481.94,    97.96
  840.93,   482.88,   222.95
  840.48,   483.81,   347.95
  600.32,   224.08,   226.08
  602.58,   225.52,   351.05
  604.83,   226.96,   476.02
  599.22,   349.06,   224.65
  601.47,   350.51,   349.62
  603.73,   351.95,   474.59
  598.11,   474.05,   223.23
  600.36,   475.49,   348.20
  602.62,   476.94,   473.17
  725.30,   225.16,   223.81
  727.55,   226.60,   348.78
  729.81,   228.05,   473.75
  724.19,   350.15,   222.38
  726.45,   351.59,   347.36
  728.70,   353.03,   472.33
  723.08,   475.13,   220.96
  725.34,   476.58,   345.93
  727.59,   478.02,   470.90
  850.27,   226.24,   221.54
  852.53,   227.68,   346.51
  854.78,   229.13,   471.48
  849.17,   351.23,   220.12
  851.42,   352.67,   345.09
  853.68,   354.11,   470.06
  848.06,   476.22,   218.69
  850.31,   477.66,   343.66
  852.57,   479.10,   468.64
  598.56,   223.26,   351.46
  600.99,   220.60,   476.41
  603.42,   217.94,   601.36
  596.86,   348.22,   354.16
  599.29,   345.56,   479.11
  601.72,   342.89,   604.05
  595.17,   473.18,   356.85
  597.60,   470.52,   481.80
  600.03,   467.85,   606.75
  723.52,   225.01,   349.07
  725.95,   222.34,   474.02
  728.38,   219.68,   598.96
  721.83,   349.97,   351.76
  724.26,   347.30,   476.71
  726.69,   344.64,   601.66
  720.13,   474.92,   354.46
  722.56,   472.26,   479.41
  724.99,   469.60,   604.36
  848.49,   226.75,   346.67
  850.92,   224.09,   471.62
  853.35,   221.43,   596.57
  846.79,   351.71,   349.37
  849.22,   349.05,   474.32
  851.65,   346.39,   599.27
  845.10,   476.67,   352.07
  847.53,   474.01,   477.01
  849.96,   471.35,   601.96
  600.85,   225.27,   474.50
  601.15,   226.54,   599.49
  601.44,   227.82,   724.48
  602.17,   350.25,   473.22
  602.46,   351.53,   598.21
  602.75,   352.80,   723.21
  603.48,   475.24,   471.94
  603.77,   476.51,   596.94
  604.06,   477.79,   721.93
  725.85,   223.95,   474.22
  726.14,   225.23,   599.21
  726.43,   226.50,   724.21
  727.16,   348.94,   472.94
  727.45,   350.21,   597.93
  727.74,   351.49,   722.93
  728.47,   473.93,   471.66
  728.76,   475.20,   596.66
  729.05,   476.47,   721.65
  850.84,   222.64,   473.94
  851.13,   223.91,   598.93
  851.42,   225.19,   723.93
  852.15,   347.62,   472.66
  852.44,   348.90,   597.66
  852.73,   350.17,   722.65
  853.46,   472.61,   471.39
  853.75,   473.89,   596.38
  854.05,   475.16,   721.37
  599.24,   224.51,   598.40
  598.46,   226.75,   723.38
  597.68,   228.99,   848.35
  601.55,   349.47,   596.17
  600.78,   351.71,   721.15
  600.00,   353.95,   846.13
  603.87,   474.43,   593.95
  603.09,   476.67,   718.93
  602.32,   478.91,   843.91
  724.21,   222.21,   599.22
  723.43,   224.45,   724.19
  722.66,   226.69,   849.17
  726.53,   347.17,   596.99
  725.75,   349.41,   721.97
  724.97,   351.65,   846.95
  728.85,   472.13,   594.77
  728.07,   474.37,   719.75
  727.29,   476.60,   844.72
  849.19,   219.91,   600.03
  848.41,   222.15,   725.01
  847.63,   224.38,   849.99
  851.51,   344.87,   597.81
  850.73,   347.10,   722.79
  849.95,   349.34,   847.77
  853.82,   469.82,   595.59
  853.05,   472.06,   720.57
  852.27,   474.30,   845.54
  599.64,   349.08,   100.88
  598.47,   351.46,   225.85
  597.31,   353.83,   350.82
  596.42,   474.01,    98.47
  595.26,   476.39,   223.44
  594.09,   478.77,   348.42
  593.20,   598.95,    96.07
  592.04,   601.33,   221.04
  590.87,   603.70,   346.01
  724.59,   352.32,   101.98
  723.43,   354.69,   226.95
  722.26,   357.07,   351.93
  721.37,   477.25,    99.58
  720.21,   479.63,   224.55
  719.05,   482.01,   349.52
  718.16,   602.19,    97.17
  716.99,   604.57,   222.14
  715.83,   606.94,   347.11
  849.54,   355.56,   103.08
  848.38,   357.93,   228.06
  847.22,   360.31,   353.03
  846.33,   480.49,   100.68
  845.16,   482.87,   225.65
  844.00,   485.25,   350.62
  843.11,   605.43,    98.27
  841.95,   607.80,   223.24
  840.78,   610.18,   348.22
  600.59,   349.42,   226.94
  602.76,   350.59,   351.92
  604.94,   351.75,   476.89
  600.18,   474.42,   225.78
  602.36,   475.58,   350.76
  604.53,   476.75,   475.73
  599.77,   599.41,   224.62
  601.95,   600.58,   349.60
  604.13,   601.74,   474.57
  725.57,   349.81,   224.76
  727.74,   350.97,   349.74
  729.92,   352.14,   474.71
  725.16,   474.80,   223.60
  727.34,   475.97,   348.58
  729.51,   477.13,   473.55
  724.75,   599.80,   222.44
  726.93,   600.96,   347.42
  729.11,   602.13,   472.39
  850.55,   350.20,   222.58
  852.72,   351.36,   347.56
  854.90,   352.53,   472.53
  850.14,   475.19,   221.42
  852.32,   476.36,   346.40
  854.49,   477.52,   471.37
  849.73,   600.18,   220.26
  851.91,   601.35,   345.24
  854.09,   602.52,   470.21
  601.37,   348.61,   349.08
  599.03,   350.53,   474.04
  596.70,   352.45,   599.01
  604.38,   473.55,   347.21
  602.04,   475.48,   472.18
  599.71,   477.40,   597.14
  607.39,   598.50,   345.34
  605.05,   600.43,   470.31
  602.71,   602.35,   595.27
  726.31,   345.63,   351.46
  723.97,   347.56,   476.42
  721.64,   349.48,   601.39
  729.32,   470.58,   349.59
  726.98,   472.51,   474.56
  724.65,   474.43,   599.52
  732.33,   595.53,   347.73
  729.99,   597.46,   472.69
  727.66,   599.38,   597.65
  851.25,   342.66,   353.84
  848.92,   344.58,   478.81
  846.58,   346.51,   603.77
  854.26,   467.61,   351.98
  851.93,   469.53,   476.94
  849.59,   471.46,   601.90
  857.27,   592.56,   350.11
  854.93,   594.48,   475.07
  852.60,   596.41,   600.03
  599.73,   350.67,   476.67
  603.36,   354.32,   601.56
  607.00,   357.97,   726.46
  600.28,   475.62,   473.01
  603.92,   479.27,   597.90
  607.56,   482.91,   722.79
  600.84,   600.56,   469.34
  604.48,   604.21,   594.23
  608.12,   607.86,   719.13
  724.67,   350.01,   473.05
  728.31,   353.66,   597.94
  731.95,   357.31,   722.84
  725.23,   474.96,   469.39
  728.87,   478.60,   594.28
  732.50,   482.25,   719.17
  725.79,   599.90,   465.72
  729.42,   603.55,   590.62
  733.06,   607.20,   715.51
  849.62,   349.35,   469.43
  853.26,   353.00,   594.32
  856.89,   356.64,   719.22
  850.18,   474.29,   465.77
  853.81,   477.94,   590.66
  857.45,   481.59,   715.55
  850.73,   599.24,   462.10
  854.37,   602.89,   587.00
  858.01,   606.53,   711.89
  598.16,   348.67,   601.98
  597.97,   345.23,   726.94
  597.77,   341.80,   851.89
  600.41,   473.60,   605.42
  600.22,   470.17,   730.38
  600.02,   466.73,   855.33
  602.67,   598.54,   608.87
  602.47,   595.10,   733.82
  602.28,   591.66,   858.77
  723.14,   346.41,   602.12
  722.95,   342.98,   727.07
  722.75,   339.54,   852.02
  725.39,   471.35,   605.56
  725.20,   467.91,   730.51
  725.00,   464.47,   855.46
  727.65,   596.28,   609.00
  727.45,   592.84,   733.95
  727.26,   589.40,   858.90
  848.12,   344.16,   602.25
  847.92,   340.72,   727.20
  847.73,   337.28,   852.15
  850.37,   469.09,   605.69
  850.18,   465.65,   730.64
  849.98,   462.21,   855.59
  852.62,   594.02,   609.13
  852.43,   590.58,   734.08
  852.24,   587.15,   859.04
  599.14,   476.13,    99.20
  602.18,   473.57,   224.14
  605.23,   471.02,   349.08
  598.77,   601.10,   101.76
  601.82,   598.55,   226.70
  604.86,   596.00,   351.64
  598.40,   726.07,   104.33
  601.45,   723.52,   229.26
  604.50,   720.97,   354.20
  724.10,   476.56,    96.16
  727.15,   474.00,   221.10
  730.20,   471.45,   346.04
  723.73,   601.53,    98.72
  726.78,   598.98,   223.66
  729.83,   596.43,   348.60
  723.36,   726.50,   101.28
  726.41,   723.95,   226.22
  729.46,   721.40,   351.16
  849.06,   476.99,    93.12
  852.11,   474.43,   218.06
  855.16,   471.88,   343.00
  848.69,   601.96,    95.68
  851.74,   599.41,   220.62
  854.79,   596.86,   345.56
  848.32,   726.93,    98.24
  851.37,   724.38,   223.18
  854.42,   721.83,   348.12
  598.08,   475.97,   225.32
  594.52,   479.64,   350.21
  590.96,   483.30,   475.11
  594.60,   600.86,   221.55
  591.04,   604.53,   346.45
  587.48,   608.20,   471.34
  591.12,   725.76,   217.78
  587.56,   729.43,   342.68
  584.00,   733.09,   467.57
  722.98,   479.56,   228.77
  719.42,   483.22,   353.67
  715.87,   486.89,   478.56
  719.50,   604.45,   225.01
  715.94,   608.12,   349.90
  712.38,   611.79,   474.80
  716.02,   729.34,   221.24
  712.46,   733.01,   346.13
  708.90,   736.68,   471.03
  847.89,   483.14,   232.23
  844.33,   486.81,   357.12
  840.77,   490.48,   482.02
  844.40,   608.04,   228.46
  840.84,   611.71,   353.36
  837.28,   615.38,   478.25
  840.92,   732.93,   224.69
  837.36,   736.60,   349.59
  833.80,   740.27,   474.48
  599.67,   474.22,   350.56
  602.97,   474.19,   475.51
  606.26,   474.17,   600.47
  597.87,   599.20,   350.63
  601.16,   599.18,   475.59
  604.46,   599.15,   600.54
  596.06,   724.19,   350.70
  599.36,   724.17,   475.66
  602.65,   724.14,   600.62
  724.62,   476.03,   347.26
  727.91,   476.00,   472.22
  731.21,   475.97,   597.17
  722.81,   601.01,   347.34
  726.11,   600.99,   472.29
  729.40,   600.96,   597.25
  721.01,   726.00,   347.41
  724.30,   725.97,   472.37
  727.60,   725.95,   597.32
  849.56,   477.83,   343.97
  852.86,   477.81,   468.92
  856.15,   477.78,   593.88
  847.76,   602.82,   344.04
  851.05,   602.79,   469.00
  854.35,   602.77,   593.95
  845.95,   727.81,   344.11
  849.24,   727.78,   469.07
  852.54,   727.75,   594.03
  600.97,   476.15,   474.25
  603.23,   474.35,   599.22
  605.49,   472.56,   724.19
  602.10,   601.13,   476.02
  604.36,   599.34,   600.99
  606.62,   597.54,   725.96
  603.23,   726.11,   477.80
  605.49,   724.32,   602.76
  607.74,   722.53,   727.73
  725.95,   475.05,   471.98
  728.21,   473.26,   596.95
  730.46,   471.47,   721.91
  727.08,   600.03,   473.75
  729.33,   598.24,   598.72
  731.59,   596.45,   723.68
  728.20,   725.02,   475.52
  730.46,   723.22,   600.49
  732.72,   721.43,   725.46
  850.92,   473.96,   469.71
  853.18,   472.16,   594.67
  855.44,   470.37,   719.64
  852.05,   598.94,   471.48
  854.31,   597.15,   596.44
  856.57,   595.35,   721.41
  853.18,   723.92,   473.25
  855.43,   722.13,   598.22
  857.69,   720.34,   723.18
  598.39,   476.25,   598.18
  597.85,   473.04,   723.14
  597.31,   469.83,   848.10
  598.80,   601.21,   601.40
  598.26,   597.99,   726.35
  597.72,   594.78,   851.31
  599.21,   726.16,   604.61
  598.68,   722.95,   729.57
  598.14,   719.74,   854.53
  723.39,   475.82,   598.71
  722.85,   472.61,   723.67
  722.31,   469.40,   848.63
  723.80,   600.78,   601.93
  723.26,   597.57,   726.88
  722.72,   594.36,   851.84
  724.21,   725.74,   605.14
  723.67,   722.53,   730.10
  723.13,   719.32,   855.05
  848.39,   475.40,   599.24
  847.85,   472.18,   724.20
  847.31,   468.97,   849.16
  848.80,   600.35,   602.45
  848.26,   597.14,   727.41
  847.72,   593.93,   852.37
  849.21,   725.31,   605.67
  848.67,   722.10,   730.63
  848.13,   718.89,   855.58
  598.59,   599.50,    99.95
  599.75,   596.57,   224.91
  600.90,   593.64,   349.88
  596.90,   724.45,   102.90
  598.05,   721.52,   227.86
  599.21,   718.59,   352.82
  595.20,   849.40,   105.84
  596.36,   846.47,   230.80
  597.51,   843.55,   355.76
  723.57,   601.22,    98.84
  724.73,   598.29,   223.80
  725.88,   595.36,   348.76
  721.88,   726.17,   101.78
  723.03,   723.24,   226.74
  724.19,   720.31,   351.70
  720.19,   851.12,   104.73
  721.34,   848.20,   229.69
  722.49,   845.27,   354.65
  848.56,   602.94,    97.73
  849.71,   600.01,   222.69
  850.87,   597.08,   347.65
  846.86,   727.89,   100.67
  848.02,   724.96,   225.63
  849.17,   722.04,   350.59
  845.17,   852.85,   103.61
  846.32,   849.92,   228.57
  847.48,   846.99,   353.53
  600.75,   601.79,   225.03
  598.95,   604.87,   349.98
  597.16,   607.95,   474.93
  603.27,   726.72,   221.99
  601.48,   729.81,   346.94
  599.68,   732.89,   471.89
  605.79,   851.66,   218.94
  604.00,   854.74,   343.89
  602.20,   857.83,   468.84
  725.71,   599.31,   226.89
  723.91,   602.39,   351.84
  722.12,   605.47,   476.79
  728.23,   724.24,   223.84
  726.44,   727.33,   348.79
  724.64,   730.41,   473.74
  730.76,   849.18,   220.80
  728.96,   852.26,   345.75
  727.17,   855.35,   470.70
  850.67,   596.83,   228.75
  848.88,   599.91,   353.70
  847.08,   602.99,   478.64
  853.19,   721.77,   225.70
  851.40,   724.85,   350.65
  849.60,   727.93,   475.60
  855.72,   846.70,   222.65
  853.92,   849.79,   347.60
  852.13,   852.87,   472.55
  598.91,   600.54,   349.55
  598.12,   599.10,   474.54
  597.32,   597.67,   599.53
  595.18,   725.47,   350.96
  594.39,   724.04,   475.95
  593.59,   722.61,   600.94
  591.45,   850.41,   352.37
  590.65,   848.98,   477.36
  589.86,   847.54,   602.35
  723.85,   604.26,   350.39
  723.06,   602.82,   475.38
  722.26,   601.39,   600.37
  720.12,   729.19,   351.80
  719.33,   727.76,   476.79
  718.53,   726.33,   601.78
  716.39,   854.13,   353.21
  715.60,   852.70,   478.20
  714.80,   851.26,   603.19
  848.79,   607.98,   351.23
  848.00,   606.55,   476.22
  847.20,   605.11,   601.21
  845.06,   732.91,   352.64
  844.27,   731.48,   477.63
  843.47,   730.05,   602.61
  841.33,   857.85,   354.04
  840.54,   856.42,   479.03
  839.74,   854.99,   604.02
  601.01,   600.61,   474.30
  600.96,   603.23,   599.27
  600.92,   605.85,   724.25
  598.36,   725.56,   471.69
  598.32,   728.17,   596.66
  598.27,   730.79,   721.63
  595.72,   850.50,   469.07
  595.67,   853.12,   594.04
  595.63,   855.73,   719.02
  725.98,   603.26,   474.29
  725.94,   605.88,   599.26
  725.89,   608.49,   724.24
  723.34,   728.21,   471.68
  723.29,   730.82,   596.65
  723.24,   733.44,   721.62
  720.69,   853.15,   469.06
  720.64,   855.77,   594.03
  720.60,   858.38,   719.00
  850.95,   605.91,   474.28
  850.91,   608.52,   599.25
  850.86,   611.14,   724.23
  848.31,   730.85,   471.67
  848.26,   733.47,   596.64
  848.22,   736.08,   721.61
  845.66,   855.80,   469.05
  845.62,   858.41,   594.02
  845.57,   861.03,   718.99
  601.52,   601.19,   598.57
  599.53,   600.80,   723.56
  597.55,   600.42,   848.54
  601.81,   726.19,   598.96
  599.83,   725.80,   723.95
  597.84,   725.41,   848.93
  602.10,   851.19,   599.36
  600.12,   850.80,   724.34
  598.13,   850.41,   849.32
  726.50,   600.89,   600.56
  724.52,   600.50,   725.54
  722.53,   600.12,   850.52
  726.79,   725.89,   600.95
  724.81,   725.50,   725.93
  722.82,   725.12,   850.92
  727.08,   850.89,   601.34
  725.10,   850.50,   726.32
  723.12,   850.12,   851.31
  851.49,   600.59,   602.54
  849.50,   600.21,   727.52
  847.52,   599.82,   852.51
  851.78,   725.59,   602.93
  849.79,   725.21,   727.92
  847.81,   724.82,   852.90
  852.07,   850.59,   603.32
  850.08,   850.21,   728.31
  848.10,   849.82,   853.29
