27, 125, pa2-unknown-h-output1.txt
  193.43,   209.38,   200.68
  395.38,   408.77,   206.80
   99.49,   100.14,   101.79
   96.24,    96.68,   226.70
   92.99,    93.23,   351.61
  101.26,   225.08,   105.29
   98.00,   221.62,   230.20
   94.75,   218.17,   355.11
  103.02,   350.01,   108.79
   99.77,   346.56,   233.70
   96.52,   343.11,   358.61
  224.44,    98.28,   104.99
  221.18,    94.83,   229.90
  217.93,    91.37,   354.81
  226.20,   223.22,   108.49
  222.95,   219.77,   233.40
  219.70,   216.31,   358.31
  227.96,   348.16,   111.99
  224.71,   344.71,   236.90
  221.46,   341.25,   361.81
  349.38,    96.43,   108.19
  346.13,    92.97,   233.10
  342.88,    89.52,   358.01
  351.15,   221.37,   111.69
  347.89,   217.91,   236.60
  344.64,   214.46,   361.51
  352.91,   346.31,   115.19
  349.66,   342.85,   240.10
  346.41,   339.40,   365.01
  100.37,    98.91,   224.23
   99.62,    95.85,   349.19
   98.88,    92.80,   474.16
  100.15,   223.87,   227.29
   99.41,   220.81,   352.25
   98.66,   217.76,   477.21
   99.93,   348.83,   230.34
   99.19,   345.78,   355.30
   98.44,   342.72,   480.26
  225.37,    99.11,   224.99
  224.62,    96.05,   349.95
  223.88,    93.00,   474.91
  225.15,   224.07,   228.04
  224.40,   221.01,   353.00
  223.66,   217.96,   477.96
  224.93,   349.03,   231.09
  224.18,   345.98,   356.05
  223.44,   342.92,   481.01
  350.37,    99.31,   225.74
  349.62,    96.25,   350.70
  348.87,    93.20,   475.66
  350.15,   224.27,   228.79
  349.40,   221.21,   353.75
  348.65,   218.16,   478.71
  349.93,   349.23,   231.84
  349.18,   346.18,   356.80
  348.44,   343.12,   481.76
  101.22,   100.75,   348.29
  102.63,    97.53,   473.24
  104.03,    94.31,   598.19
  104.87,   225.65,   351.47
  106.27,   222.43,   476.42
  107.68,   219.21,   601.37
  108.52,   350.56,   354.65
  109.92,   347.34,   479.60
  111.33,   344.12,   604.55
  226.16,    97.14,   346.79
  227.56,    93.92,   471.74
  228.97,    90.70,   596.69
  229.81,   222.04,   349.97
  231.21,   218.82,   474.92
  232.62,   215.60,   599.87
  233.45,   346.95,   353.15
  234.86,   343.73,   478.10
  236.27,   340.51,   603.05
  351.10,    93.53,   345.29
  352.50,    90.31,   470.24
  353.91,    87.09,   595.19
  354.75,   218.43,   348.47
  356.15,   215.21,   473.42
  357.56,   211.99,   598.37
  358.39,   343.34,   351.65
  359.80,   340.12,   476.60
  361.21,   336.90,   601.55
   98.61,    99.92,   476.64
  102.16,   100.53,   601.59
  105.71,   101.15,   726.54
   98.41,   224.92,   476.03
  101.97,   225.53,   600.98
  105.52,   226.15,   725.93
   98.22,   349.92,   475.42
  101.77,   350.53,   600.37
  105.33,   351.14,   725.32
  223.56,   100.10,   473.09
  227.11,   100.71,   598.03
  230.66,   101.32,   722.98
  223.36,   225.10,   472.48
  226.92,   225.71,   597.43
  230.47,   226.32,   722.37
  223.17,   350.09,   471.87
  226.72,   350.71,   596.82
  230.28,   351.32,   721.77
  348.51,   100.27,   469.53
  352.06,   100.89,   594.48
  355.61,   101.50,   719.43
  348.31,   225.27,   468.92
  351.87,   225.89,   593.87
  355.42,   226.50,   718.82
  348.12,   350.27,   468.32
  351.67,   350.88,   593.26
  355.23,   351.50,   718.21
  101.04,    99.02,   600.44
  103.31,    95.35,   725.36
  105.59,    91.68,   850.29
  103.04,   223.96,   604.07
  105.32,   220.29,   729.00
  107.59,   216.61,   853.92
  105.04,   348.89,   607.70
  107.32,   345.22,   732.63
  109.59,   341.55,   857.56
  226.00,    97.09,   598.10
  228.28,    93.42,   723.03
  230.55,    89.75,   847.95
  228.00,   222.02,   601.74
  230.28,   218.35,   726.66
  232.55,   214.68,   851.59
  230.01,   346.95,   605.37
  232.28,   343.28,   730.30
  234.56,   339.61,   855.22
  350.96,    95.16,   595.77
  353.24,    91.48,   720.70
  355.51,    87.81,   845.62
  352.97,   220.09,   599.40
  355.24,   216.42,   724.33
  357.52,   212.74,   849.25
  354.97,   345.02,   603.04
  357.24,   341.35,   727.96
  359.52,   337.68,   852.89
   98.57,   225.61,   101.67
  101.60,   227.68,   226.62
  104.64,   229.74,   351.57
   96.21,   350.57,    99.67
   99.25,   352.64,   224.61
  102.28,   354.71,   349.56
   93.86,   475.53,    97.66
   96.89,   477.60,   222.60
   99.93,   479.67,   347.55
  223.51,   227.92,    98.60
  226.54,   229.98,   223.55
  229.58,   232.05,   348.49
  221.15,   352.88,    96.59
  224.19,   354.94,   221.54
  227.22,   357.01,   346.48
  218.80,   477.84,    94.58
  221.83,   479.91,   219.53
  224.87,   481.97,   344.48
  348.45,   230.22,    95.53
  351.48,   232.29,   220.47
  354.52,   234.35,   345.42
  346.09,   355.18,    93.52
  349.13,   357.25,   218.47
  352.16,   359.31,   343.41
  343.74,   480.14,    91.51
  346.77,   482.21,   216.46
  349.81,   484.28,   341.40
   98.38,   224.71,   223.72
  100.11,   224.83,   348.71
  101.85,   224.96,   473.70
   99.48,   349.71,   223.59
  101.22,   349.83,   348.58
  102.95,   349.95,   473.56
  100.58,   474.70,   223.45
  102.32,   474.82,   348.44
  104.05,   474.95,   473.43
  223.36,   223.61,   221.99
  225.10,   223.73,   346.98
  226.83,   223.85,   471.97
  224.46,   348.60,   221.85
  226.20,   348.73,   346.84
  227.93,   348.85,   471.83
  225.57,   473.60,   221.72
  227.30,   473.72,   346.71
  229.04,   473.84,   471.69
  348.34,   222.51,   220.26
  350.08,   222.63,   345.24
  351.82,   222.75,   470.23
  349.45,   347.50,   220.12
  351.18,   347.62,   345.11
  352.92,   347.74,   470.10
  350.55,   472.50,   219.98
  352.28,   472.62,   344.97
  354.02,   472.74,   469.96
  100.30,   224.92,   351.06
  100.98,   227.29,   476.04
  101.66,   229.66,   601.02
  101.25,   349.89,   348.69
  101.94,   352.26,   473.66
  102.62,   354.63,   598.64
  102.21,   474.87,   346.31
  102.89,   477.24,   471.29
  103.57,   479.61,   596.26
  225.29,   223.95,   350.40
  225.98,   226.32,   475.38
  226.66,   228.69,   600.35
  226.25,   348.92,   348.02
  226.93,   351.29,   473.00
  227.61,   353.66,   597.98
  227.20,   473.90,   345.65
  227.89,   476.27,   470.62
  228.57,   478.64,   595.60
  350.29,   222.98,   349.74
  350.97,   225.35,   474.71
  351.65,   227.72,   599.69
  351.24,   347.96,   347.36
  351.93,   350.33,   472.34
  352.61,   352.70,   597.31
  352.20,   472.93,   344.98
  352.88,   475.30,   469.96
  353.56,   477.67,   594.93
   99.29,   225.79,   473.82
  100.06,   226.83,   598.82
  100.84,   227.87,   723.81
  102.39,   350.75,   472.77
  103.17,   351.79,   597.76
  103.94,   352.82,   722.75
  105.49,   475.71,   471.71
  106.27,   476.74,   596.70
  107.04,   477.78,   721.70
  224.25,   222.68,   473.07
  225.02,   223.72,   598.07
  225.80,   224.76,   723.06
  227.35,   347.64,   472.02
  228.12,   348.68,   597.01
  228.90,   349.72,   722.00
  230.45,   472.60,   470.96
  231.23,   473.64,   595.95
  232.00,   474.67,   720.95
  349.21,   219.58,   472.33
  349.98,   220.61,   597.32
  350.76,   221.65,   722.31
  352.31,   344.53,   471.27
  353.08,   345.57,   596.26
  353.86,   346.61,   721.26
  355.41,   469.49,   470.21
  356.19,   470.53,   595.21
  356.96,   471.57,   720.20
   98.96,   224.73,   599.45
  102.57,   227.96,   724.35
  106.18,   231.18,   849.26
   99.99,   349.68,   596.19
  103.60,   352.91,   721.09
  107.21,   356.14,   846.00
  101.02,   474.64,   592.93
  104.63,   477.86,   717.84
  108.24,   481.09,   842.74
  223.91,   223.61,   595.87
  227.52,   226.83,   720.77
  231.12,   230.06,   845.68
  224.94,   348.56,   592.61
  228.54,   351.79,   717.51
  232.15,   355.01,   842.42
  225.96,   473.51,   589.35
  229.57,   476.74,   714.26
  233.18,   479.97,   839.16
  348.85,   222.49,   592.28
  352.46,   225.71,   717.19
  356.07,   228.94,   842.10
  349.88,   347.44,   589.03
  353.49,   350.67,   713.93
  357.10,   353.89,   838.84
  350.91,   472.39,   585.77
  354.52,   475.62,   710.67
  358.13,   478.85,   835.58
  101.06,   351.67,    99.05
   97.49,   355.37,   223.95
   93.93,   359.07,   348.84
  104.20,   476.58,    95.44
  100.63,   480.28,   220.34
   97.07,   483.98,   345.23
  107.34,   601.49,    91.83
  103.77,   605.19,   216.73
  100.21,   608.89,   341.62
  225.97,   348.64,   102.71
  222.40,   352.34,   227.61
  218.84,   356.04,   352.50
  229.11,   473.55,    99.10
  225.54,   477.25,   223.99
  221.98,   480.95,   348.89
  232.25,   598.46,    95.49
  228.68,   602.16,   220.38
  225.12,   605.85,   345.28
  350.88,   345.60,   106.37
  347.31,   349.30,   231.26
  343.75,   353.00,   356.16
  354.02,   470.51,   102.76
  350.45,   474.21,   227.65
  346.89,   477.91,   352.55
  357.16,   595.42,    99.15
  353.59,   599.12,   224.04
  350.03,   602.82,   348.94
  101.53,   350.56,   223.57
   98.64,   346.88,   348.48
   95.76,   343.20,   473.40
  101.44,   475.50,   227.25
   98.56,   471.82,   352.16
   95.68,   468.14,   477.07
  101.35,   600.45,   230.93
   98.47,   596.77,   355.84
   95.59,   593.09,   480.75
  226.49,   350.56,   226.45
  223.61,   346.88,   351.37
  220.73,   343.20,   476.28
  226.41,   475.50,   230.13
  223.52,   471.82,   355.05
  220.64,   468.14,   479.96
  226.32,   600.45,   233.81
  223.44,   596.77,   358.72
  220.56,   593.09,   483.64
  351.46,   350.56,   229.34
  348.58,   346.88,   354.25
  345.69,   343.20,   479.16
  351.37,   475.50,   233.02
  348.49,   471.82,   357.93
  345.61,   468.14,   482.84
  351.29,   600.45,   236.69
  348.41,   596.77,   361.61
  345.52,   593.09,   486.52
   99.81,   351.55,   349.57
   96.60,   351.38,   474.53
   93.38,   351.21,   599.49
  101.18,   476.55,   349.77
   97.97,   476.38,   474.73
   94.75,   476.21,   599.69
  102.55,   601.54,   349.98
   99.34,   601.37,   474.94
   96.13,   601.20,   599.90
  224.76,   350.18,   352.78
  221.55,   350.01,   477.74
  218.33,   349.84,   602.70
  226.13,   475.17,   352.98
  222.92,   475.00,   477.94
  219.71,   474.83,   602.90
  227.50,   600.16,   353.19
  224.29,   599.99,   478.15
  221.08,   599.82,   603.11
  349.71,   348.80,   355.99
  346.50,   348.63,   480.95
  343.29,   348.46,   605.91
  351.08,   473.79,   356.20
  347.87,   473.62,   481.15
  344.66,   473.45,   606.11
  352.45,   598.79,   356.40
  349.24,   598.62,   481.36
  346.03,   598.45,   606.32
  101.72,   348.70,   473.13
   98.44,   350.75,   598.07
   95.15,   352.79,   723.01
   98.51,   473.64,   471.00
   95.23,   475.69,   595.94
   91.94,   477.73,   720.88
   95.30,   598.58,   468.88
   92.01,   600.63,   593.82
   88.73,   602.67,   718.76
  226.64,   351.97,   476.36
  223.35,   354.01,   601.30
  220.07,   356.06,   726.24
  223.42,   476.91,   474.23
  220.14,   478.95,   599.17
  216.86,   481.00,   724.11
  220.21,   601.85,   472.11
  216.93,   603.89,   597.05
  213.65,   605.94,   721.99
  351.55,   355.23,   479.59
  348.27,   357.28,   604.53
  344.99,   359.32,   729.47
  348.34,   480.17,   477.46
  345.06,   482.22,   602.40
  341.77,   484.26,   727.34
  345.13,   605.11,   475.33
  341.85,   607.16,   600.27
  338.56,   609.20,   725.21
   99.62,   348.83,   598.63
  102.01,   352.45,   723.56
  104.40,   356.07,   848.48
  102.71,   473.74,   594.96
  105.10,   477.36,   719.88
  107.49,   480.97,   844.81
  105.80,   598.65,   591.28
  108.19,   602.27,   716.21
  110.58,   605.88,   841.13
  224.56,   345.68,   596.33
  226.95,   349.29,   721.26
  229.34,   352.91,   846.18
  227.65,   470.58,   592.66
  230.04,   474.20,   717.58
  232.43,   477.82,   842.51
  230.74,   595.49,   588.98
  233.13,   599.11,   713.91
  235.52,   602.72,   838.83
  349.50,   342.52,   594.03
  351.89,   346.13,   718.96
  354.28,   349.75,   843.88
  352.59,   467.42,   590.36
  354.98,   471.04,   715.28
  357.37,   474.66,   840.21
  355.68,   592.33,   586.68
  358.07,   595.95,   711.61
  360.46,   599.56,   836.53
   99.19,   473.97,   100.89
  100.46,   473.70,   225.88
  101.74,   473.43,   350.88
  100.69,   598.96,   101.14
  101.96,   598.69,   226.14
  103.24,   598.42,   351.13
  102.19,   723.95,   101.40
  103.46,   723.68,   226.39
  104.74,   723.41,   351.38
  224.17,   472.47,    99.61
  225.45,   472.20,   224.61
  226.72,   471.94,   349.60
  225.67,   597.46,    99.87
  226.95,   597.19,   224.86
  228.22,   596.93,   349.85
  227.17,   722.45,   100.12
  228.45,   722.18,   225.11
  229.72,   721.92,   350.10
  349.16,   470.97,    98.34
  350.43,   470.71,   223.33
  351.71,   470.44,   348.32
  350.66,   595.96,    98.59
  351.93,   595.70,   223.58
  353.21,   595.43,   348.58
  352.16,   720.95,    98.84
  353.43,   720.69,   223.83
  354.71,   720.42,   348.83
  100.90,   473.91,   223.61
   97.73,   473.60,   348.57
   94.55,   473.29,   473.53
   98.78,   598.89,   223.86
   95.60,   598.58,   348.82
   92.43,   598.27,   473.78
   96.65,   723.87,   224.12
   93.48,   723.56,   349.08
   90.30,   723.25,   474.04
  225.84,   476.02,   226.79
  222.67,   475.71,   351.74
  219.49,   475.41,   476.70
  223.72,   601.01,   227.04
  220.54,   600.70,   352.00
  217.37,   600.39,   476.96
  221.59,   725.99,   227.30
  218.42,   725.68,   352.25
  215.24,   725.37,   477.21
  350.78,   478.14,   229.96
  347.61,   477.83,   354.92
  344.44,   477.52,   479.88
  348.66,   603.12,   230.22
  345.48,   602.81,   355.18
  342.31,   602.50,   480.14
  346.53,   728.10,   230.47
  343.36,   727.80,   355.43
  340.19,   727.49,   480.39
  100.96,   473.39,   351.37
  103.70,   473.76,   476.34
  106.44,   474.12,   601.31
   97.80,   598.35,   351.08
  100.54,   598.72,   476.05
  103.29,   599.08,   601.02
   94.64,   723.31,   350.79
   97.39,   723.68,   475.76
  100.13,   724.04,   600.73
  225.89,   476.54,   348.62
  228.63,   476.91,   473.59
  231.37,   477.27,   598.56
  222.73,   601.50,   348.33
  225.47,   601.87,   473.30
  228.22,   602.23,   598.27
  219.57,   726.46,   348.04
  222.32,   726.83,   473.01
  225.06,   727.19,   597.97
  350.82,   479.69,   345.87
  353.56,   480.06,   470.84
  356.30,   480.42,   595.81
  347.66,   604.65,   345.58
  350.40,   605.02,   470.55
  353.15,   605.38,   595.52
  344.50,   729.61,   345.29
  347.25,   729.98,   470.25
  349.99,   730.34,   595.22
  100.52,   473.52,   476.98
   99.76,   470.38,   601.94
   99.00,   467.24,   726.90
  101.47,   598.47,   480.12
  100.71,   595.33,   605.08
   99.95,   592.20,   730.04
  102.42,   723.43,   483.27
  101.66,   720.29,   608.23
  100.90,   717.15,   733.19
  225.51,   472.55,   477.72
  224.75,   469.41,   602.67
  223.99,   466.27,   727.63
  226.46,   597.50,   480.86
  225.70,   594.36,   605.82
  224.94,   591.22,   730.78
  227.41,   722.46,   484.00
  226.65,   719.32,   608.96
  225.90,   716.18,   733.92
  350.51,   471.58,   478.45
  349.75,   468.44,   603.41
  348.99,   465.30,   728.37
  351.46,   596.53,   481.60
  350.70,   593.39,   606.55
  349.94,   590.25,   731.51
  352.41,   721.49,   484.74
  351.65,   718.35,   609.70
  350.89,   715.21,   734.66
  101.33,   476.38,   600.08
  103.97,   476.95,   725.05
  106.61,   477.53,   850.02
  101.51,   601.38,   599.50
  104.16,   601.95,   724.47
  106.80,   602.52,   849.44
  101.70,   726.38,   598.93
  104.34,   726.95,   723.90
  106.99,   727.52,   848.87
  226.30,   476.18,   597.43
  228.94,   476.76,   722.40
  231.59,   477.33,   847.38
  226.48,   601.18,   596.86
  229.13,   601.75,   721.83
  231.77,   602.33,   846.80
  226.67,   726.18,   596.28
  229.31,   726.75,   721.25
  231.96,   727.32,   846.22
  351.27,   475.98,   594.79
  353.91,   476.56,   719.76
  356.56,   477.13,   844.73
  351.46,   600.98,   594.21
  354.10,   601.56,   719.19
  356.74,   602.13,   844.16
  351.64,   725.98,   593.64
  354.29,   726.55,   718.61
  356.93,   727.13,   843.58
  100.31,   600.18,    99.93
  103.40,   602.63,   224.87
  106.49,   605.09,   349.81
   98.23,   725.14,    97.53
  101.33,   727.59,   222.46
  104.42,   730.05,   347.40
   96.16,   850.09,    95.12
   99.25,   852.55,   220.06
  102.34,   855.01,   345.00
  225.25,   602.19,    96.80
  228.34,   604.65,   221.74
  231.43,   607.10,   346.68
  223.18,   727.15,    94.40
  226.27,   729.61,   219.33
  229.36,   732.06,   344.27
  221.10,   852.11,    91.99
  224.20,   854.57,   216.93
  227.29,   857.02,   341.87
  350.20,   604.20,    93.67
  353.29,   606.66,   218.61
  356.38,   609.12,   343.55
  348.12,   729.16,    91.27
  351.21,   731.62,   216.20
  354.31,   734.08,   341.14
  346.05,   854.12,    88.86
  349.14,   856.58,   213.80
  352.23,   859.04,   338.73
   98.14,   600.79,   223.74
   94.82,   598.96,   348.68
   91.49,   597.13,   473.63
   98.12,   725.77,   225.57
   94.79,   723.94,   350.52
   91.47,   722.11,   475.46
   98.10,   850.76,   227.40
   94.77,   848.93,   352.35
   91.45,   847.10,   477.29
  223.10,   600.76,   227.07
  219.77,   598.93,   352.01
  216.44,   597.10,   476.95
  223.08,   725.75,   228.90
  219.75,   723.92,   353.84
  216.42,   722.08,   478.79
  223.06,   850.73,   230.73
  219.73,   848.90,   355.67
  216.40,   847.07,   480.62
  348.06,   600.73,   230.40
  344.73,   598.90,   355.34
  341.40,   597.07,   480.28
  348.03,   725.72,   232.23
  344.71,   723.89,   357.17
  341.38,   722.06,   482.11
  348.01,   850.71,   234.06
  344.68,   848.87,   359.00
  341.36,   847.04,   483.95
  100.19,   599.09,   350.50
   98.12,   599.64,   475.48
   96.04,   600.19,   600.46
   96.94,   724.04,   349.89
   94.86,   724.60,   474.87
   92.79,   725.15,   599.85
   93.68,   849.00,   349.28
   91.61,   849.55,   474.26
   89.53,   850.11,   599.25
  225.13,   602.35,   352.56
  223.06,   602.90,   477.54
  220.98,   603.46,   602.52
  221.88,   727.31,   351.95
  219.80,   727.86,   476.93
  217.73,   728.42,   601.91
  218.62,   852.26,   351.34
  216.55,   852.82,   476.32
  214.47,   853.37,   601.30
  350.07,   605.62,   354.61
  348.00,   606.17,   479.60
  345.93,   606.72,   604.58
  346.82,   730.57,   354.01
  344.74,   731.13,   478.99
  342.67,   731.68,   603.97
  343.56,   855.53,   353.40
  341.49,   856.08,   478.38
  339.41,   856.64,   603.36
   99.04,   598.40,   473.47
  100.55,   599.17,   598.46
  102.06,   599.94,   723.45
  100.15,   723.39,   472.69
  101.66,   724.16,   597.68
  103.17,   724.94,   722.67
  101.25,   848.38,   471.90
  102.76,   849.16,   596.89
  104.27,   849.93,   721.88
  224.03,   597.29,   471.97
  225.54,   598.06,   596.96
  227.05,   598.83,   721.95
  225.13,   722.28,   471.18
  226.64,   723.05,   596.17
  228.15,   723.82,   721.16
  226.24,   847.27,   470.40
  227.75,   848.04,   595.39
  229.26,   848.82,   720.38
  349.01,   596.17,   470.47
  350.52,   596.95,   595.46
  352.03,   597.72,   720.44
  350.12,   721.16,   469.68
  351.63,   721.94,   594.67
  353.14,   722.71,   719.66
  351.22,   846.16,   468.90
  352.73,   846.93,   593.88
  354.24,   847.70,   718.87
  100.79,   598.01,   600.07
   97.98,   598.35,   725.03
   95.16,   598.69,   850.00
  102.57,   723.00,   599.77
   99.76,   723.33,   724.74
   96.94,   723.67,   849.71
  104.35,   847.98,   599.47
  101.53,   848.32,   724.44
   98.72,   848.66,   849.41
  225.75,   596.24,   602.89
  222.93,   596.58,   727.85
  220.12,   596.92,   852.82
  227.53,   721.23,   602.59
  224.71,   721.57,   727.56
  221.90,   721.90,   852.52
  229.30,   846.21,   602.29
  226.49,   846.55,   727.26
  223.67,   846.89,   852.23
  350.71,   594.47,   605.71
  347.89,   594.81,   730.67
  345.08,   595.15,   855.64
  352.48,   719.46,   605.41
  349.67,   719.80,   730.38
  346.85,   720.13,   855.34
  354.26,   844.44,   605.11
  351.44,   844.78,   730.08
  348.63,   845.12,   855.05
  224.23,    99.26,    98.25
  223.74,    99.51,   223.25
  223.26,    99.75,   348.25
  227.79,   224.21,    98.02
  227.30,   224.45,   223.02
  226.82,   224.70,   348.02
  231.35,   349.16,    97.79
  230.86,   349.40,   222.79
  230.38,   349.64,   347.79
  349.18,    95.70,    98.74
  348.69,    95.95,   223.74
  348.20,    96.19,   348.74
  352.74,   220.65,    98.51
  352.25,   220.89,   223.51
  351.77,   221.14,   348.51
  356.30,   345.60,    98.29
  355.81,   345.84,   223.29
  355.33,   346.08,   348.28
  474.13,    92.14,    99.23
  473.64,    92.39,   224.23
  473.15,    92.63,   349.23
  477.69,   217.09,    99.01
  477.20,   217.34,   224.01
  476.71,   217.58,   349.00
  481.25,   342.04,    98.78
  480.76,   342.28,   223.78
  480.27,   342.53,   348.78
  225.65,    99.46,   223.18
  226.26,   102.44,   348.14
  226.87,   105.42,   473.11
  222.21,   224.38,   220.22
  222.82,   227.36,   345.18
  223.43,   230.34,   470.15
  218.77,   349.30,   217.26
  219.38,   352.27,   342.22
  219.99,   355.25,   467.18
  350.60,   102.88,   222.49
  351.21,   105.86,   347.45
  351.82,   108.84,   472.41
  347.16,   227.80,   219.53
  347.77,   230.78,   344.49
  348.38,   233.76,   469.45
  343.72,   352.72,   216.57
  344.33,   355.70,   341.53
  344.94,   358.68,   466.49
  475.55,   106.31,   221.80
  476.16,   109.29,   346.76
  476.77,   112.27,   471.72
  472.11,   231.23,   218.84
  472.72,   234.21,   343.80
  473.33,   237.18,   468.76
  468.67,   356.14,   215.87
  469.28,   359.12,   340.84
  469.89,   362.10,   465.80
  223.83,   100.62,   351.83
  221.47,   102.51,   476.80
  219.12,   104.41,   601.76
  220.72,   225.56,   349.88
  218.37,   227.46,   474.84
  216.02,   229.36,   599.80
  217.62,   350.51,   347.92
  215.26,   352.41,   472.89
  212.91,   354.30,   597.85
  348.77,   103.76,   354.14
  346.41,   105.66,   479.10
  344.06,   107.55,   604.06
  345.66,   228.71,   352.18
  343.31,   230.60,   477.15
  340.95,   232.50,   602.11
  342.55,   353.65,   350.23
  340.20,   355.55,   475.19
  337.85,   357.44,   600.16
  473.71,   106.90,   356.44
  471.35,   108.80,   481.40
  469.00,   110.69,   606.37
  470.60,   231.85,   354.49
  468.25,   233.74,   479.45
  465.89,   235.64,   604.41
  467.49,   356.79,   352.53
  465.14,   358.69,   477.50
  462.79,   360.59,   602.46
  226.72,   101.82,   476.58
  227.65,   101.01,   601.58
  228.58,   100.19,   726.57
  224.19,   226.79,   477.42
  225.12,   225.98,   602.41
  226.05,   225.16,   727.41
  221.66,   351.76,   478.25
  222.59,   350.95,   603.24
  223.52,   350.13,   728.24
  351.69,   104.36,   475.67
  352.62,   103.54,   600.67
  353.55,   102.73,   725.66
  349.16,   229.33,   476.51
  350.09,   228.51,   601.50
  351.02,   227.70,   726.49
  346.63,   354.30,   477.34
  347.56,   353.48,   602.33
  348.49,   352.67,   727.33
  476.66,   106.89,   474.76
  477.59,   106.08,   599.75
  478.52,   105.26,   724.75
  474.13,   231.86,   475.59
  475.06,   231.05,   600.59
  475.99,   230.23,   725.58
  471.61,   356.83,   476.43
  472.53,   356.02,   601.42
  473.46,   355.20,   726.42
  225.99,   101.45,   600.74
  229.02,    98.19,   725.66
  232.05,    94.93,   850.58
  228.49,   226.38,   603.94
  231.52,   223.12,   728.86
  234.55,   219.86,   853.78
  231.00,   351.32,   607.14
  234.03,   348.05,   732.06
  237.06,   344.79,   856.98
  350.93,    99.02,   597.65
  353.96,    95.76,   722.57
  356.98,    92.50,   847.49
  353.43,   223.96,   600.85
  356.46,   220.69,   725.77
  359.49,   217.43,   850.69
  355.94,   348.89,   604.05
  358.97,   345.63,   728.97
  361.99,   342.37,   853.89
  475.87,    96.60,   594.55
  478.89,    93.33,   719.47
  481.92,    90.07,   844.40
  478.37,   221.53,   597.75
  481.40,   218.27,   722.68
  484.43,   215.01,   847.60
  480.88,   346.46,   600.96
  483.90,   343.20,   725.88
  486.93,   339.94,   850.80
  226.23,   223.41,    98.78
  229.00,   221.72,   223.73
  231.78,   220.04,   348.69
  229.03,   348.37,   100.40
  231.80,   346.68,   225.36
  234.58,   345.00,   350.32
  231.83,   473.33,   102.02
  234.60,   471.64,   226.98
  237.38,   469.96,   351.94
  351.17,   220.65,    95.97
  353.94,   218.96,   220.93
  356.71,   217.28,   345.88
  353.97,   345.60,    97.59
  356.74,   343.92,   222.55
  359.51,   342.23,   347.51
  356.77,   470.56,    99.21
  359.54,   468.88,   224.17
  362.31,   467.19,   349.13
  476.11,   217.88,    93.16
  478.88,   216.20,   218.12
  481.65,   214.51,   343.07
  478.91,   342.84,    94.78
  481.68,   341.16,   219.74
  484.45,   339.47,   344.70
  481.71,   467.80,    96.40
  484.48,   466.12,   221.36
  487.25,   464.43,   346.32
  225.03,   224.23,   223.20
  224.35,   226.66,   348.17
  223.68,   229.09,   473.15
  221.64,   349.16,   220.75
  220.96,   351.59,   345.72
  220.28,   354.02,   470.70
  218.24,   474.09,   218.30
  217.57,   476.52,   343.27
  216.89,   478.95,   468.25
  349.98,   227.63,   223.81
  349.30,   230.06,   348.78
  348.63,   232.49,   473.75
  346.59,   352.56,   221.36
  345.91,   354.99,   346.33
  345.24,   357.42,   471.31
  343.19,   477.49,   218.91
  342.52,   479.92,   343.88
  341.84,   482.35,   468.86
  474.93,   231.04,   224.42
  474.26,   233.47,   349.39
  473.58,   235.90,   474.36
  471.54,   355.97,   221.97
  470.86,   358.40,   346.94
  470.19,   360.83,   471.92
  468.15,   480.90,   219.52
  467.47,   483.33,   344.49
  466.79,   485.76,   469.47
  224.59,   225.36,   349.80
  227.27,   225.64,   474.77
  229.95,   225.92,   599.74
  223.02,   350.35,   349.55
  225.70,   350.63,   474.52
  228.38,   350.91,   599.49
  221.46,   475.34,   349.30
  224.14,   475.62,   474.27
  226.82,   475.90,   599.24
  349.55,   226.91,   347.11
  352.23,   227.20,   472.08
  354.91,   227.48,   597.06
  347.98,   351.90,   346.87
  350.67,   352.19,   471.84
  353.35,   352.47,   596.81
  346.42,   476.89,   346.62
  349.10,   477.18,   471.59
  351.78,   477.46,   596.56
  474.51,   228.47,   344.43
  477.19,   228.76,   469.40
  479.87,   229.04,   594.37
  472.95,   353.46,   344.18
  475.63,   353.75,   469.15
  478.31,   354.03,   594.12
  471.38,   478.45,   343.93
  474.06,   478.73,   468.90
  476.74,   479.02,   593.87
  225.86,   223.84,   474.02
  224.94,   224.33,   599.01
  224.03,   224.82,   724.01
  223.79,   348.82,   473.51
  222.88,   349.31,   598.51
  221.96,   349.80,   723.50
  221.72,   473.80,   473.00
  220.81,   474.29,   598.00
  219.89,   474.78,   722.99
  350.84,   225.91,   474.92
  349.92,   226.40,   599.92
  349.01,   226.89,   724.91
  348.77,   350.89,   474.42
  347.85,   351.38,   599.41
  346.94,   351.87,   724.41
  346.70,   475.87,   473.91
  345.79,   476.36,   598.90
  344.87,   476.85,   723.90
  475.81,   227.98,   475.83
  474.90,   228.47,   600.82
  473.99,   228.96,   725.82
  473.75,   352.96,   475.32
  472.83,   353.45,   600.32
  471.92,   353.94,   725.31
  471.68,   477.94,   474.81
  470.77,   478.43,   599.81
  469.85,   478.92,   724.80
  225.23,   225.17,   598.32
  225.76,   224.54,   723.32
  226.29,   223.91,   848.32
  223.64,   350.16,   598.96
  224.17,   349.53,   723.96
  224.70,   348.89,   848.96
  222.05,   475.15,   599.60
  222.58,   474.51,   724.60
  223.11,   473.88,   849.60
  350.22,   226.76,   597.80
  350.75,   226.13,   722.80
  351.28,   225.50,   847.80
  348.63,   351.75,   598.44
  349.16,   351.12,   723.44
  349.69,   350.49,   848.44
  347.04,   476.74,   599.08
  347.57,   476.11,   724.08
  348.10,   475.47,   849.08
  475.21,   228.35,   597.28
  475.74,   227.72,   722.28
  476.27,   227.09,   847.28
  473.62,   353.34,   597.92
  474.15,   352.71,   722.92
  474.68,   352.08,   847.91
  472.03,   478.33,   598.56
  472.56,   477.70,   723.56
  473.09,   477.07,   848.55
  224.10,   349.56,    99.60
  227.23,   346.00,   224.51
  230.36,   342.43,   349.41
  222.10,   474.50,   103.21
  225.23,   470.93,   228.12
  228.36,   467.36,   353.03
  220.09,   599.43,   106.83
  223.22,   595.86,   231.74
  226.35,   592.29,   356.65
  349.05,   351.66,    96.52
  352.18,   348.09,   221.43
  355.31,   344.53,   346.34
  347.04,   476.59,   100.14
  350.17,   473.02,   225.05
  353.30,   469.46,   349.96
  345.04,   601.52,   103.76
  348.17,   597.96,   228.67
  351.30,   594.39,   353.58
  473.99,   353.76,    93.45
  477.12,   350.19,   218.36
  480.25,   346.62,   343.27
  471.99,   478.69,    97.07
  475.12,   475.12,   221.98
  478.25,   471.55,   346.89
  469.98,   603.62,   100.69
  473.11,   600.05,   225.60
  476.24,   596.48,   350.51
  224.27,   351.93,   224.95
  221.80,   353.33,   349.92
  219.33,   354.73,   474.89
  221.62,   476.90,   223.51
  219.15,   478.29,   348.47
  216.68,   479.69,   473.44
  218.97,   601.86,   222.06
  216.50,   603.26,   347.02
  214.03,   604.65,   471.99
  349.21,   354.61,   227.39
  346.75,   356.01,   352.36
  344.28,   357.41,   477.33
  346.56,   479.58,   225.94
  344.09,   480.97,   350.91
  341.63,   482.37,   475.88
  343.91,   604.54,   224.49
  341.44,   605.94,   349.46
  338.97,   607.33,   474.43
  474.16,   357.29,   229.83
  471.69,   358.69,   354.80
  469.22,   360.09,   479.77
  471.51,   482.25,   228.38
  469.04,   483.65,   353.35
  466.57,   485.05,   478.32
  468.86,   607.22,   226.93
  466.39,   608.61,   351.90
  463.92,   610.01,   476.87
  223.23,   349.73,   348.72
  222.02,   349.08,   473.71
  220.81,   348.43,   598.70
  226.96,   474.67,   349.40
  225.75,   474.02,   474.39
  224.54,   473.37,   599.39
  230.68,   599.62,   350.09
  229.47,   598.97,   475.08
  228.26,   598.32,   600.07
  348.17,   346.00,   349.91
  346.96,   345.35,   474.90
  345.75,   344.70,   599.89
  351.90,   470.94,   350.59
  350.69,   470.29,   475.58
  349.48,   469.65,   600.58
  355.62,   595.89,   351.28
  354.41,   595.24,   476.27
  353.20,   594.59,   601.26
  473.11,   342.27,   351.10
  471.90,   341.62,   476.09
  470.69,   340.97,   601.08
  476.83,   467.21,   351.78
  475.62,   466.56,   476.77
  474.41,   465.92,   601.77
  480.56,   592.16,   352.47
  479.35,   591.51,   477.46
  478.14,   590.86,   602.45
  223.84,   348.66,   475.03
  222.25,   352.33,   599.97
  220.67,   356.00,   724.90
  221.30,   473.58,   471.33
  219.71,   477.25,   596.27
  218.13,   480.91,   721.20
  218.76,   598.50,   467.63
  217.17,   602.17,   592.57
  215.59,   605.83,   717.50
  348.80,   351.24,   476.54
  347.22,   354.91,   601.48
  345.63,   358.58,   726.41
  346.26,   476.16,   472.84
  344.68,   479.83,   597.78
  343.09,   483.50,   722.71
  343.72,   601.08,   469.14
  342.14,   604.75,   594.08
  340.55,   608.42,   719.01
  473.77,   353.83,   478.05
  472.18,   357.50,   602.99
  470.59,   361.17,   727.92
  471.23,   478.75,   474.35
  469.64,   482.42,   599.29
  468.05,   486.09,   724.22
  468.69,   603.67,   470.65
  467.10,   607.34,   595.59
  465.51,   611.01,   720.52
  226.19,   349.27,   600.33
  227.70,   346.85,   725.30
  229.20,   344.44,   850.27
  228.23,   474.23,   602.73
  229.74,   471.81,   727.69
  231.24,   469.40,   852.66
  230.27,   599.19,   605.12
  231.78,   596.78,   730.09
  233.28,   594.36,   855.06
  351.17,   347.26,   598.79
  352.67,   344.84,   723.76
  354.17,   342.43,   848.73
  353.21,   472.22,   601.18
  354.71,   469.80,   726.15
  356.21,   467.39,   851.12
  355.25,   597.18,   603.58
  356.75,   594.76,   728.55
  358.25,   592.35,   853.51
  476.14,   345.25,   597.25
  477.64,   342.83,   722.22
  479.15,   340.42,   847.18
  478.18,   470.21,   599.64
  479.68,   467.79,   724.61
  481.19,   465.38,   849.58
  480.22,   595.17,   602.04
  481.72,   592.75,   727.00
  483.23,   590.34,   851.97
  225.85,   476.18,    99.19
  222.28,   476.60,   224.14
  218.72,   477.02,   349.09
  225.99,   601.18,    98.78
  222.42,   601.60,   223.73
  218.86,   602.02,   348.68
  226.13,   726.18,    98.37
  222.56,   726.60,   223.31
  219.00,   727.02,   348.26
  350.80,   476.05,   102.76
  347.23,   476.47,   227.71
  343.67,   476.89,   352.66
  350.94,   601.05,   102.34
  347.37,   601.47,   227.29
  343.81,   601.89,   352.24
  351.08,   726.05,   101.93
  347.51,   726.47,   226.88
  343.95,   726.89,   351.83
  475.74,   475.92,   106.32
  472.18,   476.34,   231.27
  468.61,   476.76,   356.22
  475.89,   600.92,   105.91
  472.32,   601.34,   230.86
  468.76,   601.76,   355.81
  476.03,   725.92,   105.50
  472.46,   726.34,   230.45
  468.90,   726.76,   355.39
  223.06,   476.99,   223.92
  220.33,   473.29,   348.83
  217.61,   469.59,   473.75
  221.59,   601.93,   227.59
  218.87,   598.23,   352.50
  216.14,   594.52,   477.42
  220.12,   726.87,   231.26
  217.40,   723.17,   356.17
  214.67,   719.46,   481.09
  348.02,   478.38,   226.68
  345.30,   474.68,   351.60
  342.57,   470.97,   476.51
  346.55,   603.32,   230.35
  343.83,   599.62,   355.27
  341.10,   595.91,   480.18
  345.08,   728.26,   234.03
  342.36,   724.55,   358.94
  339.63,   720.85,   483.86
  472.98,   479.77,   229.45
  470.26,   476.07,   354.36
  467.53,   472.36,   479.28
  471.51,   604.71,   233.12
  468.79,   601.00,   358.04
  466.06,   597.30,   482.95
  470.04,   729.64,   236.79
  467.32,   725.94,   361.71
  464.60,   722.24,   486.62
  223.54,   475.18,   350.94
  223.27,   473.91,   475.93
  223.00,   472.64,   600.93
  221.91,   600.16,   352.20
  221.64,   598.89,   477.20
  221.37,   597.63,   602.19
  220.27,   725.14,   353.47
  220.00,   723.88,   478.46
  219.73,   722.61,   603.45
  348.53,   476.81,   351.23
  348.26,   475.54,   476.22
  347.99,   474.28,   601.21
  346.90,   601.79,   352.49
  346.63,   600.53,   477.48
  346.36,   599.26,   602.48
  345.26,   726.78,   353.75
  344.99,   725.51,   478.75
  344.72,   724.24,   603.74
  473.52,   478.45,   351.52
  473.25,   477.18,   476.51
  472.98,   475.91,   601.50
  471.89,   603.43,   352.78
  471.62,   602.16,   477.77
  471.34,   600.89,   602.76
  470.25,   728.41,   354.04
  469.98,   727.14,   479.03
  469.71,   725.88,   604.03
  226.62,   473.86,   475.88
  227.71,   473.17,   600.88
  228.81,   472.49,   725.87
  225.45,   598.85,   476.58
  226.54,   598.17,   601.57
  227.64,   597.48,   726.57
  224.28,   723.85,   477.28
  225.38,   723.16,   602.27
  226.47,   722.47,   727.26
  351.61,   475.04,   474.79
  352.70,   474.35,   599.79
  353.80,   473.66,   724.78
  350.44,   600.03,   475.49
  351.53,   599.34,   600.48
  352.63,   598.66,   725.48
  349.27,   725.02,   476.19
  350.37,   724.33,   601.18
  351.46,   723.65,   726.17
  476.60,   476.21,   473.70
  477.69,   475.52,   598.70
  478.79,   474.84,   723.69
  475.43,   601.20,   474.40
  476.52,   600.52,   599.39
  477.62,   599.83,   724.39
  474.26,   726.20,   475.10
  475.36,   725.51,   600.09
  476.45,   724.82,   725.08
  225.00,   474.17,   598.59
  227.65,   477.62,   723.52
  230.30,   481.08,   848.44
  227.34,   599.09,   595.09
  229.99,   602.55,   720.01
  232.64,   606.01,   844.93
  229.69,   724.02,   591.58
  232.34,   727.48,   716.50
  234.99,   730.94,   841.43
  349.95,   471.75,   596.01
  352.60,   475.21,   720.94
  355.25,   478.67,   845.86
  352.29,   596.68,   592.50
  354.94,   600.14,   717.43
  357.59,   603.59,   842.35
  354.64,   721.61,   589.00
  357.29,   725.06,   713.92
  359.94,   728.52,   838.84
  474.90,   469.33,   593.43
  477.55,   472.79,   718.35
  480.20,   476.25,   843.28
  477.24,   594.26,   589.92
  479.89,   597.72,   714.84
  482.54,   601.18,   839.77
  479.59,   719.19,   586.41
  482.24,   722.65,   711.34
  484.89,   726.10,   836.26
  225.76,   601.74,   100.17
  222.17,   601.95,   225.12
  218.57,   602.16,   350.07
  224.61,   726.74,    99.93
  221.02,   726.95,   224.88
  217.42,   727.15,   349.83
  223.46,   851.73,    99.69
  219.87,   851.94,   224.64
  216.27,   852.15,   349.59
  350.71,   602.90,   103.77
  347.11,   603.11,   228.71
  343.51,   603.32,   353.66
  349.56,   727.89,   103.52
  345.96,   728.10,   228.47
  342.36,   728.31,   353.42
  348.41,   852.89,   103.28
  344.81,   853.10,   228.23
  341.21,   853.31,   353.18
  475.65,   604.06,   107.36
  472.05,   604.27,   232.31
  468.46,   604.47,   357.26
  474.50,   729.05,   107.12
  470.90,   729.26,   232.07
  467.31,   729.47,   357.01
  473.35,   854.05,   106.88
  469.75,   854.25,   231.82
  466.16,   854.46,   356.77
  226.24,   600.30,   224.69
  225.40,   603.54,   349.65
  224.56,   606.77,   474.60
  225.01,   725.25,   221.45
  224.17,   728.49,   346.40
  223.33,   731.72,   471.36
  223.78,   850.20,   218.20
  222.94,   853.44,   343.16
  222.10,   856.68,   468.11
  351.23,   601.55,   225.50
  350.39,   604.79,   350.45
  349.55,   608.03,   475.41
  350.00,   726.50,   222.25
  349.16,   729.74,   347.21
  348.32,   732.98,   472.16
  348.77,   851.46,   219.01
  347.93,   854.69,   343.96
  347.09,   857.93,   468.92
  476.22,   602.81,   226.30
  475.38,   606.04,   351.26
  474.55,   609.28,   476.21
  474.99,   727.76,   223.06
  474.15,   730.99,   348.01
  473.31,   734.23,   472.97
  473.76,   852.71,   219.81
  472.92,   855.95,   344.77
  472.08,   859.18,   469.72
  225.38,   598.36,   348.02
  226.87,   597.64,   473.01
  228.35,   596.93,   598.00
  224.92,   723.35,   348.74
  226.40,   722.64,   473.73
  227.88,   721.92,   598.72
  224.45,   848.35,   349.47
  225.94,   847.64,   474.45
  227.42,   846.92,   599.44
  350.37,   598.83,   346.54
  351.86,   598.12,   471.53
  353.34,   597.40,   596.52
  349.91,   723.83,   347.26
  351.39,   723.11,   472.25
  352.87,   722.40,   597.24
  349.44,   848.83,   347.99
  350.93,   848.11,   472.97
  352.41,   847.39,   597.96
  475.36,   599.31,   345.06
  476.85,   598.59,   470.05
  478.33,   597.87,   595.04
  474.90,   724.30,   345.78
  476.38,   723.59,   470.77
  477.86,   722.87,   595.76
  474.43,   849.30,   346.51
  475.92,   848.58,   471.49
  477.40,   847.87,   596.48
  224.56,   598.24,   474.69
  224.20,   596.67,   599.68
  223.84,   595.09,   724.67
  222.09,   723.21,   476.26
  221.73,   721.63,   601.25
  221.37,   720.06,   726.23
  219.62,   848.17,   477.82
  219.26,   846.60,   602.81
  218.90,   845.02,   727.80
  349.53,   600.70,   475.08
  349.17,   599.13,   600.07
  348.81,   597.56,   725.06
  347.06,   725.67,   476.65
  346.70,   724.10,   601.64
  346.34,   722.52,   726.63
  344.60,   850.64,   478.21
  344.24,   849.06,   603.20
  343.88,   847.49,   728.19
  474.51,   603.17,   475.47
  474.15,   601.59,   600.46
  473.79,   600.02,   725.45
  472.04,   728.13,   477.04
  471.68,   726.56,   602.03
  471.32,   724.99,   727.02
  469.57,   853.10,   478.60
  469.21,   851.53,   603.59
  468.85,   849.95,   728.58
  223.88,   600.57,   600.43
  226.10,   602.51,   725.39
  228.32,   604.45,   850.36
  221.55,   725.54,   598.53
  223.77,   727.48,   723.49
  225.99,   729.42,   848.46
  219.22,   850.50,   596.63
  221.44,   852.44,   721.59
  223.66,   854.38,   846.56
  348.84,   602.87,   598.17
  351.06,   604.81,   723.14
  353.28,   606.75,   848.10
  346.51,   727.83,   596.27
  348.73,   729.77,   721.24
  350.95,   731.71,   846.20
  344.18,   852.80,   594.38
  346.40,   854.74,   719.34
  348.61,   856.68,   844.31
  473.80,   605.17,   595.92
  476.02,   607.11,   720.88
  478.24,   609.05,   845.85
  471.47,   730.13,   594.02
  473.69,   732.07,   718.99
  475.90,   734.01,   843.95
  469.14,   855.09,   592.12
  471.35,   857.03,   717.09
  473.57,   858.97,   842.05
  350.11,    99.61,    98.51
  348.55,    99.25,   223.50
  347.00,    98.89,   348.49
  351.81,   224.60,    98.90
  350.25,   224.24,   223.89
  348.70,   223.88,   348.88
  353.51,   349.59,    99.28
  351.95,   349.23,   224.27
  350.40,   348.87,   349.26
  475.09,    97.91,   100.06
  473.53,    97.55,   225.05
  471.98,    97.19,   350.04
  476.79,   222.90,   100.45
  475.23,   222.54,   225.44
  473.68,   222.18,   350.43
  478.49,   347.89,   100.83
  476.93,   347.52,   225.82
  475.38,   347.16,   350.81
  600.07,    96.21,   101.61
  598.51,    95.84,   226.60
  596.96,    95.48,   351.59
  601.77,   221.19,   102.00
  600.21,   220.83,   226.99
  598.66,   220.47,   351.98
  603.46,   346.18,   102.38
  601.91,   345.82,   227.37
  600.35,   345.46,   352.36
  351.96,   101.43,   223.69
  351.56,    98.54,   348.66
  351.16,    95.65,   473.63
  349.24,   226.36,   226.57
  348.84,   223.48,   351.54
  348.45,   220.59,   476.50
  346.52,   351.30,   229.45
  346.12,   348.41,   354.42
  345.73,   345.52,   479.38
  476.93,   104.13,   224.15
  476.53,   101.25,   349.12
  476.13,    98.36,   474.08
  474.21,   229.07,   227.03
  473.81,   226.18,   352.00
  473.42,   223.30,   476.96
  471.49,   354.01,   229.91
  471.09,   351.12,   354.88
  470.70,   348.23,   479.84
  601.90,   106.84,   224.61
  601.50,   103.95,   349.58
  601.10,   101.07,   474.54
  599.18,   231.78,   227.49
  598.78,   228.89,   352.45
  598.39,   226.00,   477.42
  596.46,   356.72,   230.37
  596.06,   353.83,   355.33
  595.67,   350.94,   480.30
  348.54,    99.17,   348.55
  350.25,    96.18,   473.50
  351.96,    93.18,   598.45
  348.09,   224.13,   351.55
  349.80,   221.14,   476.50
  351.51,   218.14,   601.46
  347.64,   349.10,   354.55
  349.35,   346.10,   479.51
  351.06,   343.11,   604.46
  473.53,    99.66,   346.85
  475.24,    96.66,   471.80
  476.95,    93.67,   596.76
  473.08,   224.62,   349.85
  474.79,   221.63,   474.81
  476.50,   218.63,   599.76
  472.63,   349.59,   352.86
  474.34,   346.59,   477.81
  476.05,   343.59,   602.76
  598.51,   100.15,   345.15
  600.22,    97.15,   470.10
  601.93,    94.16,   595.06
  598.07,   225.11,   348.15
  599.78,   222.12,   473.11
  601.49,   219.12,   598.06
  597.62,   350.07,   351.16
  599.33,   347.08,   476.11
  601.04,   344.08,   601.06
  350.35,    99.65,   475.87
  353.37,    96.51,   600.80
  356.39,    93.38,   725.72
  347.85,   224.59,   479.07
  350.87,   221.45,   604.00
  353.89,   218.31,   728.92
  345.34,   349.52,   482.27
  348.36,   346.38,   607.20
  351.38,   343.24,   732.12
  475.29,   102.23,   472.92
  478.31,    99.10,   597.84
  481.33,    95.96,   722.77
  472.79,   227.17,   476.12
  475.81,   224.03,   601.04
  478.83,   220.89,   725.97
  470.28,   352.10,   479.32
  473.30,   348.96,   604.24
  476.32,   345.82,   729.16
  600.23,   104.82,   469.96
  603.25,   101.68,   594.89
  606.27,    98.54,   719.81
  597.72,   229.75,   473.16
  600.74,   226.61,   598.09
  603.76,   223.47,   723.01
  595.22,   354.68,   476.36
  598.24,   351.54,   601.29
  601.26,   348.41,   726.21
  349.36,   101.79,   599.34
  350.19,   101.73,   724.34
  351.03,   101.68,   849.34
  348.27,   226.78,   599.40
  349.10,   226.73,   724.40
  349.94,   226.67,   849.40
  347.18,   351.78,   599.47
  348.02,   351.72,   724.46
  348.85,   351.67,   849.46
  474.35,   102.88,   598.51
  475.19,   102.82,   723.51
  476.02,   102.77,   848.50
  473.27,   227.87,   598.57
  474.10,   227.82,   723.57
  474.93,   227.76,   848.57
  472.18,   352.87,   598.64
  473.01,   352.81,   723.63
  473.84,   352.76,   848.63
  599.35,   103.97,   597.68
  600.18,   103.91,   722.68
  601.01,   103.85,   847.67
  598.26,   228.96,   597.74
  599.09,   228.91,   722.74
  599.92,   228.85,   847.74
  597.17,   353.96,   597.80
  598.00,   353.90,   722.80
  598.83,   353.85,   847.80
  348.02,   226.05,    99.05
  351.54,   227.53,   223.99
  355.05,   229.02,   348.94
  349.06,   351.04,    97.54
  352.57,   352.52,   222.48
  356.08,   354.00,   347.42
  350.09,   476.02,    96.03
  353.61,   477.51,   220.97
  357.12,   478.99,   345.91
  472.97,   224.97,    95.55
  476.48,   226.46,   220.49
  480.00,   227.94,   345.44
  474.01,   349.96,    94.04
  477.52,   351.44,   218.98
  481.03,   352.93,   343.92
  475.04,   474.95,    92.53
  478.55,   476.43,   217.47
  482.07,   477.91,   342.41
  597.92,   223.90,    92.05
  601.43,   225.38,   216.99
  604.94,   226.86,   341.94
  598.95,   348.88,    90.54
  602.46,   350.37,   215.48
  605.98,   351.85,   340.42
  599.99,   473.87,    89.03
  603.50,   475.35,   213.97
  607.01,   476.83,   338.91
  348.19,   223.99,   226.57
  347.03,   226.19,   351.55
  345.87,   228.38,   476.52
  345.28,   348.94,   224.35
  344.12,   351.13,   349.33
  342.97,   353.32,   474.30
  342.38,   473.89,   222.13
  341.22,   476.08,   347.11
  340.06,   478.27,   472.08
  473.15,   226.92,   227.68
  471.99,   229.11,   352.65
  470.83,   231.30,   477.63
  470.24,   351.87,   225.46
  469.08,   354.06,   350.43
  467.93,   356.25,   475.41
  467.34,   476.81,   223.24
  466.18,   479.01,   348.22
  465.02,   481.20,   473.19
  598.11,   229.85,   228.78
  596.95,   232.04,   353.76
  595.79,   234.23,   478.73
  595.20,   354.79,   226.57
  594.05,   356.99,   351.54
  592.89,   359.18,   476.52
  592.30,   479.74,   224.35
  591.14,   481.93,   349.32
  589.98,   484.12,   474.30
  348.05,   226.02,   351.01
  348.82,   228.96,   475.97
  349.59,   231.91,   600.94
  349.11,   350.98,   348.06
  349.88,   353.92,   473.02
  350.65,   356.87,   597.99
  350.16,   475.94,   345.11
  350.93,   478.89,   470.07
  351.70,   481.83,   595.04
  473.04,   224.95,   350.27
  473.81,   227.89,   475.23
  474.58,   230.83,   600.19
  474.10,   349.91,   347.32
  474.87,   352.85,   472.28
  475.64,   355.79,   597.24
  475.16,   474.87,   344.37
  475.93,   477.81,   469.33
  476.70,   480.75,   594.29
  598.04,   223.87,   349.52
  598.81,   226.81,   474.49
  599.58,   229.76,   599.45
  599.09,   348.83,   346.57
  599.86,   351.77,   471.53
  600.63,   354.72,   596.50
  600.15,   473.79,   343.62
  600.92,   476.74,   468.58
  601.69,   479.68,   593.55
  349.05,   224.00,   476.17
  345.42,   223.07,   601.12
  341.79,   222.14,   726.06
  352.09,   348.96,   477.19
  348.46,   348.03,   602.14
  344.84,   347.10,   727.08
  355.13,   473.91,   478.21
  351.51,   472.99,   603.15
  347.88,   472.06,   728.10
  473.96,   220.93,   479.78
  470.33,   220.00,   604.72
  466.70,   219.07,   729.67
  477.00,   345.88,   480.80
  473.37,   344.95,   605.74
  469.75,   344.03,   730.68
  480.04,   470.84,   481.81
  476.42,   469.91,   606.76
  472.79,   468.98,   731.70
  598.87,   217.85,   483.38
  595.24,   216.92,   608.32
  591.61,   215.99,   733.27
  601.91,   342.81,   484.40
  598.28,   341.88,   609.34
  594.66,   340.95,   734.29
  604.95,   467.77,   485.42
  601.33,   466.84,   610.36
  597.70,   465.91,   735.30
  350.65,   223.38,   600.41
  350.20,   225.16,   725.40
  349.74,   226.95,   850.39
  348.76,   348.35,   598.62
  348.31,   350.14,   723.61
  347.85,   351.92,   848.60
  346.87,   473.33,   596.83
  346.41,   475.11,   721.82
  345.96,   476.89,   846.81
  475.63,   225.28,   600.84
  475.18,   227.06,   725.83
  474.73,   228.84,   850.81
  473.74,   350.25,   599.05
  473.29,   352.03,   724.04
  472.84,   353.82,   849.02
  471.85,   475.22,   597.26
  471.40,   477.01,   722.25
  470.95,   478.79,   847.23
  600.62,   227.18,   601.27
  600.17,   228.96,   726.25
  599.71,   230.74,   851.24
  598.73,   352.15,   599.48
  598.27,   353.93,   724.46
  597.82,   355.71,   849.45
  596.84,   477.12,   597.69
  596.38,   478.90,   722.67
  595.93,   480.69,   847.66
  350.32,   350.87,    98.99
  348.19,   350.07,   223.97
  346.05,   349.27,   348.95
  353.41,   475.83,    99.84
  351.28,   475.03,   224.82
  349.14,   474.23,   349.80
  356.51,   600.79,   100.70
  354.37,   599.99,   225.68
  352.24,   599.19,   350.65
  475.27,   347.76,   101.10
  473.13,   346.96,   226.08
  471.00,   346.16,   351.06
  478.36,   472.72,   101.96
  476.22,   471.92,   226.94
  474.09,   471.12,   351.92
  481.45,   597.68,   102.81
  479.32,   596.88,   227.79
  477.18,   596.08,   352.77
  600.21,   344.66,   103.22
  598.07,   343.86,   228.20
  595.94,   343.06,   353.18
  603.30,   469.62,   104.07
  601.17,   468.82,   229.05
  599.03,   468.01,   354.03
  606.39,   594.58,   104.93
  604.26,   593.77,   229.90
  602.12,   592.97,   354.88
  351.51,   350.72,   223.80
  350.47,   353.11,   348.77
  349.44,   355.51,   473.74
  348.55,   475.66,   221.38
  347.51,   478.05,   346.35
  346.48,   480.45,   471.32
  345.59,   600.60,   218.96
  344.56,   602.99,   343.93
  343.52,   605.39,   468.90
  476.47,   353.69,   224.77
  475.43,   356.09,   349.74
  474.40,   358.48,   474.72
  473.51,   478.63,   222.35
  472.47,   481.03,   347.32
  471.44,   483.43,   472.30
  470.55,   603.58,   219.93
  469.52,   605.97,   344.91
  468.48,   608.37,   469.88
  601.43,   356.67,   225.75
  600.39,   359.07,   350.72
  599.36,   361.46,   475.69
  598.47,   481.61,   223.33
  597.44,   484.01,   348.30
  596.40,   486.40,   473.27
  595.51,   606.55,   220.91
  594.48,   608.95,   345.88
  593.44,   611.34,   470.85
  348.68,   349.49,   350.13
  349.20,   348.86,   475.13
  349.72,   348.23,   600.13
  346.62,   474.47,   350.78
  347.13,   473.84,   475.77
  347.65,   473.21,   600.77
  344.55,   599.45,   351.42
  345.07,   598.82,   476.42
  345.59,   598.19,   601.41
  473.66,   351.56,   349.63
  474.18,   350.93,   474.62
  474.70,   350.29,   599.62
  471.60,   476.54,   350.27
  472.12,   475.91,   475.27
  472.63,   475.27,   600.26
  469.53,   601.52,   350.91
  470.05,   600.89,   475.91
  470.57,   600.26,   600.90
  598.64,   353.63,   349.12
  599.16,   353.00,   474.12
  599.68,   352.36,   599.11
  596.58,   478.61,   349.76
  597.10,   477.98,   474.76
  597.62,   477.34,   599.75
  594.51,   603.59,   350.40
  595.03,   602.96,   475.40
  595.55,   602.32,   600.40
  349.50,   349.75,   473.12
  347.79,   349.15,   598.11
  346.07,   348.55,   723.10
  350.62,   474.74,   473.74
  348.91,   474.14,   598.72
  347.19,   473.54,   723.71
  351.74,   599.74,   474.35
  350.03,   599.14,   599.34
  348.31,   598.54,   724.33
  474.48,   348.62,   474.83
  472.77,   348.02,   599.82
  471.05,   347.42,   724.81
  475.60,   473.61,   475.45
  473.89,   473.01,   600.43
  472.18,   472.41,   725.42
  476.72,   598.61,   476.06
  475.01,   598.01,   601.05
  473.30,   597.41,   726.03
  599.47,   347.49,   476.54
  597.75,   346.89,   601.53
  596.04,   346.29,   726.51
  600.59,   472.48,   477.15
  598.87,   471.88,   602.14
  597.16,   471.29,   727.13
  601.71,   597.48,   477.77
  599.99,   596.88,   602.75
  598.28,   596.28,   727.74
  350.80,   348.83,   598.66
  353.84,   345.73,   723.59
  356.88,   342.63,   848.51
  351.20,   473.79,   601.76
  354.24,   470.69,   726.68
  357.28,   467.59,   851.61
  351.60,   598.75,   604.85
  354.64,   595.65,   729.78
  357.67,   592.55,   854.70
  475.76,   348.51,   595.62
  478.80,   345.40,   720.54
  481.84,   342.30,   845.47
  476.16,   473.47,   598.71
  479.20,   470.37,   723.64
  482.24,   467.26,   848.56
  476.56,   598.43,   601.81
  479.60,   595.33,   726.73
  482.64,   592.22,   851.66
  600.73,   348.18,   592.57
  603.76,   345.08,   717.50
  606.80,   341.98,   842.42
  601.13,   473.15,   595.67
  604.16,   470.04,   720.59
  607.20,   466.94,   845.52
  601.53,   598.11,   598.76
  604.56,   595.00,   723.69
  607.60,   591.90,   848.61
  351.93,   474.17,    98.25
  354.20,   476.68,   223.20
  356.47,   479.18,   348.16
  355.58,   599.09,    95.67
  357.85,   601.60,   220.63
  360.12,   604.10,   345.58
  359.23,   724.01,    93.10
  361.50,   726.52,   218.05
  363.77,   729.03,   343.01
  476.86,   470.47,    96.06
  479.13,   472.98,   221.01
  481.40,   475.49,   345.96
  480.51,   595.39,    93.48
  482.78,   597.90,   218.43
  485.04,   600.41,   343.39
  484.16,   720.31,    90.91
  486.42,   722.82,   215.86
  488.69,   725.33,   340.81
  601.78,   466.78,    93.86
  604.05,   469.29,   218.81
  606.32,   471.80,   343.77
  605.43,   591.70,    91.29
  607.70,   594.21,   216.24
  609.97,   596.72,   341.19
  609.08,   716.62,    88.71
  611.35,   719.13,   213.66
  613.62,   721.64,   338.62
  350.66,   475.12,   223.19
  354.29,   475.10,   348.14
  357.93,   475.07,   473.09
  347.93,   600.09,   223.29
  351.56,   600.07,   348.24
  355.19,   600.04,   473.19
  345.19,   725.06,   223.40
  348.83,   725.04,   348.34
  352.46,   725.01,   473.29
  475.58,   477.85,   219.56
  479.21,   477.83,   344.51
  482.84,   477.81,   469.46
  472.85,   602.82,   219.66
  476.48,   602.80,   344.61
  480.11,   602.78,   469.56
  470.11,   727.79,   219.76
  473.74,   727.77,   344.71
  477.38,   727.75,   469.66
  600.50,   480.59,   215.93
  604.13,   480.57,   340.88
  607.76,   480.55,   465.83
  597.76,   605.56,   216.03
  601.40,   605.54,   340.98
  605.03,   605.52,   465.93
  595.03,   730.53,   216.13
  598.66,   730.51,   341.08
  602.29,   730.49,   466.03
  349.68,   476.65,   349.00
  353.39,   479.83,   473.91
  357.10,   483.01,   598.81
  351.55,   601.59,   345.77
  355.26,   604.77,   470.67
  358.97,   607.95,   595.58
  353.41,   726.54,   342.53
  357.12,   729.71,   467.43
  360.83,   732.89,   592.34
  474.61,   474.68,   345.34
  478.32,   477.86,   470.25
  482.03,   481.04,   595.15
  476.48,   599.63,   342.11
  480.19,   602.81,   467.01
  483.90,   605.99,   591.91
  478.34,   724.57,   338.87
  482.06,   727.75,   463.77
  485.77,   730.93,   588.68
  599.54,   472.72,   341.68
  603.25,   475.90,   466.59
  606.96,   479.08,   591.49
  601.41,   597.67,   338.44
  605.12,   600.85,   463.35
  608.83,   604.03,   588.25
  603.28,   722.61,   335.21
  606.99,   725.79,   460.11
  610.70,   728.97,   585.02
  350.55,   475.36,   475.07
  351.18,   477.53,   600.05
  351.81,   479.71,   725.03
  351.73,   600.33,   472.89
  352.36,   602.51,   597.87
  352.99,   604.68,   722.85
  352.91,   725.31,   470.71
  353.54,   727.48,   595.69
  354.17,   729.66,   720.67
  475.54,   474.17,   474.46
  476.17,   476.34,   599.44
  476.80,   478.52,   724.42
  476.72,   599.14,   472.28
  477.35,   601.32,   597.26
  477.98,   603.49,   722.24
  477.90,   724.12,   470.10
  478.53,   726.29,   595.08
  479.16,   728.47,   720.06
  600.53,   472.98,   473.85
  601.16,   475.15,   598.83
  601.79,   477.33,   723.81
  601.71,   597.95,   471.67
  602.34,   600.13,   596.65
  602.98,   602.30,   721.63
  602.89,   722.93,   469.49
  603.52,   725.10,   594.47
  604.16,   727.28,   719.45
  349.81,   474.05,   601.29
  352.42,   475.07,   726.26
  355.03,   476.09,   851.22
  351.17,   599.03,   600.23
  353.79,   600.06,   725.20
  356.40,   601.08,   850.17
  352.54,   724.02,   599.18
  355.15,   725.05,   724.15
  357.76,   726.07,   849.12
  474.78,   472.66,   598.69
  477.39,   473.68,   723.66
  480.00,   474.71,   848.62
  476.14,   597.65,   597.64
  478.75,   598.67,   722.60
  481.36,   599.70,   847.57
  477.50,   722.64,   596.58
  480.11,   723.66,   721.55
  482.72,   724.68,   846.52
  599.74,   471.28,   596.09
  602.35,   472.30,   721.06
  604.96,   473.32,   846.02
  601.10,   596.26,   595.04
  603.72,   597.29,   720.00
  606.33,   598.31,   844.97
  602.47,   721.25,   593.98
  605.08,   722.28,   718.95
  607.69,   723.30,   843.92
  348.84,   598.53,   100.87
  348.01,   595.51,   225.83
  347.19,   592.49,   350.79
  346.67,   723.47,   103.88
  345.85,   720.45,   228.84
  345.02,   717.43,   353.80
  344.51,   848.42,   106.88
  343.68,   845.40,   231.84
  342.85,   842.38,   356.80
  473.82,   600.67,   101.75
  472.99,   597.65,   226.71
  472.17,   594.63,   351.67
  471.65,   725.62,   104.75
  470.83,   722.60,   229.72
  470.00,   719.58,   354.68
  469.48,   850.56,   107.76
  468.66,   847.54,   232.72
  467.83,   844.52,   357.68
  598.80,   602.82,   102.63
  597.97,   599.80,   227.59
  597.15,   596.78,   352.55
  596.63,   727.77,   105.63
  595.80,   724.75,   230.59
  594.98,   721.72,   355.55
  594.46,   852.71,   108.64
  593.64,   849.69,   233.60
  592.81,   846.67,   358.56
  350.56,   600.21,   223.52
  354.23,   598.17,   348.45
  357.90,   596.12,   473.38
  351.28,   725.20,   225.55
  354.95,   723.15,   350.48
  358.62,   721.10,   475.41
  352.01,   850.18,   227.57
  355.67,   848.13,   352.50
  359.34,   846.08,   477.43
  475.50,   599.55,   219.84
  479.17,   597.51,   344.77
  482.84,   595.46,   469.70
  476.23,   724.53,   221.87
  479.89,   722.49,   346.80
  483.56,   720.44,   471.73
  476.95,   849.51,   223.90
  480.62,   847.47,   348.82
  484.28,   845.42,   473.75
  600.45,   598.89,   216.16
  604.12,   596.84,   341.09
  607.78,   594.80,   466.02
  601.17,   723.87,   218.19
  604.84,   721.82,   343.12
  608.51,   719.78,   468.05
  601.89,   848.85,   220.22
  605.56,   846.81,   345.15
  609.23,   844.76,   470.08
  351.58,   601.08,   350.02
  347.88,   601.10,   474.97
  344.18,   601.12,   599.91
  353.11,   726.07,   350.05
  349.41,   726.09,   475.00
  345.71,   726.11,   599.94
  354.65,   851.06,   350.08
  350.95,   851.08,   475.02
  347.25,   851.10,   599.97
  476.51,   599.54,   353.72
  472.81,   599.56,   478.67
  469.11,   599.58,   603.61
  478.05,   724.53,   353.75
  474.35,   724.55,   478.70
  470.65,   724.57,   603.64
  479.58,   849.52,   353.78
  475.88,   849.54,   478.72
  472.19,   849.56,   603.67
  601.45,   598.00,   357.42
  597.75,   598.02,   482.37
  594.05,   598.04,   607.31
  602.98,   722.99,   357.45
  599.28,   723.01,   482.40
  595.59,   723.03,   607.34
  604.52,   847.99,   357.48
  600.82,   848.00,   482.42
  597.12,   848.02,   607.37
  349.23,   599.72,   473.47
  346.09,   601.36,   598.42
  342.94,   603.01,   723.37
  351.91,   724.68,   471.90
  348.77,   726.33,   596.85
  345.62,   727.97,   721.80
  354.59,   849.64,   470.32
  351.45,   851.29,   595.27
  348.30,   852.93,   720.22
  474.17,   597.08,   476.65
  471.02,   598.73,   601.60
  467.87,   600.37,   726.55
  476.85,   722.04,   475.08
  473.70,   723.69,   600.03
  470.55,   725.33,   724.98
  479.52,   847.01,   473.50
  476.38,   848.65,   598.45
  473.23,   850.29,   723.40
  599.10,   594.44,   479.83
  595.95,   596.09,   604.78
  592.80,   597.73,   729.73
  601.78,   719.41,   478.26
  598.63,   721.05,   603.21
  595.48,   722.69,   728.16
  604.46,   844.37,   476.69
  601.31,   846.01,   601.63
  598.16,   847.65,   726.58
  349.35,   598.27,   600.74
  350.65,   600.73,   725.71
  351.94,   603.19,   850.68
  351.70,   723.22,   598.25
  352.99,   725.69,   723.22
  354.28,   728.15,   848.19
  354.05,   848.18,   595.77
  355.34,   850.64,   720.74
  356.63,   853.10,   845.71
  474.32,   595.90,   599.49
  475.62,   598.36,   724.46
  476.91,   600.82,   849.43
  476.67,   720.85,   597.01
  477.96,   723.32,   721.98
  479.26,   725.78,   846.95
  479.02,   845.81,   594.52
  480.31,   848.27,   719.49
  481.60,   850.73,   844.46
  599.30,   593.53,   598.25
  600.59,   595.99,   723.22
  601.88,   598.45,   848.18
  601.64,   718.48,   595.76
  602.93,   720.94,   720.73
  604.23,   723.41,   845.70
  603.99,   843.44,   593.28
  605.28,   845.90,   718.25
  606.57,   848.36,   843.21
  474.25,    99.71,    98.72
  475.24,   101.75,   223.70
  476.22,   103.80,   348.68
  476.14,   224.68,    96.66
  477.13,   226.72,   221.64
  478.12,   228.77,   346.62
  478.04,   349.65,    94.60
  479.03,   351.69,   219.58
  480.01,   353.73,   344.56
  599.23,    97.80,    97.76
  600.22,    99.84,   222.74
  601.20,   101.89,   347.72
  601.13,   222.77,    95.70
  602.11,   224.81,   220.68
  603.10,   226.86,   345.66
  603.02,   347.73,    93.64
  604.01,   349.78,   218.62
  604.99,   351.82,   343.60
  724.21,    95.89,    96.81
  725.20,    97.93,   221.78
  726.19,    99.98,   346.76
  726.11,   220.86,    94.75
  727.09,   222.90,   219.73
  728.08,   224.94,   344.70
  728.00,   345.82,    92.69
  728.99,   347.87,   217.67
  729.98,   349.91,   342.65
  475.17,    98.70,   225.85
  475.11,   101.77,   350.81
  475.06,   104.84,   475.77
  477.03,   223.65,   222.78
  476.97,   226.72,   347.74
  476.91,   229.79,   472.71
  478.89,   348.60,   219.71
  478.83,   351.67,   344.68
  478.77,   354.74,   469.64
  600.16,    96.84,   225.95
  600.10,    99.91,   350.92
  600.04,   102.98,   475.88
  602.02,   221.79,   222.89
  601.96,   224.86,   347.85
  601.90,   227.93,   472.81
  603.88,   346.74,   219.82
  603.82,   349.81,   344.78
  603.76,   352.88,   469.74
  725.15,    94.99,   226.06
  725.09,    98.06,   351.02
  725.03,   101.13,   475.98
  727.00,   219.94,   222.99
  726.95,   223.01,   347.95
  726.89,   226.07,   472.92
  728.86,   344.88,   219.92
  728.80,   347.95,   344.89
  728.75,   351.02,   469.85
  475.14,    99.16,   349.61
  476.93,    97.31,   474.58
  478.73,    95.47,   599.55
  478.41,   224.10,   351.40
  480.20,   222.26,   476.38
  482.00,   220.41,   601.35
  481.67,   349.05,   353.20
  483.47,   347.20,   478.17
  485.26,   345.36,   603.15
  600.08,    95.92,   347.76
  601.88,    94.07,   472.74
  603.67,    92.23,   597.71
  603.35,   220.86,   349.56
  605.15,   219.02,   474.53
  606.94,   217.17,   599.51
  606.62,   345.81,   351.36
  608.41,   343.96,   476.33
  610.21,   342.12,   601.30
  725.03,    92.68,   345.92
  726.82,    90.83,   470.89
  728.62,    88.99,   595.87
  728.29,   217.62,   347.72
  730.09,   215.78,   472.69
  731.88,   213.93,   597.67
  731.56,   342.56,   349.52
  733.36,   340.72,   474.49
  735.15,   338.88,   599.46
  473.85,    98.12,   475.42
  475.77,    96.76,   600.40
  477.70,    95.41,   725.37
  476.86,   223.08,   476.73
  478.79,   221.72,   601.70
  480.72,   220.37,   726.68
  479.88,   348.03,   478.03
  481.81,   346.68,   603.01
  483.74,   345.32,   727.99
  598.80,    95.12,   473.46
  600.72,    93.77,   598.44
  602.65,    92.41,   723.41
  601.81,   220.08,   474.77
  603.74,   218.72,   599.75
  605.67,   217.37,   724.72
  604.83,   345.04,   476.08
  606.76,   343.68,   601.05
  608.69,   342.33,   726.03
  723.74,    92.13,   471.50
  725.67,    90.77,   596.48
  727.60,    89.42,   721.46
  726.76,   217.08,   472.81
  728.69,   215.73,   597.79
  730.62,   214.37,   722.76
  729.78,   342.04,   474.12
  731.71,   340.68,   599.09
  733.63,   339.33,   724.07
  476.65,   101.04,   601.36
  477.66,   104.50,   726.31
  478.68,   107.97,   851.26
  478.40,   225.97,   597.88
  479.42,   229.44,   722.83
  480.43,   232.91,   847.78
  480.16,   350.91,   594.40
  481.17,   354.38,   719.35
  482.19,   357.85,   844.30
  601.63,    99.25,   600.40
  602.65,   102.72,   725.35
  603.66,   106.19,   850.30
  603.39,   224.19,   596.92
  604.40,   227.66,   721.87
  605.41,   231.13,   846.81
  605.14,   349.13,   593.43
  606.16,   352.60,   718.38
  607.17,   356.07,   843.33
  726.61,    97.47,   599.44
  727.63,   100.94,   724.38
  728.64,   104.41,   849.33
  728.37,   222.41,   595.95
  729.38,   225.88,   720.90
  730.40,   229.35,   845.85
  730.13,   347.35,   592.47
  731.14,   350.82,   717.42
  732.15,   354.28,   842.37
  474.33,   225.16,    99.70
  477.44,   227.15,   224.65
  480.54,   229.14,   349.59
  471.28,   350.11,    97.79
  474.39,   352.10,   222.73
  477.49,   354.09,   347.68
  468.24,   475.05,    95.87
  471.34,   477.05,   220.82
  474.44,   479.04,   345.76
  599.26,   228.16,    96.55
  602.36,   230.15,   221.50
  605.46,   232.14,   346.44
  596.21,   353.10,    94.64
  599.31,   355.10,   219.58
  602.42,   357.09,   344.53
  593.16,   478.05,    92.72
  596.27,   480.04,   217.66
  599.37,   482.04,   342.61
  724.18,   231.15,    93.40
  727.28,   233.15,   218.35
  730.39,   235.14,   343.29
  721.13,   356.10,    91.48
  724.24,   358.09,   216.43
  727.34,   360.09,   341.38
  718.09,   481.05,    89.57
  721.19,   483.04,   214.51
  724.29,   485.03,   339.46
  473.41,   223.29,   226.66
  476.26,   221.28,   351.61
  479.11,   219.26,   476.56
  473.70,   348.28,   228.67
  476.55,   346.26,   353.62
  479.41,   344.25,   478.57
  473.99,   473.26,   230.68
  476.85,   471.24,   355.63
  479.70,   469.23,   480.58
  598.38,   223.05,   223.80
  601.23,   221.03,   348.75
  604.08,   219.02,   473.71
  598.67,   348.03,   225.81
  601.52,   346.01,   350.76
  604.37,   344.00,   475.71
  598.96,   473.01,   227.82
  601.81,   471.00,   352.77
  604.67,   468.98,   477.72
  723.34,   222.80,   220.95
  726.20,   220.78,   345.90
  729.05,   218.77,   470.85
  723.64,   347.78,   222.96
  726.49,   345.77,   347.91
  729.34,   343.75,   472.86
  723.93,   472.77,   224.97
  726.78,   470.75,   349.92
  729.63,   468.74,   474.87
  474.82,   226.77,   350.04
  476.67,   228.59,   475.01
  478.51,   230.42,   599.98
  477.87,   351.72,   348.17
  479.71,   353.54,   473.14
  481.56,   355.37,   598.11
  480.92,   476.67,   346.30
  482.76,   478.49,   471.27
  484.61,   480.32,   596.24
  599.77,   223.70,   348.24
  601.62,   225.52,   473.21
  603.46,   227.34,   598.18
  602.82,   348.64,   346.37
  604.66,   350.47,   471.34
  606.51,   352.29,   596.31
  605.86,   473.59,   344.50
  607.71,   475.42,   469.47
  609.56,   477.24,   594.44
  724.72,   220.62,   346.43
  726.56,   222.45,   471.41
  728.41,   224.27,   596.38
  727.77,   345.57,   344.57
  729.61,   347.39,   469.54
  731.46,   349.22,   594.51
  730.81,   470.52,   342.70
  732.66,   472.34,   467.67
  734.51,   474.17,   592.64
  473.33,   225.48,   475.33
  476.72,   222.28,   600.24
  480.11,   219.09,   725.16
  475.74,   350.42,   478.46
  479.13,   347.22,   603.38
  482.52,   344.02,   728.29
  478.15,   475.35,   481.60
  481.54,   472.16,   606.51
  484.93,   468.96,   731.42
  598.26,   223.15,   471.88
  601.65,   219.96,   596.80
  605.04,   216.76,   721.71
  600.67,   348.09,   475.01
  604.06,   344.89,   599.93
  607.45,   341.70,   724.84
  603.08,   473.03,   478.15
  606.47,   469.83,   603.06
  609.86,   466.64,   727.97
  723.19,   220.83,   468.43
  726.58,   217.63,   593.35
  729.97,   214.44,   718.26
  725.60,   345.77,   471.57
  728.99,   342.57,   596.48
  732.38,   339.37,   721.39
  728.01,   470.70,   474.70
  731.40,   467.51,   599.61
  734.79,   464.31,   724.52
  474.83,   223.49,   600.41
  477.92,   220.54,   725.34
  481.00,   217.60,   850.27
  478.44,   348.40,   603.27
  481.53,   345.46,   728.20
  484.61,   342.51,   853.12
  482.06,   473.32,   606.12
  485.14,   470.37,   731.05
  488.22,   467.43,   855.98
  599.74,   219.94,   597.25
  602.83,   217.00,   722.17
  605.91,   214.06,   847.10
  603.35,   344.86,   600.10
  606.44,   341.92,   725.03
  609.52,   338.97,   849.96
  606.97,   469.78,   602.96
  610.05,   466.83,   727.88
  613.13,   463.89,   852.81
  724.65,   216.40,   594.08
  727.73,   213.46,   719.01
  730.82,   210.52,   843.94
  728.26,   341.32,   596.94
  731.35,   338.38,   721.86
  734.43,   335.43,   846.79
  731.88,   466.24,   599.79
  734.96,   463.29,   724.72
  738.04,   460.35,   849.64
  474.93,   351.55,    98.58
  478.15,   349.99,   223.53
  481.38,   348.43,   348.47
  471.23,   476.48,   100.23
  474.46,   474.92,   225.18
  477.68,   473.36,   350.13
  467.53,   601.41,   101.89
  470.76,   599.86,   226.84
  473.98,   598.30,   351.78
  599.83,   355.29,    95.40
  603.06,   353.73,   220.35
  606.28,   352.17,   345.30
  596.14,   480.22,    97.06
  599.36,   478.66,   222.00
  602.58,   477.10,   346.95
  592.44,   605.15,    98.71
  595.66,   603.59,   223.66
  598.88,   602.03,   348.61
  724.74,   359.03,    92.23
  727.96,   357.47,   217.17
  731.19,   355.91,   342.12
  721.04,   483.96,    93.88
  724.26,   482.40,   218.83
  727.49,   480.84,   343.78
  717.34,   608.89,    95.54
  720.56,   607.33,   220.48
  723.79,   605.77,   345.43
  475.05,   351.86,   226.51
  476.79,   349.42,   351.48
  478.53,   346.98,   476.44
  474.78,   476.84,   228.96
  476.52,   474.40,   353.92
  478.26,   471.96,   478.88
  474.50,   601.81,   231.40
  476.25,   599.37,   356.36
  477.99,   596.94,   481.33
  600.04,   352.17,   224.78
  601.78,   349.73,   349.74
  603.52,   347.29,   474.71
  599.76,   477.14,   227.22
  601.51,   474.70,   352.18
  603.25,   472.27,   477.15
  599.49,   602.12,   229.66
  601.23,   599.68,   354.63
  602.98,   597.24,   479.59
  725.02,   352.47,   223.04
  726.77,   350.04,   348.00
  728.51,   347.60,   472.97
  724.75,   477.45,   225.48
  726.49,   475.01,   350.45
  728.24,   472.57,   475.41
  724.48,   602.43,   227.92
  726.22,   599.99,   352.89
  727.96,   597.55,   477.85
  473.90,   348.44,   350.60
  472.27,   346.01,   475.57
  470.64,   343.58,   600.54
  473.61,   473.42,   353.03
  471.97,   470.99,   478.00
  470.34,   468.56,   602.96
  473.31,   598.39,   355.46
  471.67,   595.96,   480.42
  470.04,   593.53,   605.39
  598.89,   348.71,   352.24
  597.26,   346.28,   477.21
  595.62,   343.85,   602.18
  598.60,   473.68,   354.67
  596.96,   471.25,   479.64
  595.33,   468.82,   604.60
  598.30,   598.66,   357.10
  596.66,   596.23,   482.06
  595.03,   593.80,   607.03
  723.88,   348.97,   353.88
  722.25,   346.54,   478.85
  720.61,   344.11,   603.82
  723.58,   473.95,   356.31
  721.95,   471.52,   481.28
  720.32,   469.09,   606.24
  723.29,   598.93,   358.74
  721.65,   596.50,   483.70
  720.02,   594.07,   608.67
  475.68,   350.57,   476.95
  474.22,   352.79,   601.92
  472.76,   355.01,   726.89
  475.55,   475.55,   474.73
  474.08,   477.77,   599.70
  472.62,   479.99,   724.67
  475.41,   600.53,   472.51
  473.94,   602.75,   597.48
  472.48,   604.97,   722.45
  600.68,   350.73,   478.41
  599.21,   352.95,   603.38
  597.75,   355.17,   728.35
  600.54,   475.71,   476.19
  599.08,   477.93,   601.16
  597.61,   480.15,   726.13
  600.40,   600.70,   473.97
  598.94,   602.91,   598.94
  597.47,   605.13,   723.91
  725.67,   350.90,   479.87
  724.21,   353.12,   604.84
  722.74,   355.34,   729.81
  725.53,   475.88,   477.65
  724.07,   478.10,   602.62
  722.61,   480.32,   727.59
  725.39,   600.86,   475.43
  723.93,   603.08,   600.40
  722.47,   605.30,   725.37
  475.95,   349.86,   599.60
  472.90,   350.55,   724.56
  469.86,   351.24,   849.52
  476.02,   474.86,   598.91
  472.97,   475.55,   723.87
  469.92,   476.24,   848.83
  476.09,   599.85,   598.22
  473.04,   600.55,   723.18
  469.99,   601.24,   848.14
  600.92,   349.81,   602.65
  597.87,   350.50,   727.61
  594.82,   351.19,   852.57
  600.98,   474.81,   601.96
  597.93,   475.50,   726.92
  594.88,   476.19,   851.88
  601.05,   599.80,   601.27
  598.00,   600.50,   726.23
  594.95,   601.19,   851.19
  725.88,   349.76,   605.70
  722.83,   350.45,   730.66
  719.78,   351.14,   855.62
  725.95,   474.76,   605.01
  722.90,   475.45,   729.97
  719.85,   476.14,   854.93
  726.01,   599.75,   604.32
  722.96,   600.45,   729.28
  719.91,   601.14,   854.24
  474.27,   474.84,    98.07
  475.80,   475.99,   223.05
  477.33,   477.14,   348.04
  475.47,   599.83,    96.90
  476.99,   600.98,   221.89
  478.52,   602.12,   346.87
  476.66,   724.82,    95.74
  478.18,   725.97,   220.73
  479.71,   727.11,   345.71
  599.26,   473.63,    96.55
  600.79,   474.78,   221.53
  602.31,   475.93,   346.52
  600.45,   598.62,    95.39
  601.98,   599.77,   220.37
  603.51,   600.92,   345.36
  601.64,   723.61,    94.22
  603.17,   724.76,   219.21
  604.70,   725.91,   344.20
  724.24,   472.43,    95.03
  725.77,   473.58,   220.02
  727.30,   474.72,   345.00
  725.44,   597.42,    93.87
  726.96,   598.57,   218.86
  728.49,   599.71,   343.84
  726.63,   722.41,    92.71
  728.15,   723.55,   217.69
  729.68,   724.70,   342.68
  473.43,   475.78,   226.43
  469.96,   472.43,   351.34
  466.50,   469.07,   476.24
  472.47,   600.73,   229.76
  469.00,   597.38,   354.67
  465.53,   594.02,   479.57
  471.51,   725.69,   233.09
  468.04,   722.33,   357.99
  464.57,   718.98,   482.90
  598.38,   476.65,   229.92
  594.91,   473.30,   354.83
  591.45,   469.94,   479.73
  597.42,   601.61,   233.25
  593.95,   598.25,   358.16
  590.48,   594.89,   483.06
  596.45,   726.56,   236.58
  592.99,   723.20,   361.49
  589.52,   719.85,   486.39
  723.33,   477.52,   233.41
  719.86,   474.17,   358.32
  716.39,   470.81,   483.23
  722.37,   602.48,   236.74
  718.90,   599.12,   361.65
  715.43,   595.77,   486.56
  721.40,   727.43,   240.07
  717.93,   724.07,   364.98
  714.47,   720.72,   489.89
  475.84,   476.79,   351.33
  475.28,   475.07,   476.32
  474.71,   473.34,   601.31
  474.04,   601.77,   353.05
  473.47,   600.04,   478.04
  472.90,   598.32,   603.02
  472.23,   726.74,   354.76
  471.66,   725.02,   479.75
  471.10,   723.29,   604.74
  600.83,   478.59,   351.93
  600.26,   476.86,   476.91
  599.69,   475.14,   601.90
  599.02,   603.56,   353.64
  598.46,   601.84,   478.63
  597.89,   600.12,   603.61
  597.22,   728.54,   355.36
  596.65,   726.81,   480.34
  596.08,   725.09,   605.33
  725.81,   480.38,   352.52
  725.25,   478.66,   477.51
  724.68,   476.94,   602.49
  724.01,   605.36,   354.23
  723.44,   603.64,   479.22
  722.87,   601.91,   604.21
  722.20,   730.33,   355.95
  721.64,   728.61,   480.93
  721.07,   726.89,   605.92
  476.42,   474.33,   473.03
  479.59,   470.73,   597.94
  482.75,   467.13,   722.85
  476.08,   599.28,   476.64
  479.24,   595.68,   601.55
  482.41,   592.08,   726.46
  475.73,   724.23,   480.25
  478.90,   720.63,   605.16
  482.06,   717.03,   730.07
  601.38,   474.77,   469.88
  604.55,   471.17,   594.79
  607.71,   467.57,   719.70
  601.04,   599.72,   473.49
  604.20,   596.12,   598.40
  607.37,   592.52,   723.30
  600.69,   724.66,   477.10
  603.86,   721.06,   602.00
  607.02,   717.47,   726.91
  726.34,   475.21,   466.72
  729.51,   471.61,   591.63
  732.67,   468.01,   716.54
  725.99,   600.15,   470.33
  729.16,   596.55,   595.24
  732.33,   592.95,   720.15
  725.65,   725.10,   473.94
  728.82,   721.50,   598.85
  731.98,   717.90,   723.76
  475.20,   473.56,   598.84
  472.72,   470.21,   723.77
  470.24,   466.86,   848.70
  474.95,   598.52,   602.19
  472.47,   595.17,   727.12
  469.99,   591.81,   852.05
  474.69,   723.47,   605.53
  472.21,   720.12,   730.46
  469.73,   716.77,   855.40
  600.18,   473.75,   601.32
  597.70,   470.40,   726.25
  595.22,   467.05,   851.18
  599.92,   598.71,   604.67
  597.44,   595.36,   729.60
  594.96,   592.00,   854.53
  599.67,   723.66,   608.02
  597.19,   720.31,   732.95
  594.71,   716.96,   857.88
  725.15,   473.94,   603.81
  722.67,   470.59,   728.74
  720.20,   467.24,   853.67
  724.90,   598.90,   607.16
  722.42,   595.55,   732.09
  719.94,   592.19,   857.02
  724.64,   723.85,   610.51
  722.16,   720.50,   735.44
  719.68,   717.15,   860.37
  474.07,   600.30,    98.24
  476.42,   596.67,   223.16
  478.77,   593.04,   348.09
  471.69,   725.22,   101.91
  474.04,   721.59,   226.84
  476.39,   717.96,   351.76
  469.31,   850.15,   105.59
  471.66,   846.52,   230.51
  474.01,   842.89,   355.44
  599.03,   602.75,    95.96
  601.38,   599.12,   220.88
  603.72,   595.49,   345.81
  596.65,   727.67,    99.63
  598.99,   724.04,   224.56
  601.34,   720.41,   349.49
  594.27,   852.60,   103.31
  596.61,   848.96,   228.24
  598.96,   845.33,   353.16
  723.98,   605.20,    93.68
  726.33,   601.57,   218.61
  728.68,   597.93,   343.53
  721.60,   730.12,    97.36
  723.95,   726.49,   222.28
  726.30,   722.86,   347.21
  719.22,   855.04,   101.03
  721.57,   851.41,   225.96
  723.92,   847.78,   350.88
  473.26,   601.20,   226.15
  473.60,   602.36,   351.15
  473.93,   603.51,   476.14
  470.40,   726.16,   225.00
  470.74,   727.32,   350.00
  471.08,   728.48,   474.99
  467.55,   851.13,   223.86
  467.88,   852.28,   348.85
  468.22,   853.44,   473.84
  598.23,   604.06,   225.79
  598.57,   605.21,   350.78
  598.90,   606.37,   475.78
  595.37,   729.02,   224.64
  595.71,   730.17,   349.63
  596.04,   731.33,   474.63
  592.51,   853.98,   223.49
  592.85,   855.14,   348.49
  593.19,   856.29,   473.48
  723.20,   606.91,   225.43
  723.53,   608.07,   350.42
  723.87,   609.22,   475.41
  720.34,   731.87,   224.28
  720.67,   733.03,   349.27
  721.01,   734.19,   474.27
  717.48,   856.84,   223.13
  717.82,   857.99,   348.12
  718.15,   859.15,   473.12
  476.72,   598.80,   351.23
  479.37,   595.81,   476.16
  482.02,   592.83,   601.10
  475.90,   723.76,   354.23
  478.55,   720.77,   479.16
  481.20,   717.79,   604.10
  475.09,   848.72,   357.23
  477.74,   845.74,   482.17
  480.39,   842.75,   607.10
  601.68,   599.67,   348.60
  604.34,   596.69,   473.53
  606.99,   593.71,   598.47
  600.87,   724.63,   351.60
  603.52,   721.65,   476.53
  606.17,   718.67,   601.47
  600.06,   849.60,   354.60
  602.71,   846.61,   479.53
  605.36,   843.63,   604.47
  726.65,   600.55,   345.97
  729.30,   597.56,   470.90
  731.95,   594.58,   595.84
  725.84,   725.51,   348.97
  728.49,   722.53,   473.90
  731.14,   719.54,   598.84
  725.03,   850.47,   351.97
  727.68,   847.49,   476.90
  730.33,   844.50,   601.84
  473.27,   601.49,   476.83
  476.80,   600.97,   601.78
  480.33,   600.46,   726.73
  475.82,   726.46,   477.28
  479.34,   725.95,   602.22
  482.87,   725.43,   727.17
  478.36,   851.43,   477.72
  481.89,   850.92,   602.67
  485.41,   850.41,   727.62
  598.20,   598.96,   473.30
  601.73,   598.44,   598.24
  605.25,   597.93,   723.19
  600.74,   723.93,   473.74
  604.27,   723.42,   598.69
  607.80,   722.90,   723.64
  603.28,   848.90,   474.18
  606.81,   848.39,   599.13
  610.34,   847.88,   724.08
  723.12,   596.43,   469.76
  726.65,   595.91,   594.71
  730.18,   595.40,   719.66
  725.66,   721.40,   470.20
  729.19,   720.89,   595.15
  732.72,   720.37,   720.10
  728.21,   846.37,   470.64
  731.73,   845.86,   595.59
  735.26,   845.35,   720.54
  473.69,   600.68,   599.95
  475.52,   600.13,   724.93
  477.34,   599.59,   849.92
  475.42,   725.66,   600.46
  477.24,   725.12,   725.45
  479.07,   724.58,   850.43
  477.14,   850.65,   600.98
  478.97,   850.11,   725.97
  480.79,   849.57,   850.95
  598.67,   598.96,   598.11
  600.49,   598.42,   723.10
  602.31,   597.87,   848.08
  600.39,   723.95,   598.63
  602.22,   723.40,   723.62
  604.04,   722.86,   848.60
  602.12,   848.93,   599.15
  603.94,   848.39,   724.13
  605.77,   847.85,   849.12
  723.64,   597.24,   596.28
  725.46,   596.70,   721.27
  727.29,   596.15,   846.25
  725.37,   722.23,   596.80
  727.19,   721.68,   721.78
  729.02,   721.14,   846.77
  727.09,   847.21,   597.32
  728.92,   846.67,   722.30
  730.74,   846.13,   847.29
  600.42,    99.85,   100.10
  599.63,   100.11,   225.10
  598.83,   100.37,   350.09
  599.90,   224.85,    99.84
  599.11,   225.11,   224.83
  598.31,   225.37,   349.83
  599.38,   349.85,    99.58
  598.58,   350.11,   224.57
  597.79,   350.36,   349.57
  725.42,   100.37,   100.89
  724.62,   100.63,   225.89
  723.83,   100.89,   350.89
  724.90,   225.37,   100.63
  724.10,   225.63,   225.63
  723.31,   225.89,   350.62
  724.37,   350.37,   100.37
  723.58,   350.63,   225.37
  722.79,   350.89,   350.36
  850.41,   100.90,   101.68
  849.62,   101.16,   226.68
  848.83,   101.41,   351.68
  849.89,   225.90,   101.42
  849.10,   226.15,   226.42
  848.30,   226.41,   351.42
  849.37,   350.90,   101.16
  848.58,   351.15,   226.16
  847.78,   351.41,   351.16
  601.92,   100.62,   223.35
  600.45,   103.87,   348.30
  598.99,   107.13,   473.25
  598.57,   225.53,   220.05
  597.10,   228.79,   345.00
  595.64,   232.04,   469.95
  595.22,   350.44,   216.76
  593.75,   353.70,   341.71
  592.29,   356.95,   466.66
  726.86,   104.00,   224.73
  725.40,   107.26,   349.67
  723.93,   110.52,   474.62
  723.51,   228.92,   221.43
  722.05,   232.17,   346.38
  720.58,   235.43,   471.33
  720.16,   353.83,   218.14
  718.70,   357.08,   343.09
  717.23,   360.34,   468.03
  851.81,   107.39,   226.10
  850.34,   110.65,   351.05
  848.88,   113.90,   476.00
  848.46,   232.30,   222.81
  846.99,   235.56,   347.76
  845.53,   238.82,   472.71
  845.11,   357.22,   219.51
  843.64,   360.47,   344.46
  842.18,   363.73,   469.41
  600.83,    99.20,   349.94
  600.78,    98.62,   474.94
  600.74,    98.04,   599.93
  602.93,   224.18,   350.52
  602.88,   223.60,   475.52
  602.84,   223.02,   600.52
  605.02,   349.17,   351.10
  604.98,   348.58,   476.10
  604.94,   348.00,   601.10
  725.81,    97.10,   349.97
  725.76,    96.52,   474.97
  725.72,    95.94,   599.97
  727.91,   222.08,   350.55
  727.86,   221.50,   475.55
  727.82,   220.92,   600.55
  730.01,   347.07,   351.14
  729.96,   346.48,   476.13
  729.92,   345.90,   601.13
  850.79,    95.00,   350.00
  850.75,    94.42,   475.00
  850.70,    93.84,   600.00
  852.89,   219.98,   350.59
  852.85,   219.40,   475.59
  852.80,   218.82,   600.58
  854.99,   344.97,   351.17
  854.95,   344.38,   476.17
  854.90,   343.80,   601.17
  600.34,    99.73,   476.11
  600.91,    97.78,   601.09
  601.49,    95.83,   726.08
  601.05,   224.71,   478.05
  601.63,   222.76,   603.04
  602.20,   220.81,   728.02
  601.76,   349.69,   480.00
  602.34,   347.74,   604.98
  602.91,   345.79,   729.97
  725.33,    99.02,   475.52
  725.91,    97.07,   600.51
  726.49,    95.13,   725.49
  726.05,   224.01,   477.47
  726.62,   222.06,   602.45
  727.20,   220.11,   727.43
  726.76,   348.99,   479.41
  727.33,   347.04,   604.40
  727.91,   345.09,   729.38
  850.33,    98.32,   474.93
  850.91,    96.37,   599.92
  851.48,    94.42,   724.90
  851.04,   223.30,   476.88
  851.62,   221.35,   601.86
  852.19,   219.41,   726.85
  851.75,   348.29,   478.83
  852.33,   346.34,   603.81
  852.91,   344.39,   728.79
  598.31,   100.92,   599.60
  598.95,   101.82,   724.60
  599.60,   102.73,   849.59
  599.91,   225.91,   598.69
  600.56,   226.81,   723.69
  601.20,   227.71,   848.68
  601.52,   350.89,   597.78
  602.16,   351.80,   722.77
  602.80,   352.70,   847.77
  723.30,    99.31,   598.97
  723.94,   100.22,   723.96
  724.59,   101.12,   848.96
  724.90,   224.30,   598.06
  725.54,   225.20,   723.05
  726.19,   226.10,   848.05
  726.50,   349.29,   597.15
  727.15,   350.19,   722.14
  727.79,   351.09,   847.14
  848.28,    97.71,   598.33
  848.93,    98.61,   723.33
  849.57,    99.51,   848.32
  849.89,   222.69,   597.42
  850.53,   223.59,   722.42
  851.18,   224.50,   847.41
  851.49,   347.68,   596.51
  852.14,   348.58,   721.51
  852.78,   349.48,   846.50
  598.06,   226.61,    98.55
  601.01,   226.21,   223.52
  603.96,   225.81,   348.48
  596.57,   351.60,    98.99
  599.52,   351.20,   223.95
  602.47,   350.80,   348.91
  595.08,   476.59,    99.42
  598.03,   476.19,   224.38
  600.98,   475.79,   349.35
  723.02,   228.11,    95.61
  725.97,   227.71,   220.57
  728.92,   227.31,   345.53
  721.53,   353.10,    96.04
  724.48,   352.70,   221.00
  727.43,   352.30,   345.97
  720.04,   478.09,    96.47
  722.99,   477.69,   221.44
  725.94,   477.29,   346.40
  847.97,   229.61,    92.66
  850.93,   229.21,   217.62
  853.88,   228.81,   342.59
  846.48,   354.60,    93.09
  849.44,   354.20,   218.06
  852.39,   353.80,   343.02
  844.99,   479.59,    93.53
  847.95,   479.19,   218.49
  850.90,   478.79,   343.46
  600.12,   224.05,   226.11
  600.31,   224.61,   351.11
  600.50,   225.18,   476.11
  602.22,   349.03,   225.54
  602.41,   349.60,   350.54
  602.60,   350.16,   475.54
  604.32,   474.01,   224.97
  604.51,   474.58,   349.97
  604.69,   475.14,   474.97
  725.11,   221.95,   225.94
  725.29,   222.52,   350.93
  725.48,   223.08,   475.93
  727.20,   346.93,   225.37
  727.39,   347.50,   350.36
  727.58,   348.06,   475.36
  729.30,   471.91,   224.79
  729.49,   472.48,   349.79
  729.68,   473.05,   474.79
  850.09,   219.85,   225.76
  850.28,   220.42,   350.76
  850.46,   220.98,   475.76
  852.19,   344.83,   225.19
  852.37,   345.40,   350.19
  852.56,   345.97,   475.18
  854.28,   469.81,   224.62
  854.47,   470.38,   349.62
  854.66,   470.95,   474.61
  598.45,   225.29,   349.79
  601.58,   222.80,   474.73
  604.71,   220.31,   599.66
  598.88,   350.27,   352.27
  602.01,   347.78,   477.21
  605.14,   345.29,   602.14
  599.32,   475.24,   354.75
  602.45,   472.75,   479.68
  605.58,   470.26,   604.62
  723.41,   224.92,   346.65
  726.54,   222.43,   471.59
  729.67,   219.94,   596.53
  723.84,   349.89,   349.13
  726.97,   347.40,   474.07
  730.10,   344.91,   599.00
  724.28,   474.87,   351.61
  727.41,   472.38,   476.55
  730.54,   469.89,   601.48
  848.37,   224.54,   343.52
  851.50,   222.05,   468.45
  854.63,   219.57,   593.39
  848.80,   349.52,   346.00
  851.93,   347.03,   470.93
  855.06,   344.54,   595.87
  849.24,   474.49,   348.48
  852.37,   472.00,   473.41
  855.50,   469.51,   598.35
  600.33,   225.59,   475.55
  598.91,   226.51,   600.54
  597.49,   227.44,   725.53
  600.22,   350.59,   474.63
  598.81,   351.51,   599.61
  597.39,   352.43,   724.60
  600.12,   475.58,   473.70
  598.70,   476.51,   598.69
  597.28,   477.43,   723.68
  725.32,   225.70,   476.97
  723.90,   226.63,   601.96
  722.48,   227.55,   726.95
  725.22,   350.70,   476.04
  723.80,   351.62,   601.03
  722.38,   352.55,   726.02
  725.11,   475.70,   475.12
  723.69,   476.62,   600.11
  722.28,   477.54,   725.10
  850.31,   225.82,   478.39
  848.89,   226.74,   603.38
  847.48,   227.67,   728.36
  850.21,   350.81,   477.46
  848.79,   351.74,   602.45
  847.37,   352.66,   727.44
  850.11,   475.81,   476.54
  848.69,   476.73,   601.52
  847.27,   477.66,   726.51
  600.89,   223.53,   598.58
  604.29,   221.33,   723.52
  607.69,   219.13,   848.45
  598.38,   348.49,   600.85
  601.78,   346.29,   725.79
  605.19,   344.08,   850.72
  595.88,   473.44,   603.12
  599.28,   471.24,   728.06
  602.68,   469.04,   852.99
  725.81,   226.10,   595.23
  729.22,   223.90,   720.16
  732.62,   221.69,   845.09
  723.31,   351.05,   597.49
  726.71,   348.85,   722.43
  730.11,   346.65,   847.36
  720.81,   476.01,   599.76
  724.21,   473.80,   724.70
  727.61,   471.60,   849.63
  850.74,   228.66,   591.87
  854.15,   226.46,   716.80
  857.55,   224.26,   841.74
  848.24,   353.62,   594.14
  851.64,   351.42,   719.07
  855.04,   349.21,   844.01
  845.73,   478.57,   596.41
  849.14,   476.37,   721.34
  852.54,   474.17,   846.28
  598.88,   348.58,    98.74
  601.51,   349.78,   223.71
  604.14,   350.98,   348.68
  599.88,   473.57,    97.52
  602.50,   474.77,   222.49
  605.13,   475.97,   347.45
  600.87,   598.56,    96.30
  603.50,   599.76,   221.27
  606.12,   600.96,   346.23
  723.85,   347.56,    96.13
  726.48,   348.76,   221.09
  729.10,   349.96,   346.06
  724.84,   472.55,    94.90
  727.47,   473.75,   219.87
  730.10,   474.95,   344.84
  725.84,   597.54,    93.68
  728.46,   598.74,   218.65
  731.09,   599.94,   343.62
  848.82,   346.54,    93.51
  851.45,   347.75,   218.48
  854.07,   348.95,   343.44
  849.81,   471.53,    92.29
  852.44,   472.74,   217.25
  855.07,   473.94,   342.22
  850.81,   596.53,    91.07
  853.43,   597.73,   216.03
  856.06,   598.93,   341.00
  598.81,   350.48,   225.74
  595.98,   351.29,   350.71
  593.15,   352.11,   475.67
  598.38,   475.47,   224.92
  595.55,   476.29,   349.88
  592.72,   477.11,   474.85
  597.95,   600.47,   224.09
  595.12,   601.29,   349.06
  592.29,   602.10,   474.02
  723.78,   350.93,   228.57
  720.95,   351.74,   353.54
  718.11,   352.56,   478.50
  723.35,   475.92,   227.75
  720.52,   476.74,   352.71
  717.68,   477.55,   477.68
  722.92,   600.92,   226.92
  720.09,   601.73,   351.89
  717.25,   602.55,   476.85
  848.75,   351.37,   231.41
  845.91,   352.19,   356.37
  843.08,   353.01,   481.34
  848.32,   476.37,   230.58
  845.48,   477.19,   355.54
  842.65,   478.00,   480.51
  847.89,   601.37,   229.75
  845.05,   602.18,   354.72
  842.22,   603.00,   479.68
  601.54,   349.73,   348.21
  601.76,   351.55,   473.20
  601.99,   353.38,   598.18
  598.32,   474.67,   346.39
  598.54,   476.50,   471.38
  598.77,   478.32,   596.36
  595.10,   599.62,   344.57
  595.32,   601.44,   469.56
  595.55,   603.27,   594.54
  726.50,   352.94,   347.94
  726.72,   354.77,   472.93
  726.95,   356.60,   597.91
  723.28,   477.89,   346.12
  723.50,   479.71,   471.11
  723.73,   481.54,   596.09
  720.06,   602.83,   344.30
  720.28,   604.66,   469.29
  720.51,   606.49,   594.27
  851.46,   356.16,   347.67
  851.68,   357.98,   472.66
  851.90,   359.81,   597.64
  848.24,   481.10,   345.85
  848.46,   482.93,   470.84
  848.68,   484.76,   595.82
  845.02,   606.05,   344.03
  845.24,   607.87,   469.02
  845.46,   609.70,   594.00
  598.75,   348.92,   476.16
  600.02,   346.28,   601.13
  601.30,   343.64,   726.09
  596.54,   473.87,   478.83
  597.82,   471.23,   603.79
  599.09,   468.59,   728.76
  594.33,   598.83,   481.49
  595.61,   596.18,   606.45
  596.89,   593.54,   731.42
  723.72,   351.16,   474.93
  725.00,   348.52,   599.90
  726.28,   345.87,   724.86
  721.51,   476.11,   477.60
  722.79,   473.47,   602.56
  724.07,   470.83,   727.53
  719.30,   601.06,   480.26
  720.58,   598.42,   605.22
  721.86,   595.78,   730.19
  848.69,   353.39,   473.70
  849.97,   350.75,   598.67
  851.25,   348.11,   723.63
  846.49,   478.34,   476.36
  847.76,   475.70,   601.33
  849.04,   473.06,   726.30
  844.28,   603.29,   479.03
  845.56,   600.65,   603.99
  846.83,   598.01,   728.96
  600.07,   349.84,   598.69
  603.22,   347.16,   723.62
  606.37,   344.48,   848.55
  601.34,   474.81,   601.34
  604.48,   472.12,   726.27
  607.63,   469.44,   851.20
  602.60,   599.77,   603.99
  605.75,   597.09,   728.92
  608.90,   594.41,   853.85
  725.02,   348.64,   595.51
  728.17,   345.96,   720.44
  731.32,   343.28,   845.37
  726.29,   473.61,   598.16
  729.44,   470.92,   723.09
  732.59,   468.24,   848.02
  727.56,   598.57,   600.81
  730.71,   595.89,   725.74
  733.86,   593.21,   850.68
  849.98,   347.44,   592.33
  853.13,   344.76,   717.26
  856.27,   342.07,   842.20
  851.24,   472.41,   594.99
  854.39,   469.72,   719.92
  857.54,   467.04,   844.85
  852.51,   597.37,   597.64
  855.66,   594.69,   722.57
  858.81,   592.01,   847.50
  598.97,   475.79,    99.48
  598.22,   474.95,   224.47
  597.47,   474.12,   349.47
  600.65,   600.77,   100.32
  599.90,   599.94,   225.32
  599.15,   599.11,   350.31
  602.33,   725.76,   101.16
  601.58,   724.93,   226.16
  600.83,   724.09,   351.15
  723.96,   474.10,   100.22
  723.21,   473.27,   225.21
  722.45,   472.44,   350.21
  725.64,   599.09,   101.06
  724.89,   598.25,   226.06
  724.13,   597.42,   351.05
  727.32,   724.07,   101.91
  726.57,   723.24,   226.90
  725.81,   722.41,   351.90
  848.95,   472.42,   100.96
  848.19,   471.58,   225.96
  847.44,   470.75,   350.95
  850.63,   597.40,   101.81
  849.87,   596.57,   226.80
  849.12,   595.74,   351.80
  852.31,   722.39,   102.65
  851.55,   721.56,   227.64
  850.80,   720.72,   352.64
  599.77,   476.02,   225.46
  602.58,   473.05,   350.39
  605.39,   470.08,   475.33
  603.27,   600.93,   228.35
  606.08,   597.97,   353.28
  608.89,   595.00,   478.21
  606.77,   725.85,   231.24
  609.58,   722.88,   356.17
  612.39,   719.92,   481.10
  724.68,   472.58,   222.57
  727.50,   469.62,   347.50
  730.31,   466.65,   472.43
  728.19,   597.50,   225.45
  731.00,   594.53,   350.39
  733.81,   591.57,   475.32
  731.69,   722.42,   228.34
  734.50,   719.45,   353.28
  737.31,   716.48,   478.21
  849.60,   469.15,   219.67
  852.42,   466.18,   344.61
  855.23,   463.21,   469.54
  853.10,   594.07,   222.56
  855.92,   591.10,   347.50
  858.73,   588.13,   472.43
  856.61,   718.98,   225.45
  859.42,   716.02,   350.38
  862.23,   713.05,   475.32
  599.99,   475.73,   349.06
  601.48,   477.03,   474.05
  602.97,   478.33,   599.03
  598.61,   600.71,   347.78
  600.10,   602.01,   472.76
  601.59,   603.31,   597.74
  597.23,   725.70,   346.49
  598.71,   727.00,   471.48
  600.20,   728.30,   596.46
  724.98,   477.09,   347.56
  726.46,   478.39,   472.54
  727.95,   479.70,   597.53
  723.59,   602.08,   346.27
  725.08,   603.38,   471.26
  726.57,   604.68,   596.24
  722.21,   727.06,   344.99
  723.70,   728.37,   469.97
  725.19,   729.67,   594.96
  849.96,   478.46,   346.06
  851.45,   479.76,   471.04
  852.93,   481.06,   596.03
  848.58,   603.45,   344.77
  850.06,   604.75,   469.76
  851.55,   606.05,   594.74
  847.19,   728.43,   343.49
  848.68,   729.73,   468.47
  850.17,   731.03,   593.46
  599.85,   475.13,   475.25
  596.37,   471.83,   600.16
  592.88,   468.53,   725.07
  601.95,   600.07,   478.61
  598.47,   596.77,   603.52
  594.98,   593.46,   728.43
  604.05,   725.01,   481.98
  600.57,   721.70,   606.88
  597.09,   718.40,   731.79
  724.78,   472.94,   478.68
  721.30,   469.64,   603.59
  717.82,   466.33,   728.49
  726.89,   597.88,   482.04
  723.40,   594.57,   606.95
  719.92,   591.27,   731.86
  728.99,   722.81,   485.40
  725.50,   719.51,   610.31
  722.02,   716.21,   735.22
  849.72,   470.74,   482.11
  846.23,   467.44,   607.01
  842.75,   464.14,   731.92
  851.82,   595.68,   485.47
  848.34,   592.38,   610.38
  844.85,   589.08,   735.28
  853.92,   720.62,   488.83
  850.44,   717.32,   613.74
  846.95,   714.01,   738.64
  598.24,   476.28,   601.82
  594.87,   475.43,   726.77
  591.49,   474.58,   851.72
  594.77,   601.23,   602.58
  591.40,   600.38,   727.53
  588.02,   599.53,   852.48
  591.30,   726.18,   603.33
  587.92,   725.33,   728.29
  584.55,   724.48,   853.24
  723.15,   479.73,   605.22
  719.78,   478.88,   730.17
  716.40,   478.03,   855.12
  719.68,   604.68,   605.97
  716.30,   603.83,   730.93
  712.93,   602.98,   855.88
  716.21,   729.63,   606.73
  712.83,   728.78,   731.68
  709.46,   727.93,   856.63
  848.06,   483.18,   608.61
  844.68,   482.33,   733.57
  841.31,   481.48,   858.52
  844.58,   608.13,   609.37
  841.21,   607.28,   734.32
  837.83,   606.43,   859.27
  841.11,   733.08,   610.13
  837.74,   732.23,   735.08
  834.36,   731.38,   860.03
  599.44,   600.56,    99.59
  602.10,   601.94,   224.55
  604.75,   603.33,   349.52
  602.28,   725.52,    98.14
  604.94,   726.90,   223.11
  607.59,   728.29,   348.07
  605.12,   850.48,    96.70
  607.77,   851.86,   221.66
  610.43,   853.25,   346.62
  724.38,   597.69,    96.97
  727.04,   599.07,   221.93
  729.69,   600.46,   346.90
  727.22,   722.65,    95.52
  729.88,   724.03,   220.49
  732.53,   725.42,   345.45
  730.06,   847.61,    94.08
  732.71,   848.99,   219.04
  735.37,   850.38,   344.00
  849.32,   594.82,    94.35
  851.98,   596.21,   219.31
  854.63,   597.59,   344.28
  852.16,   719.78,    92.90
  854.81,   721.17,   217.87
  857.47,   722.55,   342.83
  855.00,   844.74,    91.46
  857.65,   846.12,   216.42
  860.31,   847.51,   341.38
  600.25,   598.45,   224.68
  599.49,   598.63,   349.68
  598.72,   598.81,   474.68
  598.34,   723.44,   224.49
  597.57,   723.62,   349.49
  596.80,   723.80,   474.49
  596.43,   848.42,   224.30
  595.66,   848.60,   349.30
  594.89,   848.78,   474.30
  725.24,   600.37,   225.45
  724.47,   600.55,   350.45
  723.70,   600.73,   475.45
  723.32,   725.35,   225.26
  722.55,   725.53,   350.26
  721.79,   725.71,   475.25
  721.41,   850.34,   225.07
  720.64,   850.52,   350.06
  719.87,   850.70,   475.06
  850.22,   602.28,   226.22
  849.45,   602.46,   351.21
  848.68,   602.64,   476.21
  848.31,   727.27,   226.02
  847.54,   727.45,   351.02
  846.77,   727.63,   476.02
  846.39,   852.25,   225.83
  845.62,   852.43,   350.83
  844.85,   852.61,   475.83
  601.08,   599.14,   349.34
  602.56,   600.63,   474.32
  604.04,   602.12,   599.30
  599.06,   724.12,   347.88
  600.54,   725.60,   472.86
  602.01,   727.09,   597.84
  597.03,   849.09,   346.41
  598.51,   850.58,   471.40
  599.99,   852.07,   596.38
  726.06,   601.15,   347.84
  727.54,   602.64,   472.82
  729.01,   604.12,   597.80
  724.03,   726.13,   346.37
  725.51,   727.61,   471.36
  726.99,   729.10,   596.34
  722.01,   851.10,   344.91
  723.48,   852.59,   469.89
  724.96,   854.07,   594.88
  851.03,   603.16,   346.33
  852.51,   604.65,   471.32
  853.99,   606.13,   596.30
  849.01,   728.14,   344.87
  850.49,   729.62,   469.85
  851.96,   731.11,   594.84
  846.98,   853.11,   343.41
  848.46,   854.60,   468.39
  849.94,   856.08,   593.37
  601.26,   598.05,   475.97
  604.78,   599.56,   600.91
  608.30,   601.06,   725.86
  602.38,   723.04,   474.44
  605.90,   724.54,   599.38
  609.42,   726.05,   724.32
  603.50,   848.02,   472.90
  607.02,   849.53,   597.84
  610.53,   851.03,   722.78
  726.21,   596.89,   472.47
  729.73,   598.40,   597.41
  733.24,   599.90,   722.35
  727.33,   721.88,   470.93
  730.84,   723.38,   595.88
  734.36,   724.89,   720.82
  728.44,   846.86,   469.40
  731.96,   848.37,   594.34
  735.48,   849.87,   719.28
  851.15,   595.73,   468.97
  854.67,   597.24,   593.91
  858.19,   598.74,   718.85
  852.27,   720.72,   467.43
  855.79,   722.22,   592.37
  859.31,   723.73,   717.31
  853.39,   845.70,   465.89
  856.91,   847.21,   590.84
  860.42,   848.71,   715.78
  598.75,   598.15,   600.57
  598.64,   599.98,   725.56
  598.53,   601.82,   850.54
  598.99,   723.14,   598.73
  598.88,   724.97,   723.72
  598.77,   726.81,   848.71
  599.23,   848.12,   596.90
  599.12,   849.96,   721.89
  599.01,   851.79,   846.87
  723.75,   597.91,   600.68
  723.64,   599.75,   725.67
  723.53,   601.58,   850.65
  723.99,   722.90,   598.85
  723.88,   724.73,   723.83
  723.77,   726.57,   848.82
  724.23,   847.88,   597.01
  724.12,   849.72,   722.00
  724.01,   851.55,   846.98
  848.75,   597.67,   600.79
  848.64,   599.51,   725.78
  848.53,   601.34,   850.77
  848.99,   722.66,   598.96
  848.88,   724.49,   723.94
  848.77,   726.33,   848.93
  849.23,   847.65,   597.12
  849.12,   849.48,   722.11
  849.01,   851.32,   847.10
