27, 125, pa2-debug-c-output1.txt
  207.38,   199.33,   207.69
  395.46,   395.98,   198.17
  100.44,    98.38,    98.71
  100.16,    95.63,   223.68
   99.89,    92.87,   348.65
  101.49,   223.35,   101.47
  101.21,   220.59,   226.44
  100.93,   217.84,   351.41
  102.53,   348.31,   104.22
  102.25,   345.56,   229.19
  101.98,   342.80,   354.16
  225.44,    97.33,    98.96
  225.16,    94.58,   223.93
  224.88,    91.82,   348.90
  226.48,   222.30,   101.72
  226.21,   219.54,   226.69
  225.93,   216.79,   351.66
  227.53,   347.26,   104.48
  227.25,   344.51,   229.44
  226.97,   341.75,   354.41
  350.43,    96.28,    99.22
  350.16,    93.52,   224.19
  349.88,    90.77,   349.15
  351.48,   221.24,   101.97
  351.20,   218.49,   226.94
  350.92,   215.74,   351.91
  352.52,   346.21,   104.73
  352.25,   343.46,   229.70
  351.97,   340.70,   354.67
  100.50,   100.80,   226.41
  101.11,   103.82,   351.38
  101.71,   106.83,   476.34
   98.96,   225.76,   223.41
   99.56,   228.77,   348.37
  100.16,   231.78,   473.33
   97.41,   350.71,   220.40
   98.02,   353.72,   345.37
   98.62,   356.74,   470.33
  225.49,   102.33,   225.77
  226.09,   105.34,   350.74
  226.70,   108.36,   475.70
  223.95,   227.29,   222.77
  224.55,   230.30,   347.73
  225.15,   233.31,   472.69
  222.40,   352.24,   219.76
  223.01,   355.25,   344.72
  223.61,   358.27,   469.69
  350.48,   103.86,   225.13
  351.08,   106.87,   350.09
  351.69,   109.89,   475.06
  348.94,   228.81,   222.13
  349.54,   231.83,   347.09
  350.14,   234.84,   472.05
  347.39,   353.77,   219.12
  347.99,   356.78,   344.08
  348.60,   359.80,   469.05
   99.35,    98.22,   349.22
  101.73,    94.82,   474.15
  104.11,    91.42,   599.08
   96.58,   223.14,   352.67
   98.97,   219.75,   477.60
  101.35,   216.35,   602.53
   93.82,   348.07,   356.12
   96.20,   344.67,   481.05
   98.58,   341.27,   605.98
  224.29,   101.05,   346.91
  226.68,    97.65,   471.84
  229.06,    94.25,   596.77
  221.53,   225.97,   350.36
  223.91,   222.57,   475.30
  226.29,   219.17,   600.23
  218.77,   350.89,   353.82
  221.15,   347.49,   478.75
  223.53,   344.10,   603.68
  349.24,   103.88,   344.61
  351.62,   100.48,   469.54
  354.00,    97.08,   594.47
  346.48,   228.80,   348.06
  348.86,   225.40,   472.99
  351.24,   222.00,   597.92
  343.72,   353.72,   351.51
  346.10,   350.32,   476.44
  348.48,   346.92,   601.37
  101.05,   100.96,   474.99
  101.75,   103.26,   599.97
  102.45,   105.56,   724.94
   97.88,   225.90,   472.71
   98.58,   228.20,   597.69
   99.28,   230.50,   722.66
   94.71,   350.84,   470.43
   95.41,   353.14,   595.41
   96.10,   355.44,   720.38
  226.01,   104.12,   474.24
  226.71,   106.42,   599.21
  227.40,   108.72,   724.19
  222.84,   229.06,   471.96
  223.54,   231.36,   596.93
  224.23,   233.66,   721.91
  219.67,   354.00,   469.68
  220.37,   356.30,   594.65
  221.06,   358.60,   719.63
  350.97,   107.28,   473.48
  351.67,   109.58,   598.46
  352.36,   111.88,   723.44
  347.80,   232.22,   471.20
  348.50,   234.52,   596.18
  349.19,   236.82,   721.16
  344.63,   357.16,   468.92
  345.32,   359.46,   593.90
  346.02,   361.75,   718.88
   98.55,   100.62,   598.75
   99.82,    99.13,   723.73
  101.08,    97.64,   848.72
   98.62,   225.62,   600.24
   99.88,   224.12,   725.23
  101.15,   222.63,   850.21
   98.69,   350.61,   601.74
   99.95,   349.11,   726.72
  101.21,   347.62,   851.70
  223.55,   100.57,   597.49
  224.81,    99.08,   722.47
  226.07,    97.59,   847.46
  223.61,   225.56,   598.98
  224.88,   224.07,   723.96
  226.14,   222.58,   848.95
  223.68,   350.55,   600.47
  224.95,   349.06,   725.46
  226.21,   347.57,   850.44
  348.54,   100.52,   596.22
  349.80,    99.03,   721.21
  351.07,    97.53,   846.19
  348.61,   225.51,   597.72
  349.87,   224.02,   722.70
  351.13,   222.52,   847.68
  348.68,   350.50,   599.21
  349.94,   349.01,   724.19
  351.20,   347.52,   849.18
   99.55,   225.61,   101.40
  101.41,   222.56,   226.35
  103.26,   219.51,   351.30
   96.40,   350.53,   104.49
   98.25,   347.48,   229.44
  100.10,   344.44,   354.39
   93.24,   475.45,   107.58
   95.10,   472.40,   232.53
   96.95,   469.36,   357.48
  224.50,   228.81,    99.62
  226.35,   225.76,   224.57
  228.20,   222.71,   349.52
  221.35,   353.73,   102.71
  223.20,   350.68,   227.66
  225.05,   347.64,   352.61
  218.19,   478.65,   105.81
  220.04,   475.60,   230.76
  221.90,   472.56,   355.70
  349.45,   232.00,    97.85
  351.30,   228.96,   222.80
  353.15,   225.91,   347.75
  346.29,   356.93,   100.94
  348.14,   353.88,   225.89
  350.00,   350.83,   350.84
  343.14,   481.85,   104.03
  344.99,   478.80,   228.98
  346.84,   475.76,   353.93
   99.00,   226.37,   225.57
  101.98,   223.14,   350.49
  104.95,   219.92,   475.41
   98.24,   351.33,   228.81
  101.22,   348.10,   353.73
  104.20,   344.87,   478.66
   97.48,   476.28,   232.06
  100.46,   473.06,   356.98
  103.44,   469.83,   481.90
  223.96,   227.20,   222.61
  226.94,   223.98,   347.53
  229.92,   220.75,   472.45
  223.20,   352.16,   225.85
  226.18,   348.93,   350.78
  229.16,   345.71,   475.70
  222.44,   477.12,   229.10
  225.42,   473.89,   354.02
  228.40,   470.67,   478.94
  348.92,   228.04,   219.65
  351.90,   224.81,   344.57
  354.88,   221.59,   469.49
  348.16,   353.00,   222.89
  351.14,   349.77,   347.82
  354.12,   346.54,   472.74
  347.40,   477.95,   226.14
  350.38,   474.73,   351.06
  353.36,   471.50,   475.98
   98.91,   223.48,   348.38
   99.31,   222.42,   473.38
   99.70,   221.36,   598.37
   97.26,   348.47,   349.45
   97.66,   347.41,   474.44
   98.05,   346.35,   599.44
   95.61,   473.45,   350.51
   96.01,   472.39,   475.51
   96.40,   471.33,   600.50
  223.90,   225.14,   348.00
  224.30,   224.08,   472.99
  224.69,   223.02,   597.99
  222.25,   350.12,   349.07
  222.64,   349.06,   474.06
  223.04,   348.00,   599.05
  220.60,   475.10,   350.13
  220.99,   474.04,   475.13
  221.39,   472.98,   600.12
  348.89,   226.79,   347.62
  349.28,   225.73,   472.61
  349.68,   224.67,   597.61
  347.24,   351.77,   348.68
  347.63,   350.71,   473.68
  348.03,   349.65,   598.67
  345.59,   476.76,   349.75
  345.98,   475.70,   474.74
  346.38,   474.64,   599.74
   99.38,   224.26,   476.16
   99.34,   224.48,   601.16
   99.29,   224.70,   726.16
  100.69,   349.25,   475.94
  100.65,   349.47,   600.94
  100.60,   349.70,   725.94
  102.00,   474.25,   475.72
  101.95,   474.47,   600.72
  101.91,   474.69,   725.72
  224.38,   222.95,   476.21
  224.33,   223.17,   601.21
  224.28,   223.39,   726.21
  225.69,   347.95,   475.99
  225.64,   348.17,   600.99
  225.59,   348.39,   725.99
  226.99,   472.94,   475.77
  226.95,   473.16,   600.77
  226.90,   473.38,   725.77
  349.37,   221.64,   476.26
  349.32,   221.86,   601.26
  349.28,   222.09,   726.26
  350.68,   346.64,   476.04
  350.63,   346.86,   601.04
  350.58,   347.08,   726.04
  351.99,   471.63,   475.82
  351.94,   471.85,   600.82
  351.89,   472.07,   725.82
  101.60,   226.42,   599.47
   99.92,   230.03,   724.41
   98.24,   233.65,   849.35
   98.25,   351.32,   595.81
   96.57,   354.94,   720.75
   94.90,   358.55,   845.69
   94.90,   476.22,   592.15
   93.23,   479.84,   717.09
   91.55,   483.45,   842.03
  226.54,   229.81,   601.05
  224.86,   233.43,   725.99
  223.19,   237.04,   850.93
  223.19,   354.71,   597.39
  221.52,   358.33,   722.33
  219.84,   361.95,   847.27
  219.85,   479.62,   593.73
  218.17,   483.23,   718.67
  216.49,   486.85,   843.61
  351.48,   233.21,   602.63
  349.81,   236.82,   727.57
  348.13,   240.44,   852.50
  348.14,   358.11,   598.97
  346.46,   361.72,   723.91
  344.78,   365.34,   848.84
  344.79,   483.01,   595.31
  343.11,   486.63,   720.25
  341.44,   490.24,   845.18
  101.17,   349.64,    98.56
  104.64,   346.19,   223.47
  108.12,   342.74,   348.37
  101.25,   474.59,   102.01
  104.72,   471.14,   226.91
  108.19,   467.69,   351.82
  101.33,   599.54,   105.46
  104.80,   596.09,   230.36
  108.27,   592.65,   355.27
  226.12,   349.66,    95.09
  229.59,   346.21,   219.99
  233.07,   342.76,   344.90
  226.20,   474.61,    98.54
  229.67,   471.16,   223.44
  233.15,   467.71,   348.35
  226.28,   599.56,   101.98
  229.75,   596.11,   226.89
  233.22,   592.66,   351.79
  351.07,   349.67,    91.62
  354.55,   346.23,   216.52
  358.02,   342.78,   341.42
  351.15,   474.63,    95.06
  354.62,   471.18,   219.97
  358.10,   467.73,   344.87
  351.23,   599.58,    98.51
  354.70,   596.13,   223.42
  358.17,   592.68,   348.32
   99.57,   350.25,   223.18
  101.25,   347.61,   348.14
  102.93,   344.96,   473.10
   98.01,   475.21,   225.84
   99.69,   472.57,   350.80
  101.38,   469.93,   475.77
   96.46,   600.18,   228.51
   98.14,   597.53,   353.47
   99.82,   594.89,   478.43
  224.55,   351.84,   221.53
  226.23,   349.20,   346.49
  227.91,   346.56,   471.45
  222.99,   476.81,   224.20
  224.67,   474.16,   349.16
  226.36,   471.52,   474.12
  221.44,   601.77,   226.86
  223.12,   599.12,   351.82
  224.80,   596.48,   476.78
  349.53,   353.44,   219.88
  351.21,   350.79,   344.84
  352.89,   348.15,   469.80
  347.97,   478.40,   222.55
  349.65,   475.75,   347.51
  351.33,   473.11,   472.47
  346.41,   603.36,   225.21
  348.10,   600.72,   350.17
  349.78,   598.07,   475.13
   99.35,   350.72,   351.91
   98.78,   351.83,   476.90
   98.21,   352.94,   601.90
   97.16,   475.69,   350.79
   96.59,   476.80,   475.78
   96.02,   477.92,   600.77
   94.96,   600.67,   349.66
   94.40,   601.78,   474.66
   93.83,   602.89,   599.65
  224.33,   352.91,   352.46
  223.76,   354.03,   477.45
  223.19,   355.14,   602.44
  222.13,   477.89,   351.33
  221.57,   479.00,   476.33
  221.00,   480.11,   601.32
  219.94,   602.87,   350.21
  219.38,   603.98,   475.21
  218.81,   605.09,   600.20
  349.31,   355.11,   353.00
  348.74,   356.22,   478.00
  348.17,   357.33,   602.99
  347.11,   480.09,   351.88
  346.55,   481.20,   476.88
  345.98,   482.31,   601.87
  344.92,   605.06,   350.76
  344.36,   606.17,   475.75
  343.79,   607.29,   600.75
  101.91,   348.72,   474.18
  103.55,   351.65,   599.14
  105.19,   354.58,   724.09
   99.07,   473.66,   471.29
  100.71,   476.58,   596.24
  102.35,   479.51,   721.20
   96.23,   598.59,   468.40
   97.87,   601.52,   593.35
   99.51,   604.45,   718.31
  226.86,   351.52,   472.47
  228.51,   354.45,   597.43
  230.15,   357.38,   722.38
  224.02,   476.46,   469.58
  225.67,   479.38,   594.53
  227.31,   482.31,   719.49
  221.18,   601.39,   466.69
  222.83,   604.32,   591.64
  224.47,   607.25,   716.60
  351.82,   354.32,   470.76
  353.46,   357.25,   595.72
  355.11,   360.18,   720.67
  348.98,   479.26,   467.87
  350.62,   482.19,   592.83
  352.27,   485.11,   717.78
  346.14,   604.19,   464.98
  347.78,   607.12,   589.93
  349.43,   610.05,   714.89
   99.12,   348.42,   599.15
   96.83,   345.15,   724.09
   94.53,   341.89,   849.02
   97.93,   473.37,   602.39
   95.63,   470.11,   727.33
   93.34,   466.84,   852.27
   96.73,   598.32,   605.64
   94.44,   595.06,   730.58
   92.14,   591.79,   855.51
  224.09,   349.55,   601.47
  221.80,   346.29,   726.41
  219.51,   343.02,   851.35
  222.90,   474.51,   604.72
  220.61,   471.24,   729.65
  218.31,   467.97,   854.59
  221.71,   599.46,   607.96
  219.41,   596.19,   732.90
  217.12,   592.92,   857.84
  349.07,   350.69,   603.80
  346.77,   347.42,   728.73
  344.48,   344.15,   853.67
  347.87,   475.64,   607.04
  345.58,   472.37,   731.98
  343.29,   469.11,   856.92
  346.68,   600.59,   610.29
  344.39,   597.32,   735.22
  342.09,   594.06,   860.16
  100.43,   474.59,   101.19
   98.35,   472.05,   226.15
   96.26,   469.50,   351.11
  103.11,   599.54,   103.78
  101.03,   596.99,   228.74
   98.94,   594.44,   353.70
  105.79,   724.48,   106.38
  103.71,   721.93,   231.33
  101.63,   719.39,   356.29
  225.38,   471.87,   103.22
  223.30,   469.32,   228.18
  221.22,   466.77,   353.14
  228.07,   596.81,   105.81
  225.98,   594.27,   230.77
  223.90,   591.72,   355.73
  230.75,   721.76,   108.40
  228.66,   719.21,   233.36
  226.58,   716.66,   358.32
  350.34,   469.14,   105.25
  348.25,   466.60,   230.21
  346.17,   464.05,   355.16
  353.02,   594.09,   107.84
  350.94,   591.54,   232.80
  348.85,   588.99,   357.76
  355.70,   719.03,   110.43
  353.62,   716.49,   235.39
  351.53,   713.94,   360.35
   99.22,   473.10,   223.19
  102.36,   472.58,   348.15
  105.51,   472.06,   473.11
  100.32,   598.09,   223.68
  103.47,   597.57,   348.64
  106.61,   597.06,   473.60
  101.42,   723.09,   224.18
  104.57,   722.57,   349.13
  107.71,   722.05,   474.09
  224.18,   472.01,   220.05
  227.32,   471.49,   345.01
  230.46,   470.97,   469.96
  225.28,   597.01,   220.54
  228.42,   596.49,   345.50
  231.56,   595.97,   470.46
  226.38,   722.00,   221.03
  229.52,   721.48,   345.99
  232.67,   720.96,   470.95
  349.13,   470.92,   216.90
  352.28,   470.40,   341.86
  355.42,   469.88,   466.82
  350.23,   595.92,   217.39
  353.38,   595.40,   342.35
  356.52,   594.88,   467.31
  351.34,   720.91,   217.88
  354.48,   720.39,   342.84
  357.62,   719.87,   467.80
   98.83,   473.69,   349.27
   96.19,   477.08,   474.20
   93.55,   480.47,   599.13
  101.30,   598.62,   345.93
   98.66,   602.01,   470.86
   96.02,   605.40,   595.79
  103.77,   723.55,   342.59
  101.13,   726.94,   467.52
   98.49,   730.33,   592.45
  223.77,   471.29,   351.98
  221.14,   474.68,   476.90
  218.50,   478.07,   601.83
  226.24,   596.22,   348.64
  223.61,   599.61,   473.56
  220.97,   603.00,   598.49
  228.72,   721.15,   345.30
  226.08,   724.54,   470.22
  223.44,   727.93,   595.15
  348.72,   468.89,   354.68
  346.08,   472.28,   479.60
  343.45,   475.67,   604.53
  351.19,   593.82,   351.34
  348.56,   597.21,   476.27
  345.92,   600.60,   601.19
  353.66,   718.75,   348.00
  351.03,   722.14,   472.93
  348.39,   725.54,   597.85
   99.07,   474.20,   475.86
  101.19,   473.72,   600.84
  103.31,   473.25,   725.82
   96.40,   599.17,   476.38
   98.52,   598.69,   601.36
  100.64,   598.22,   726.34
   93.73,   724.14,   476.89
   95.85,   723.66,   601.88
   97.97,   723.19,   726.86
  224.03,   476.87,   473.75
  226.14,   476.40,   598.73
  228.26,   475.93,   723.71
  221.36,   601.84,   474.27
  223.48,   601.37,   599.25
  225.59,   600.90,   724.23
  218.69,   726.82,   474.79
  220.81,   726.34,   599.77
  222.92,   725.87,   724.75
  348.98,   479.55,   471.64
  351.10,   479.08,   596.62
  353.22,   478.61,   721.61
  346.31,   604.52,   472.16
  348.43,   604.05,   597.14
  350.55,   603.58,   722.12
  343.64,   729.49,   472.68
  345.76,   729.02,   597.66
  347.88,   728.55,   722.64
  101.65,   475.02,   601.02
   98.52,   477.77,   725.95
   95.38,   480.52,   850.88
  103.47,   599.98,   598.32
  100.34,   602.73,   723.25
   97.20,   605.48,   848.18
  105.29,   724.93,   595.61
  102.16,   727.68,   720.54
   99.02,   730.44,   845.47
  226.60,   473.27,   604.20
  223.46,   476.02,   729.13
  220.33,   478.77,   854.06
  228.42,   598.23,   601.49
  225.29,   600.98,   726.42
  222.15,   603.73,   851.35
  230.24,   723.18,   598.78
  227.11,   725.93,   723.71
  223.97,   728.68,   848.64
  351.55,   471.52,   607.37
  348.41,   474.27,   732.30
  345.28,   477.02,   857.23
  353.37,   596.47,   604.66
  350.23,   599.23,   729.59
  347.10,   601.98,   854.52
  355.19,   721.43,   601.96
  352.05,   724.18,   726.89
  348.92,   726.93,   851.82
   98.37,   601.91,    98.85
   96.44,   602.18,   223.83
   94.50,   602.44,   348.82
   96.74,   726.90,    98.56
   94.81,   727.17,   223.54
   92.87,   727.43,   348.53
   95.11,   851.89,    98.27
   93.17,   852.16,   223.25
   91.24,   852.42,   348.24
  223.35,   603.55,   100.78
  221.41,   603.81,   225.76
  219.48,   604.08,   350.75
  221.71,   728.54,   100.49
  219.78,   728.80,   225.48
  217.85,   729.07,   350.46
  220.08,   853.53,   100.20
  218.15,   853.79,   225.19
  216.21,   854.05,   350.17
  348.32,   605.18,   102.71
  346.39,   605.45,   227.70
  344.45,   605.71,   352.68
  346.69,   730.17,   102.42
  344.75,   730.44,   227.41
  342.82,   730.70,   352.39
  345.06,   855.16,   102.13
  343.12,   855.43,   227.12
  341.19,   855.69,   352.10
  101.97,   598.74,   225.32
  104.71,   597.50,   350.29
  107.46,   596.26,   475.25
   98.37,   723.68,   226.64
  101.11,   722.44,   351.61
  103.86,   721.20,   476.57
   94.77,   848.62,   227.96
   97.51,   847.38,   352.93
  100.26,   846.14,   477.89
  226.89,   602.37,   222.62
  229.63,   601.13,   347.58
  232.38,   599.89,   472.55
  223.29,   727.31,   223.94
  226.03,   726.07,   348.90
  228.78,   724.83,   473.86
  219.69,   852.25,   225.26
  222.43,   851.01,   350.22
  225.17,   849.77,   475.18
  351.81,   606.00,   219.91
  354.55,   604.76,   344.88
  357.29,   603.52,   469.84
  348.21,   730.94,   221.23
  350.95,   729.70,   346.20
  353.69,   728.46,   471.16
  344.61,   855.88,   222.55
  347.35,   854.64,   347.51
  350.09,   853.40,   472.48
  101.51,   600.17,   348.49
  104.17,   598.15,   473.45
  106.82,   596.12,   598.40
  102.70,   725.15,   350.49
  105.35,   723.12,   475.45
  108.01,   721.10,   600.40
  103.89,   850.13,   352.50
  106.54,   848.10,   477.45
  109.19,   846.08,   602.41
  226.48,   599.03,   345.82
  229.13,   597.00,   470.78
  231.79,   594.98,   595.73
  227.67,   724.01,   347.82
  230.32,   721.98,   472.78
  232.97,   719.95,   597.73
  228.85,   848.98,   349.82
  231.51,   846.96,   474.78
  234.16,   844.93,   599.73
  351.45,   597.88,   343.15
  354.10,   595.86,   468.10
  356.75,   593.83,   593.06
  352.63,   722.86,   345.15
  355.29,   720.84,   470.11
  357.94,   718.81,   595.06
  353.82,   847.84,   347.15
  356.47,   845.81,   472.11
  359.13,   843.79,   597.06
  101.80,   601.12,   476.80
   99.29,   603.04,   601.76
   96.78,   604.96,   726.72
   99.73,   726.09,   474.84
   97.23,   728.01,   599.80
   94.72,   729.92,   724.76
   97.67,   851.06,   472.88
   95.17,   852.97,   597.84
   92.66,   854.89,   722.80
  226.75,   603.22,   479.27
  224.25,   605.14,   604.23
  221.74,   607.06,   729.19
  224.69,   728.19,   477.31
  222.18,   730.11,   602.27
  219.68,   732.03,   727.24
  222.63,   853.16,   475.36
  220.12,   855.08,   600.32
  217.62,   856.99,   725.28
  351.71,   605.32,   481.75
  349.20,   607.24,   606.71
  346.70,   609.16,   731.67
  349.65,   730.29,   479.79
  347.14,   732.21,   604.75
  344.64,   734.13,   729.71
  347.59,   855.26,   477.83
  345.08,   857.18,   602.79
  342.57,   859.09,   727.75
  101.77,   601.53,   598.05
  101.72,   601.87,   723.05
  101.66,   602.21,   848.05
  104.44,   726.50,   597.71
  104.39,   726.84,   722.71
  104.34,   727.18,   847.71
  107.11,   851.47,   597.38
  107.06,   851.81,   722.38
  107.01,   852.15,   847.38
  226.74,   598.86,   598.11
  226.69,   599.20,   723.11
  226.64,   599.53,   848.11
  229.41,   723.83,   597.77
  229.36,   724.17,   722.77
  229.31,   724.51,   847.77
  232.08,   848.80,   597.44
  232.03,   849.14,   722.44
  231.98,   849.48,   847.44
  351.71,   596.19,   598.17
  351.66,   596.52,   723.17
  351.61,   596.86,   848.17
  354.38,   721.16,   597.83
  354.33,   721.50,   722.83
  354.28,   721.83,   847.83
  357.05,   846.13,   597.49
  357.00,   846.47,   722.49
  356.95,   846.80,   847.49
  223.49,    98.29,    99.41
  220.11,   100.77,   224.34
  216.73,   103.24,   349.27
  220.22,   223.22,    96.85
  216.84,   225.70,   221.78
  213.46,   228.17,   346.71
  216.95,   348.15,    94.28
  213.57,   350.63,   219.21
  210.19,   353.10,   344.14
  348.40,   101.63,   102.73
  345.02,   104.10,   227.65
  341.64,   106.58,   352.58
  345.13,   226.56,   100.16
  341.75,   229.03,   225.09
  338.37,   231.51,   350.02
  341.86,   351.49,    97.60
  338.48,   353.97,   222.53
  335.10,   356.44,   347.46
  473.31,   104.97,   106.04
  469.93,   107.44,   230.97
  466.55,   109.92,   355.90
  470.04,   229.90,   103.48
  466.66,   232.37,   228.40
  463.28,   234.85,   353.33
  466.77,   354.83,   100.91
  463.39,   357.30,   225.84
  460.01,   359.78,   350.77
  224.80,    98.99,   223.90
  228.04,   101.45,   348.83
  231.29,   103.90,   473.76
  226.88,   223.95,   221.38
  230.12,   226.40,   346.32
  233.37,   228.86,   471.25
  228.96,   348.90,   218.87
  232.20,   351.36,   343.81
  235.45,   353.82,   468.74
  349.74,    96.84,   220.69
  352.99,    99.30,   345.63
  356.23,   101.76,   470.56
  351.82,   221.80,   218.18
  355.06,   224.26,   343.12
  358.31,   226.72,   468.05
  353.90,   346.76,   215.67
  357.14,   349.22,   340.61
  360.39,   351.67,   465.54
  474.68,    94.70,   217.49
  477.93,    97.16,   342.43
  481.17,    99.61,   467.36
  476.76,   219.66,   214.98
  480.01,   222.11,   339.91
  483.25,   224.57,   464.85
  478.84,   344.62,   212.47
  482.09,   347.07,   337.40
  485.33,   349.53,   462.34
  225.83,   101.06,   350.31
  228.87,   101.31,   475.27
  231.91,   101.55,   600.23
  227.20,   226.05,   350.03
  230.24,   226.30,   474.99
  233.28,   226.55,   599.95
  228.57,   351.04,   349.75
  231.61,   351.29,   474.71
  234.65,   351.54,   599.67
  350.79,    99.68,   347.27
  353.83,    99.93,   472.24
  356.86,   100.18,   597.20
  352.16,   224.68,   346.99
  355.19,   224.92,   471.95
  358.23,   225.17,   596.92
  353.53,   349.67,   346.71
  356.56,   349.91,   471.67
  359.60,   350.16,   596.64
  475.74,    98.31,   344.24
  478.78,    98.55,   469.20
  481.82,    98.80,   594.16
  477.11,   223.30,   343.96
  480.15,   223.55,   468.92
  483.19,   223.79,   593.88
  478.48,   348.29,   343.68
  481.52,   348.54,   468.64
  484.56,   348.79,   593.60
  225.00,    99.69,   476.12
  227.62,   102.41,   601.06
  230.24,   105.14,   726.00
  222.78,   224.64,   473.44
  225.40,   227.37,   598.38
  228.02,   230.09,   723.33
  220.56,   349.59,   470.76
  223.18,   352.32,   595.70
  225.80,   355.04,   720.65
  349.96,   101.85,   473.45
  352.58,   104.58,   598.39
  355.20,   107.30,   723.34
  347.73,   226.80,   470.77
  350.36,   229.53,   595.72
  352.98,   232.25,   720.66
  345.51,   351.76,   468.09
  348.13,   354.48,   593.04
  350.75,   357.20,   717.98
  474.91,   104.02,   470.78
  477.53,   106.74,   595.73
  480.15,   109.46,   720.67
  472.69,   228.97,   468.10
  475.31,   231.69,   593.05
  477.93,   234.42,   717.99
  470.47,   353.92,   465.43
  473.09,   356.64,   590.37
  475.71,   359.37,   715.31
  224.94,    99.63,   598.64
  228.39,   103.04,   723.54
  231.85,   106.45,   848.45
  222.73,   224.56,   595.28
  226.19,   227.98,   720.19
  229.64,   231.39,   845.09
  220.53,   349.50,   591.93
  223.98,   352.91,   716.84
  227.44,   356.32,   841.74
  349.87,   101.74,   595.12
  353.33,   105.15,   720.03
  356.78,   108.56,   844.93
  347.67,   226.67,   591.77
  351.12,   230.09,   716.67
  354.58,   233.50,   841.58
  345.46,   351.61,   588.42
  348.92,   355.02,   713.32
  352.37,   358.44,   838.23
  474.80,   103.85,   591.61
  478.26,   107.26,   716.51
  481.71,   110.67,   841.42
  472.60,   228.78,   588.26
  476.05,   232.20,   713.16
  479.51,   235.61,   838.07
  470.39,   353.72,   584.90
  473.85,   357.13,   709.81
  477.30,   360.55,   834.71
  223.04,   223.99,   101.25
  223.05,   224.20,   226.25
  223.06,   224.41,   351.25
  223.08,   348.99,   101.04
  223.10,   349.20,   226.04
  223.11,   349.41,   351.04
  223.13,   473.99,   100.83
  223.14,   474.20,   225.83
  223.15,   474.41,   350.83
  348.04,   223.94,   101.24
  348.05,   224.15,   226.24
  348.06,   224.36,   351.24
  348.08,   348.94,   101.03
  348.10,   349.15,   226.03
  348.11,   349.36,   351.03
  348.13,   473.94,   100.82
  348.14,   474.15,   225.82
  348.15,   474.36,   350.82
  473.04,   223.90,   101.23
  473.05,   224.10,   226.23
  473.06,   224.31,   351.23
  473.08,   348.89,   101.02
  473.09,   349.10,   226.02
  473.11,   349.31,   351.02
  473.13,   473.89,   100.81
  473.14,   474.10,   225.81
  473.15,   474.31,   350.81
  225.07,   224.05,   223.94
  228.39,   225.92,   348.88
  231.70,   227.80,   473.82
  222.26,   349.00,   222.14
  225.58,   350.88,   347.08
  228.90,   352.76,   472.02
  219.45,   473.96,   220.33
  222.77,   475.84,   345.28
  226.09,   477.71,   470.22
  349.99,   226.81,   220.58
  353.31,   228.68,   345.52
  356.63,   230.56,   470.46
  347.19,   351.76,   218.78
  350.50,   353.64,   343.72
  353.82,   355.52,   468.66
  344.38,   476.72,   216.98
  347.69,   478.59,   341.92
  351.01,   480.47,   466.86
  474.92,   229.57,   217.22
  478.23,   231.44,   342.16
  481.55,   233.32,   467.11
  472.11,   354.52,   215.42
  475.43,   356.40,   340.36
  478.74,   358.27,   465.30
  469.30,   479.48,   213.62
  472.62,   481.35,   338.56
  475.94,   483.23,   463.50
  223.78,   226.58,   348.70
  220.52,   226.56,   473.65
  217.25,   226.54,   598.61
  224.40,   351.58,   348.73
  221.14,   351.56,   473.69
  217.87,   351.54,   598.64
  225.02,   476.57,   348.76
  221.75,   476.56,   473.72
  218.49,   476.54,   598.68
  348.74,   225.96,   351.96
  345.47,   225.94,   476.92
  342.21,   225.92,   601.87
  349.36,   350.96,   351.99
  346.09,   350.94,   476.95
  342.83,   350.92,   601.91
  349.97,   475.96,   352.03
  346.71,   475.94,   476.99
  343.45,   475.92,   601.94
  473.69,   225.34,   355.22
  470.43,   225.32,   480.18
  467.16,   225.30,   605.14
  474.31,   350.34,   355.26
  471.05,   350.32,   480.21
  467.78,   350.30,   605.17
  474.93,   475.34,   355.29
  471.67,   475.32,   480.25
  468.40,   475.30,   605.21
  226.98,   224.41,   476.26
  228.48,   226.73,   601.23
  229.98,   229.06,   726.20
  225.80,   349.38,   473.95
  227.30,   351.71,   598.92
  228.80,   354.03,   723.89
  224.62,   474.35,   471.64
  226.12,   476.68,   596.61
  227.62,   479.00,   721.58
  351.97,   225.56,   474.74
  353.47,   227.88,   599.71
  354.96,   230.21,   724.68
  350.79,   350.53,   472.43
  352.29,   352.86,   597.40
  353.78,   355.18,   722.37
  349.61,   475.51,   470.12
  351.10,   477.83,   595.09
  352.60,   480.16,   720.06
  476.95,   226.71,   473.22
  478.45,   229.04,   598.19
  479.95,   231.36,   723.16
  475.77,   351.69,   470.91
  477.27,   354.01,   595.88
  478.77,   356.33,   720.85
  474.59,   476.66,   468.60
  476.09,   478.98,   593.57
  477.59,   481.31,   718.54
  225.40,   225.17,   598.29
  225.76,   223.32,   723.27
  226.12,   221.47,   848.26
  227.01,   350.14,   600.13
  227.37,   348.29,   725.12
  227.73,   346.44,   850.11
  228.62,   475.12,   601.98
  228.98,   473.27,   726.97
  229.34,   471.42,   851.95
  350.38,   223.56,   597.90
  350.75,   221.71,   722.89
  351.11,   219.86,   847.88
  352.00,   348.54,   599.75
  352.36,   346.69,   724.74
  352.72,   344.83,   849.72
  353.61,   473.51,   601.60
  353.97,   471.66,   726.58
  354.33,   469.81,   851.57
  475.37,   221.95,   597.52
  475.73,   220.10,   722.51
  476.10,   218.25,   847.49
  476.99,   346.93,   599.37
  477.35,   345.08,   724.35
  477.71,   343.23,   849.34
  478.60,   471.90,   601.21
  478.96,   470.05,   726.20
  479.32,   468.20,   851.18
  223.68,   350.47,    98.99
  221.54,   347.25,   223.93
  219.40,   344.03,   348.87
  223.62,   475.43,   102.21
  221.48,   472.21,   227.15
  219.34,   468.99,   352.09
  223.57,   600.38,   105.43
  221.43,   597.17,   230.37
  219.29,   593.95,   355.31
  348.66,   350.47,   101.13
  346.52,   347.25,   226.07
  344.38,   344.03,   351.01
  348.60,   475.43,   104.35
  346.47,   472.21,   229.29
  344.33,   468.99,   354.23
  348.55,   600.38,   107.57
  346.41,   597.17,   232.51
  344.27,   593.95,   357.45
  473.64,   350.47,   103.27
  471.50,   347.25,   228.21
  469.36,   344.03,   353.15
  473.59,   475.43,   106.49
  471.45,   472.21,   231.43
  469.31,   468.99,   356.37
  473.53,   600.39,   109.71
  471.39,   597.17,   234.65
  469.25,   593.95,   359.59
  226.38,   348.95,   226.32
  230.07,   352.52,   351.21
  233.75,   356.08,   476.11
  227.47,   473.89,   222.72
  231.16,   477.46,   347.61
  234.84,   481.03,   472.51
  228.56,   598.84,   219.12
  232.24,   602.40,   344.01
  235.93,   605.97,   468.91
  351.32,   347.76,   222.67
  355.01,   351.32,   347.56
  358.69,   354.89,   472.45
  352.41,   472.70,   219.07
  356.10,   476.27,   343.96
  359.78,   479.83,   468.85
  353.50,   597.64,   215.47
  357.18,   601.21,   340.36
  360.87,   604.78,   465.25
  476.26,   346.56,   219.01
  479.95,   350.13,   343.91
  483.64,   353.70,   468.80
  477.35,   471.51,   215.41
  481.04,   475.07,   340.31
  484.72,   478.64,   465.20
  478.44,   596.45,   211.81
  482.13,   600.02,   336.71
  485.81,   603.58,   461.60
  226.54,   349.72,   350.37
  226.05,   346.79,   475.33
  225.56,   343.87,   600.30
  224.49,   474.67,   353.28
  224.01,   471.74,   478.25
  223.52,   468.82,   603.21
  222.45,   599.62,   356.20
  221.96,   596.69,   481.17
  221.48,   593.77,   606.13
  351.52,   351.75,   350.90
  351.03,   348.83,   475.87
  350.54,   345.90,   600.83
  349.48,   476.70,   353.82
  348.99,   473.77,   478.78
  348.50,   470.85,   603.75
  347.43,   601.65,   356.74
  346.95,   598.72,   481.70
  346.46,   595.80,   606.67
  476.50,   353.78,   351.44
  476.01,   350.86,   476.40
  475.53,   347.93,   601.37
  474.46,   478.73,   354.36
  473.97,   475.81,   479.32
  473.48,   472.88,   604.29
  472.42,   603.68,   357.27
  471.93,   600.76,   482.24
  471.44,   597.83,   607.20
  225.50,   349.46,   475.52
  224.08,   347.89,   600.50
  222.66,   346.32,   725.48
  224.26,   474.44,   477.07
  222.84,   472.87,   602.06
  221.42,   471.30,   727.04
  223.03,   599.42,   478.63
  221.61,   597.85,   603.61
  220.19,   596.28,   728.59
  350.48,   350.67,   476.95
  349.07,   349.10,   601.93
  347.65,   347.53,   726.92
  349.25,   475.66,   478.51
  347.83,   474.09,   603.49
  346.41,   472.52,   728.47
  348.01,   600.64,   480.06
  346.59,   599.07,   605.05
  345.17,   597.50,   730.03
  475.47,   351.89,   478.39
  474.05,   350.32,   603.37
  472.63,   348.75,   728.35
  474.23,   476.88,   479.94
  472.81,   475.31,   604.92
  471.40,   473.74,   729.91
  473.00,   601.86,   481.50
  471.58,   600.29,   606.48
  470.16,   598.72,   731.46
  224.50,   348.12,   598.03
  221.59,   347.03,   722.99
  218.69,   345.93,   847.95
  224.32,   473.12,   599.12
  221.41,   472.02,   724.08
  218.51,   470.93,   849.04
  224.14,   598.11,   600.21
  221.23,   597.02,   725.17
  218.33,   595.92,   850.13
  349.47,   348.27,   600.93
  346.56,   347.18,   725.90
  343.66,   346.08,   850.86
  349.28,   473.27,   602.02
  346.38,   472.18,   726.99
  343.48,   471.08,   851.95
  349.10,   598.27,   603.12
  346.20,   597.17,   728.08
  343.29,   596.08,   853.04
  474.43,   348.43,   603.84
  471.53,   347.33,   728.80
  468.62,   346.24,   853.76
  474.25,   473.42,   604.93
  471.35,   472.33,   729.89
  468.44,   471.23,   854.85
  474.07,   598.42,   606.02
  471.17,   597.32,   730.98
  468.26,   596.23,   855.95
  224.58,   475.23,   100.23
  221.29,   473.29,   225.17
  217.99,   471.35,   350.11
  221.66,   600.18,   102.09
  218.37,   598.24,   227.03
  215.08,   596.30,   351.97
  218.75,   725.13,   103.95
  215.45,   723.19,   228.90
  212.16,   721.25,   353.84
  349.50,   478.09,   103.56
  346.21,   476.15,   228.51
  342.92,   474.21,   353.45
  346.58,   603.05,   105.43
  343.29,   601.11,   230.37
  340.00,   599.16,   355.31
  343.67,   728.00,   107.29
  340.38,   726.06,   232.23
  337.08,   724.12,   357.17
  474.42,   480.96,   106.90
  471.13,   479.02,   231.84
  467.84,   477.08,   356.78
  471.51,   605.91,   108.76
  468.22,   603.97,   233.71
  464.92,   602.03,   358.65
  468.59,   730.86,   110.63
  465.30,   728.92,   235.57
  462.01,   726.98,   360.51
  225.06,   473.07,   223.24
  227.76,   471.81,   348.20
  230.47,   470.55,   473.17
  225.39,   598.06,   224.49
  228.09,   596.80,   349.45
  230.80,   595.55,   474.42
  225.72,   723.05,   225.74
  228.42,   721.80,   350.70
  231.13,   720.54,   475.67
  350.03,   472.76,   220.53
  352.74,   471.51,   345.49
  355.44,   470.25,   470.46
  350.36,   597.76,   221.78
  353.07,   596.50,   346.74
  355.77,   595.24,   471.71
  350.69,   722.75,   223.03
  353.39,   721.49,   348.00
  356.10,   720.24,   472.96
  475.00,   472.46,   217.82
  477.71,   471.20,   342.79
  480.41,   469.95,   467.75
  475.33,   597.45,   219.07
  478.04,   596.20,   344.04
  480.74,   594.94,   469.00
  475.66,   722.45,   220.32
  478.37,   721.19,   345.29
  481.07,   719.93,   470.25
  223.97,   476.10,   350.68
  225.04,   477.74,   475.66
  226.10,   479.37,   600.65
  220.45,   601.04,   349.07
  221.51,   602.68,   474.06
  222.57,   604.31,   599.04
  216.92,   725.98,   347.47
  217.98,   727.62,   472.45
  219.04,   729.25,   597.44
  348.92,   479.61,   349.57
  349.98,   481.25,   474.55
  351.05,   482.89,   599.54
  345.39,   604.55,   347.97
  346.46,   606.19,   472.95
  347.52,   607.83,   597.93
  341.86,   729.49,   346.36
  342.93,   731.13,   471.35
  343.99,   732.77,   596.33
  473.87,   483.13,   348.46
  474.93,   484.76,   473.45
  475.99,   486.40,   598.43
  470.34,   608.07,   346.86
  471.40,   609.70,   471.84
  472.46,   611.34,   596.83
  466.81,   733.01,   345.25
  467.87,   734.64,   470.24
  468.94,   736.28,   595.22
  223.94,   474.98,   473.87
  222.82,   474.02,   598.86
  221.70,   473.06,   723.85
  222.00,   599.96,   474.81
  220.88,   599.00,   599.80
  219.75,   598.04,   724.79
  220.05,   724.94,   475.75
  218.93,   723.98,   600.74
  217.81,   723.02,   725.73
  348.92,   476.92,   475.00
  347.80,   475.96,   599.99
  346.68,   475.00,   724.99
  346.98,   601.90,   475.94
  345.86,   600.94,   600.94
  344.73,   599.98,   725.93
  345.03,   726.88,   476.89
  343.91,   725.92,   601.88
  342.79,   724.96,   726.87
  473.90,   478.86,   476.14
  472.78,   477.90,   601.13
  471.66,   476.94,   726.12
  471.96,   603.84,   477.08
  470.83,   602.88,   602.07
  469.71,   601.92,   727.06
  470.01,   728.82,   478.02
  468.89,   727.86,   603.01
  467.77,   726.90,   728.01
  223.33,   476.18,   601.46
  220.72,   472.83,   726.39
  218.10,   469.48,   851.32
  223.10,   601.14,   604.81
  220.48,   597.79,   729.74
  217.86,   594.43,   854.67
  222.86,   726.09,   608.16
  220.24,   722.74,   733.09
  217.63,   719.39,   858.02
  348.31,   476.35,   604.09
  345.69,   473.00,   729.02
  343.07,   469.64,   853.94
  348.07,   601.31,   607.44
  345.45,   597.95,   732.36
  342.83,   594.60,   857.29
  347.83,   726.26,   610.78
  345.22,   722.91,   735.71
  342.60,   719.55,   860.64
  473.28,   476.52,   606.71
  470.66,   473.16,   731.64
  468.04,   469.81,   856.57
  473.04,   601.47,   610.06
  470.42,   598.12,   734.99
  467.81,   594.77,   859.91
  472.81,   726.43,   613.41
  470.19,   723.07,   738.34
  467.57,   719.72,   863.26
  223.10,   601.11,    98.65
  225.00,   603.71,   223.61
  226.90,   606.30,   348.57
  221.82,   726.08,    96.07
  223.71,   728.67,   221.03
  225.61,   731.27,   345.99
  220.53,   851.05,    93.50
  222.43,   853.64,   218.46
  224.32,   856.23,   343.42
  348.08,   602.36,    96.72
  349.98,   604.95,   221.68
  351.88,   607.55,   346.64
  346.79,   727.33,    94.15
  348.69,   729.92,   219.11
  350.59,   732.51,   344.07
  345.51,   852.29,    91.58
  347.40,   854.89,   216.53
  349.30,   857.48,   341.49
  473.06,   603.61,    94.80
  474.96,   606.20,   219.76
  476.86,   608.80,   344.72
  471.77,   728.58,    92.23
  473.67,   731.17,   217.19
  475.57,   733.76,   342.14
  470.49,   853.54,    89.65
  472.38,   856.14,   214.61
  474.28,   858.73,   339.57
  225.64,   598.80,   225.26
  225.06,   598.90,   350.26
  224.48,   599.01,   475.26
  227.69,   723.78,   225.16
  227.10,   723.89,   350.16
  226.52,   724.00,   475.16
  229.73,   848.76,   225.06
  229.14,   848.87,   350.06
  228.56,   848.98,   475.06
  350.63,   596.76,   225.85
  350.04,   596.86,   350.84
  349.46,   596.97,   475.84
  352.67,   721.74,   225.75
  352.08,   721.85,   350.74
  351.50,   721.96,   475.74
  354.71,   846.72,   225.65
  354.12,   846.83,   350.65
  353.54,   846.94,   475.64
  475.61,   594.72,   226.43
  475.02,   594.82,   351.43
  474.44,   594.93,   476.43
  477.65,   719.70,   226.33
  477.07,   719.81,   351.33
  476.48,   719.92,   476.33
  479.69,   844.68,   226.23
  479.11,   844.79,   351.23
  478.52,   844.90,   476.23
  226.85,   600.68,   350.69
  229.03,   599.88,   475.67
  231.21,   599.08,   600.64
  226.81,   725.68,   351.49
  228.99,   724.88,   476.47
  231.17,   724.08,   601.44
  226.77,   850.68,   352.29
  228.95,   849.88,   477.27
  231.13,   849.08,   602.24
  351.83,   600.73,   348.51
  354.01,   599.93,   473.49
  356.19,   599.13,   598.47
  351.79,   725.73,   349.31
  353.97,   724.93,   474.29
  356.15,   724.13,   599.27
  351.75,   850.73,   350.11
  353.93,   849.93,   475.09
  356.11,   849.13,   600.07
  476.81,   600.78,   346.33
  478.99,   599.99,   471.31
  481.17,   599.19,   596.29
  476.77,   725.78,   347.13
  478.95,   724.98,   472.11
  481.13,   724.18,   597.09
  476.74,   850.78,   347.93
  478.91,   849.98,   472.91
  481.09,   849.18,   597.89
  225.70,   598.66,   476.91
  226.99,   599.30,   601.90
  228.29,   599.94,   726.89
  224.70,   723.66,   476.28
  226.00,   724.30,   601.27
  227.29,   724.93,   726.26
  223.70,   848.65,   475.65
  225.00,   849.29,   600.65
  226.29,   849.93,   725.64
  350.69,   599.66,   475.61
  351.98,   600.29,   600.60
  353.28,   600.93,   725.59
  349.69,   724.65,   474.98
  350.99,   725.29,   599.97
  352.28,   725.93,   724.96
  348.69,   849.64,   474.35
  349.99,   850.28,   599.34
  351.28,   850.92,   724.33
  475.68,   600.65,   474.30
  476.97,   601.28,   599.29
  478.27,   601.92,   724.29
  474.68,   725.64,   473.68
  475.97,   726.28,   598.67
  477.27,   726.92,   723.66
  473.68,   850.64,   473.05
  474.98,   851.27,   598.04
  476.27,   851.91,   723.03
  225.70,   599.16,   601.34
  223.15,   602.36,   726.27
  220.60,   605.56,   851.21
  227.54,   724.10,   598.18
  224.99,   727.31,   723.11
  222.45,   730.51,   848.04
  229.39,   849.05,   595.01
  226.84,   852.25,   719.94
  224.29,   855.45,   844.88
  350.66,   597.38,   603.94
  348.11,   600.58,   728.87
  345.56,   603.78,   853.80
  352.50,   722.32,   600.77
  349.95,   725.53,   725.70
  347.41,   728.73,   850.64
  354.35,   847.27,   597.61
  351.80,   850.47,   722.54
  349.25,   853.67,   847.47
  475.62,   595.60,   606.53
  473.07,   598.80,   731.47
  470.52,   602.00,   856.40
  477.46,   720.55,   603.37
  474.92,   723.75,   728.30
  472.37,   726.95,   853.23
  479.31,   845.49,   600.20
  476.76,   848.69,   725.14
  474.21,   851.90,   850.07
  349.69,   101.56,   100.37
  351.65,    99.76,   225.34
  353.61,    97.95,   350.32
  349.90,   226.55,   102.18
  351.86,   224.74,   227.15
  353.82,   222.94,   352.12
  350.11,   351.54,   103.98
  352.07,   349.73,   228.95
  354.03,   347.93,   353.92
  474.67,   101.38,    98.41
  476.63,    99.57,   223.38
  478.59,    97.77,   348.35
  474.88,   226.37,   100.21
  476.85,   224.56,   225.18
  478.81,   222.76,   350.16
  475.10,   351.35,   102.01
  477.06,   349.55,   226.99
  479.02,   347.74,   351.96
  599.66,   101.20,    96.45
  601.62,    99.39,   221.42
  603.58,    97.59,   346.39
  599.87,   226.18,    98.25
  601.83,   224.38,   223.22
  603.79,   222.57,   348.19
  600.08,   351.17,   100.05
  602.04,   349.37,   225.02
  604.00,   347.56,   349.99
  351.99,    99.63,   225.61
  350.87,   102.25,   350.58
  349.74,   104.88,   475.55
  348.44,   224.55,   222.95
  347.31,   227.17,   347.92
  346.19,   229.80,   472.89
  344.88,   349.47,   220.30
  343.76,   352.10,   345.27
  342.64,   354.72,   470.23
  476.93,   103.20,   226.66
  475.81,   105.83,   351.62
  474.69,   108.45,   476.59
  473.38,   228.12,   224.00
  472.26,   230.75,   348.97
  471.14,   233.38,   473.94
  469.83,   353.05,   221.35
  468.71,   355.67,   346.31
  467.58,   358.30,   471.28
  601.88,   106.78,   227.70
  600.75,   109.40,   352.67
  599.63,   112.03,   477.64
  598.32,   231.70,   225.05
  597.20,   234.33,   350.02
  596.08,   236.95,   474.98
  594.77,   356.62,   222.39
  593.65,   359.25,   347.36
  592.53,   361.87,   472.33
  348.79,    98.18,   351.29
  346.54,    99.53,   476.26
  344.29,   100.88,   601.24
  346.44,   223.15,   349.90
  344.19,   224.50,   474.87
  341.94,   225.85,   599.84
  344.09,   348.12,   348.51
  341.84,   349.47,   473.48
  339.59,   350.82,   598.45
  473.75,   100.55,   353.52
  471.50,   101.90,   478.49
  469.25,   103.25,   603.46
  471.40,   225.52,   352.13
  469.15,   226.87,   477.10
  466.90,   228.23,   602.07
  469.05,   350.50,   350.73
  466.80,   351.85,   475.71
  464.54,   353.20,   600.68
  598.71,   102.93,   355.74
  596.45,   104.28,   480.72
  594.20,   105.63,   605.69
  596.35,   227.90,   354.35
  594.10,   229.25,   479.32
  591.85,   230.60,   604.30
  594.00,   352.87,   352.96
  591.75,   354.22,   477.93
  589.50,   355.57,   602.90
  350.17,    99.86,   476.19
  352.88,   103.14,   601.12
  355.58,   106.43,   726.05
  347.37,   224.78,   472.97
  350.08,   228.07,   597.89
  352.78,   231.35,   722.82
  344.57,   349.71,   469.74
  347.28,   353.00,   594.67
  349.98,   356.28,   719.60
  475.11,   102.59,   473.41
  477.81,   105.87,   598.34
  480.52,   109.16,   723.27
  472.31,   227.51,   470.19
  475.02,   230.80,   595.12
  477.72,   234.08,   720.05
  469.51,   352.44,   466.97
  472.22,   355.72,   591.89
  474.92,   359.01,   716.82
  600.05,   105.31,   470.64
  602.75,   108.60,   595.56
  605.46,   111.88,   720.49
  597.25,   230.24,   467.41
  599.95,   233.53,   592.34
  602.66,   236.81,   717.27
  594.45,   355.17,   464.19
  597.15,   358.45,   589.12
  599.86,   361.74,   714.04
  350.45,    99.24,   601.85
  347.06,    96.41,   726.77
  343.67,    93.59,   851.70
  348.30,   224.19,   604.62
  344.91,   221.37,   729.54
  341.52,   218.54,   854.46
  346.15,   349.14,   607.38
  342.76,   346.32,   732.31
  339.37,   343.49,   857.23
  475.38,   101.31,   605.29
  472.00,    98.49,   730.21
  468.61,    95.67,   855.13
  473.23,   226.27,   608.05
  469.84,   223.44,   732.98
  466.45,   220.62,   857.90
  471.08,   351.22,   610.82
  467.69,   348.39,   735.74
  464.30,   345.57,   860.66
  600.32,   103.39,   608.72
  596.93,   100.57,   733.65
  593.54,    97.74,   858.57
  598.17,   228.34,   611.49
  594.78,   225.52,   736.41
  591.39,   222.69,   861.33
  596.02,   353.29,   614.26
  592.63,   350.47,   739.18
  589.24,   347.64,   864.10
  351.44,   224.10,   100.15
  352.97,   221.03,   225.10
  354.50,   217.96,   350.05
  353.69,   349.05,   103.19
  355.22,   345.98,   228.14
  356.75,   342.90,   353.10
  355.95,   473.99,   106.23
  357.48,   470.92,   231.19
  359.01,   467.85,   356.14
  476.41,   221.89,    98.56
  477.94,   218.82,   223.51
  479.47,   215.75,   348.47
  478.66,   346.83,   101.60
  480.20,   343.76,   226.56
  481.73,   340.69,   351.51
  480.92,   471.77,   104.65
  482.45,   468.70,   229.60
  483.98,   465.63,   354.55
  601.38,   219.67,    96.98
  602.91,   216.60,   221.93
  604.44,   213.53,   346.88
  603.64,   344.61,   100.02
  605.17,   341.54,   224.97
  606.70,   338.47,   349.93
  605.89,   469.56,   103.06
  607.42,   466.48,   228.02
  608.95,   463.41,   352.97
  350.63,   225.11,   223.40
  346.97,   226.99,   348.33
  343.32,   228.86,   473.27
  346.92,   350.04,   221.42
  343.27,   351.92,   346.35
  339.61,   353.79,   471.28
  343.21,   474.97,   219.43
  339.56,   476.84,   344.37
  335.91,   478.72,   469.30
  475.52,   228.87,   227.00
  471.87,   230.75,   351.93
  468.21,   232.63,   476.86
  471.81,   353.80,   225.01
  468.16,   355.68,   349.95
  464.50,   357.56,   474.88
  468.10,   478.73,   223.03
  464.45,   480.61,   347.96
  460.80,   482.49,   472.89
  600.41,   232.64,   230.59
  596.76,   234.52,   355.52
  593.10,   236.39,   480.46
  596.70,   357.57,   228.61
  593.05,   359.44,   353.54
  589.40,   361.32,   478.47
  592.99,   482.50,   226.62
  589.34,   484.37,   351.56
  585.69,   486.25,   476.49
  348.16,   226.64,   351.82
  348.61,   228.86,   476.80
  349.07,   231.08,   601.78
  347.96,   351.62,   349.60
  348.42,   353.84,   474.58
  348.88,   356.06,   599.56
  347.77,   476.60,   347.38
  348.23,   478.82,   472.36
  348.69,   481.04,   597.34
  473.16,   226.82,   351.36
  473.61,   229.04,   476.34
  474.07,   231.27,   601.32
  472.96,   351.80,   349.14
  473.42,   354.02,   474.12
  473.88,   356.25,   599.10
  472.77,   476.78,   346.92
  473.23,   479.01,   471.90
  473.69,   481.23,   596.88
  598.15,   227.01,   350.90
  598.61,   229.23,   475.88
  599.07,   231.45,   600.86
  597.96,   351.99,   348.68
  598.42,   354.21,   473.66
  598.88,   356.43,   598.64
  597.77,   476.97,   346.46
  598.23,   479.19,   471.44
  598.69,   481.41,   596.42
  350.05,   226.32,   474.90
  350.95,   224.91,   599.89
  351.84,   223.49,   724.88
  351.35,   351.31,   476.30
  352.25,   349.89,   601.29
  353.14,   348.48,   726.28
  352.65,   476.29,   477.71
  353.55,   474.88,   602.70
  354.44,   473.46,   727.69
  475.04,   225.03,   473.99
  475.94,   223.61,   598.98
  476.83,   222.20,   723.97
  476.34,   350.01,   475.40
  477.24,   348.60,   600.38
  478.13,   347.19,   725.37
  477.64,   475.00,   476.80
  478.54,   473.59,   601.79
  479.43,   472.17,   726.78
  600.03,   223.74,   473.08
  600.93,   222.32,   598.07
  601.82,   220.91,   723.06
  601.33,   348.72,   474.49
  602.23,   347.31,   599.48
  603.12,   345.89,   724.47
  602.63,   473.71,   475.89
  603.53,   472.29,   600.88
  604.42,   470.88,   725.87
  350.43,   223.16,   599.23
  351.92,   226.09,   724.19
  353.42,   229.01,   849.14
  351.42,   348.13,   596.29
  352.91,   351.05,   721.25
  354.40,   353.97,   846.21
  352.41,   473.09,   593.36
  353.90,   476.01,   718.32
  355.39,   478.93,   843.27
  475.42,   222.14,   597.76
  476.91,   225.06,   722.72
  478.40,   227.99,   847.67
  476.41,   347.10,   594.83
  477.90,   350.02,   719.78
  479.39,   352.95,   844.74
  477.39,   472.06,   591.89
  478.89,   474.99,   716.85
  480.38,   477.91,   841.80
  600.41,   221.12,   596.29
  601.90,   224.04,   721.25
  603.39,   226.96,   846.21
  601.39,   346.08,   593.36
  602.89,   349.00,   718.31
  604.38,   351.92,   843.27
  602.38,   471.04,   590.42
  603.87,   473.96,   715.38
  605.37,   476.89,   840.34
  348.87,   348.76,    98.12
  345.60,   351.91,   223.04
  342.33,   355.07,   347.95
  348.25,   473.72,    94.95
  344.98,   476.87,   219.87
  341.71,   480.02,   344.79
  347.64,   598.68,    91.78
  344.37,   601.83,   216.70
  341.10,   604.98,   341.62
  473.83,   349.46,   101.37
  470.56,   352.61,   226.29
  467.29,   355.76,   351.21
  473.21,   474.42,    98.20
  469.94,   477.57,   223.12
  466.67,   480.72,   348.04
  472.59,   599.38,    95.04
  469.32,   602.53,   219.95
  466.05,   605.68,   344.87
  598.78,   350.16,   104.63
  595.51,   353.31,   229.54
  592.24,   356.46,   354.46
  598.17,   475.12,   101.46
  594.90,   478.27,   226.37
  591.63,   481.42,   351.29
  597.55,   600.08,    98.29
  594.28,   603.23,   223.21
  591.01,   606.38,   348.12
  351.63,   348.44,   223.95
  348.33,   351.60,   348.87
  345.04,   354.76,   473.78
  348.47,   473.36,   220.71
  345.17,   476.52,   345.63
  341.87,   479.67,   470.54
  345.30,   598.28,   217.47
  342.01,   601.44,   342.38
  338.71,   604.59,   467.30
  476.55,   351.69,   227.16
  473.25,   354.85,   352.08
  469.95,   358.00,   477.00
  473.38,   476.61,   223.92
  470.09,   479.77,   348.84
  466.79,   482.92,   473.76
  470.22,   601.53,   220.68
  466.92,   604.68,   345.60
  463.63,   607.84,   470.52
  601.46,   354.94,   230.38
  598.17,   358.09,   355.30
  594.87,   361.25,   480.21
  598.30,   479.86,   227.14
  595.00,   483.01,   352.05
  591.71,   486.17,   476.97
  595.14,   604.77,   223.90
  591.84,   607.93,   348.81
  588.54,   611.09,   473.73
  351.04,   348.04,   348.55
  348.51,   346.08,   473.51
  345.99,   344.13,   598.47
  354.45,   472.98,   350.58
  351.93,   471.02,   475.54
  349.40,   469.06,   600.50
  357.86,   597.92,   352.60
  355.34,   595.96,   477.56
  352.82,   594.00,   602.52
  475.96,   344.59,   351.02
  473.44,   342.63,   475.98
  470.92,   340.67,   600.94
  479.38,   469.52,   353.05
  476.86,   467.57,   478.00
  474.33,   465.61,   602.96
  482.79,   594.46,   355.07
  480.27,   592.50,   480.03
  477.75,   590.55,   604.99
  600.89,   341.13,   353.49
  598.37,   339.18,   478.45
  595.85,   337.22,   603.41
  604.31,   466.07,   355.51
  601.78,   464.11,   480.47
  599.26,   462.16,   605.43
  607.72,   591.01,   357.54
  605.20,   589.05,   482.50
  602.67,   587.09,   607.46
  348.69,   349.75,   475.95
  347.96,   349.32,   600.95
  347.23,   348.88,   725.95
  346.06,   474.72,   476.37
  345.33,   474.29,   601.37
  344.60,   473.85,   726.36
  343.43,   599.69,   476.79
  342.70,   599.26,   601.79
  341.97,   598.82,   726.78
  473.66,   352.38,   476.69
  472.93,   351.94,   601.69
  472.20,   351.51,   726.68
  471.03,   477.35,   477.11
  470.30,   476.91,   602.11
  469.57,   476.48,   727.10
  468.40,   602.32,   477.53
  467.67,   601.89,   602.52
  466.94,   601.45,   727.52
  598.63,   355.00,   477.43
  597.90,   354.57,   602.43
  597.17,   354.13,   727.42
  596.00,   479.97,   477.85
  595.27,   479.54,   602.85
  594.54,   479.11,   727.84
  593.37,   604.95,   478.27
  592.64,   604.51,   603.26
  591.91,   604.08,   728.26
  351.93,   349.39,   600.72
  351.50,   351.82,   725.69
  351.07,   354.25,   850.67
  349.47,   474.35,   598.28
  349.04,   476.77,   723.26
  348.61,   479.20,   848.23
  347.01,   599.30,   595.85
  346.58,   601.73,   720.82
  346.15,   604.15,   845.80
  476.90,   351.86,   601.10
  476.47,   354.29,   726.08
  476.04,   356.72,   851.05
  474.44,   476.81,   598.67
  474.01,   479.24,   723.64
  473.58,   481.67,   848.62
  471.98,   601.76,   596.23
  471.55,   604.19,   721.21
  471.12,   606.62,   846.18
  601.88,   354.33,   601.48
  601.45,   356.75,   726.46
  601.02,   359.18,   851.44
  599.42,   479.28,   599.05
  598.99,   481.71,   724.02
  598.56,   484.13,   849.00
  596.96,   604.23,   596.61
  596.53,   606.66,   721.59
  596.10,   609.09,   846.56
  349.36,   474.69,    99.84
  346.76,   477.44,   224.78
  344.16,   480.20,   349.72
  350.13,   599.65,    97.09
  347.54,   602.41,   222.04
  344.94,   605.17,   346.98
  350.91,   724.62,    94.35
  348.31,   727.38,   219.30
  345.71,   730.14,   344.24
  474.33,   473.97,   102.45
  471.73,   476.73,   227.39
  469.13,   479.49,   352.34
  475.10,   598.94,    99.71
  472.51,   601.70,   224.65
  469.91,   604.45,   349.60
  475.88,   723.90,    96.97
  473.28,   726.66,   221.91
  470.68,   729.42,   346.85
  599.30,   473.25,   105.07
  596.70,   476.01,   230.01
  594.10,   478.77,   354.95
  600.08,   598.22,   102.33
  597.48,   600.98,   227.27
  594.88,   603.74,   352.21
  600.85,   723.19,    99.58
  598.25,   725.95,   224.53
  595.65,   728.70,   349.47
  349.03,   475.87,   225.48
  345.29,   478.70,   350.39
  341.56,   481.54,   475.30
  346.80,   600.81,   222.57
  343.06,   603.65,   347.48
  339.33,   606.49,   472.40
  344.57,   725.76,   219.67
  340.84,   728.60,   344.58
  337.10,   731.43,   469.49
  473.95,   478.18,   229.16
  470.22,   481.02,   354.07
  466.48,   483.85,   478.98
  471.72,   603.13,   226.25
  467.99,   605.96,   351.16
  464.26,   608.80,   476.08
  469.49,   728.07,   223.35
  465.76,   730.91,   348.26
  462.03,   733.75,   473.17
  598.87,   480.49,   232.84
  595.14,   483.33,   357.75
  591.41,   486.17,   482.66
  596.65,   605.44,   229.93
  592.91,   608.28,   354.85
  589.18,   611.11,   479.76
  594.42,   730.39,   227.03
  590.68,   733.22,   351.94
  586.95,   736.06,   476.85
  349.75,   475.08,   348.09
  348.21,   471.79,   473.04
  346.67,   468.51,   597.99
  353.01,   600.00,   351.42
  351.47,   596.71,   476.37
  349.93,   593.42,   601.31
  356.27,   724.91,   354.75
  354.73,   721.62,   479.69
  353.19,   718.33,   604.64
  474.70,   471.78,   349.55
  473.16,   468.49,   474.49
  471.62,   465.21,   599.44
  477.96,   596.70,   352.87
  476.42,   593.41,   477.82
  474.88,   590.12,   602.77
  481.22,   721.61,   356.20
  479.68,   718.32,   481.15
  478.14,   715.03,   606.09
  599.65,   468.48,   351.00
  598.11,   465.19,   475.95
  596.57,   461.91,   600.89
  602.91,   593.40,   354.33
  601.37,   590.11,   479.27
  599.83,   586.82,   604.22
  606.17,   718.31,   357.65
  604.63,   715.02,   482.60
  603.09,   711.73,   607.55
  351.19,   474.06,   474.25
  348.54,   470.96,   599.18
  345.89,   467.85,   724.12
  347.89,   598.98,   477.28
  345.24,   595.87,   602.22
  342.59,   592.77,   727.15
  344.59,   723.90,   480.32
  341.94,   720.79,   605.25
  339.29,   717.69,   730.19
  476.12,   477.30,   476.98
  473.47,   474.19,   601.91
  470.82,   471.08,   726.85
  472.82,   602.22,   480.02
  470.17,   599.11,   604.95
  467.52,   596.00,   729.88
  469.52,   727.13,   483.05
  466.87,   724.03,   607.98
  464.22,   720.92,   732.92
  601.05,   480.53,   479.71
  598.40,   477.42,   604.64
  595.75,   474.32,   729.58
  597.75,   605.45,   482.75
  595.10,   602.34,   607.68
  592.45,   599.24,   732.61
  594.45,   730.37,   485.78
  591.80,   727.26,   610.72
  589.15,   724.16,   735.65
  350.27,   475.98,   600.78
  352.54,   479.19,   725.71
  354.81,   482.40,   850.65
  348.54,   600.93,   597.60
  350.81,   604.14,   722.54
  353.08,   607.35,   847.47
  346.81,   725.88,   594.42
  349.08,   729.09,   719.36
  351.35,   732.30,   844.30
  475.24,   477.66,   598.46
  477.51,   480.86,   723.40
  479.78,   484.07,   848.34
  473.51,   602.60,   595.28
  475.78,   605.81,   720.22
  478.05,   609.02,   845.16
  471.78,   727.55,   592.11
  474.05,   730.76,   717.04
  476.32,   733.97,   841.98
  600.21,   479.33,   596.15
  602.48,   482.54,   721.09
  604.75,   485.75,   846.03
  598.48,   604.28,   592.97
  600.74,   607.49,   717.91
  603.01,   610.70,   842.85
  596.74,   729.22,   589.79
  599.01,   732.43,   714.73
  601.28,   735.64,   839.67
  350.42,   600.98,   101.60
  351.25,   599.51,   226.59
  352.09,   598.05,   351.57
  350.25,   725.97,   103.06
  351.08,   724.50,   228.05
  351.92,   723.04,   353.04
  350.07,   850.96,   104.53
  350.91,   849.50,   229.52
  351.74,   848.03,   354.51
  475.41,   601.16,   100.76
  476.25,   599.69,   225.75
  477.08,   598.23,   350.74
  475.24,   726.15,   102.23
  476.08,   724.69,   227.22
  476.91,   723.22,   352.21
  475.07,   851.14,   103.70
  475.91,   849.68,   228.69
  476.74,   848.21,   353.68
  600.41,   601.34,    99.93
  601.25,   599.88,   224.92
  602.08,   598.41,   349.91
  600.24,   726.33,   101.40
  601.07,   724.87,   226.39
  601.91,   723.40,   351.38
  600.07,   851.33,   102.87
  600.90,   849.86,   227.85
  601.74,   848.39,   352.84
  348.65,   601.69,   227.00
  344.98,   601.60,   351.94
  341.31,   601.50,   476.89
  349.22,   726.69,   227.11
  345.55,   726.59,   352.06
  341.88,   726.50,   477.00
  349.79,   851.69,   227.22
  346.12,   851.59,   352.17
  342.45,   851.50,   477.11
  473.59,   601.12,   230.67
  469.92,   601.02,   355.61
  466.25,   600.93,   480.56
  474.17,   726.11,   230.78
  470.50,   726.02,   355.73
  466.82,   725.93,   480.67
  474.74,   851.11,   230.89
  471.07,   851.02,   355.84
  467.40,   850.92,   480.78
  598.54,   600.54,   234.34
  594.87,   600.45,   359.28
  591.20,   600.35,   484.23
  599.11,   725.54,   234.45
  595.44,   725.45,   359.39
  591.77,   725.35,   484.34
  599.68,   850.54,   234.56
  596.01,   850.44,   359.51
  592.34,   850.35,   484.45
  348.62,   598.04,   351.60
  347.98,   595.28,   476.56
  347.34,   592.52,   601.53
  345.05,   722.96,   354.34
  344.42,   720.20,   479.30
  343.78,   717.44,   604.27
  341.49,   847.88,   357.08
  340.85,   845.12,   482.04
  340.21,   842.36,   607.01
  473.57,   601.59,   352.31
  472.93,   598.83,   477.28
  472.29,   596.07,   602.25
  470.00,   726.51,   355.05
  469.36,   723.75,   480.02
  468.72,   720.99,   604.99
  466.44,   851.43,   357.79
  465.80,   848.67,   482.76
  465.16,   845.91,   607.73
  598.52,   605.14,   353.03
  597.88,   602.38,   478.00
  597.24,   599.62,   602.97
  594.95,   730.06,   355.77
  594.31,   727.30,   480.74
  593.67,   724.54,   605.71
  591.38,   854.98,   358.51
  590.74,   852.22,   483.48
  590.10,   849.46,   608.45
  348.83,   600.24,   476.25
  349.79,   599.95,   601.24
  350.75,   599.65,   726.24
  350.89,   725.22,   476.53
  351.85,   724.93,   601.52
  352.81,   724.64,   726.52
  352.95,   850.21,   476.81
  353.91,   849.91,   601.80
  354.87,   849.62,   726.80
  473.81,   598.18,   475.28
  474.77,   597.89,   600.28
  475.73,   597.59,   725.28
  475.87,   723.17,   475.56
  476.83,   722.87,   600.56
  477.79,   722.58,   725.55
  477.93,   848.15,   475.84
  478.89,   847.86,   600.84
  479.85,   847.56,   725.83
  598.79,   596.13,   474.32
  599.75,   595.83,   599.32
  600.71,   595.54,   724.31
  600.85,   721.11,   474.60
  601.81,   720.81,   599.59
  602.77,   720.52,   724.59
  602.91,   846.09,   474.88
  603.87,   845.80,   599.87
  604.83,   845.50,   724.87
  348.04,   599.18,   599.69
  349.51,   596.16,   724.65
  350.98,   593.13,   849.60
  347.28,   724.14,   602.73
  348.75,   721.12,   727.68
  350.22,   718.09,   852.63
  346.51,   849.10,   605.76
  347.98,   846.08,   730.71
  349.46,   843.05,   855.67
  473.03,   599.98,   598.24
  474.50,   596.95,   723.19
  475.97,   593.93,   848.15
  472.26,   724.94,   601.27
  473.74,   721.91,   726.23
  475.21,   718.89,   851.18
  471.50,   849.90,   604.31
  472.97,   846.88,   729.26
  474.45,   843.85,   854.21
  598.02,   600.78,   596.78
  599.49,   597.75,   721.74
  600.96,   594.73,   846.69
  597.25,   725.74,   599.82
  598.73,   722.71,   724.77
  600.20,   719.69,   849.73
  596.49,   850.70,   602.85
  597.96,   847.67,   727.81
  599.44,   844.65,   852.76
  473.66,   101.68,   101.30
  475.87,   105.11,   226.23
  478.09,   108.55,   351.17
  472.78,   226.63,    97.88
  474.99,   230.06,   222.81
  477.21,   233.50,   347.75
  471.90,   351.58,    94.46
  474.11,   355.01,   219.39
  476.32,   358.45,   344.33
  598.64,   102.50,    99.06
  600.85,   105.93,   224.00
  603.07,   109.37,   348.93
  597.76,   227.45,    95.64
  599.97,   230.89,   220.58
  602.18,   234.32,   345.51
  596.87,   352.40,    92.22
  599.09,   355.84,   217.16
  601.30,   359.27,   342.09
  723.62,   103.32,    96.83
  725.83,   106.76,   221.76
  728.04,   110.19,   346.69
  722.73,   228.27,    93.41
  724.95,   231.71,   218.34
  727.16,   235.14,   343.27
  721.85,   353.22,    89.99
  724.07,   356.66,   214.92
  726.28,   360.09,   339.85
  475.01,   101.31,   225.56
  473.60,   104.87,   350.50
  472.19,   108.42,   475.44
  473.93,   226.25,   221.99
  472.51,   229.81,   346.93
  471.10,   233.36,   471.87
  472.84,   351.20,   218.42
  471.43,   354.75,   343.37
  470.02,   358.31,   468.31
  600.00,   102.44,   226.94
  598.59,   105.99,   351.88
  597.18,   109.55,   476.82
  598.91,   227.38,   223.37
  597.50,   230.94,   348.31
  596.09,   234.49,   473.25
  597.83,   352.32,   219.80
  596.42,   355.88,   344.75
  595.00,   359.43,   469.69
  724.99,   103.56,   228.32
  723.57,   107.12,   353.26
  722.16,   110.67,   478.20
  723.90,   228.51,   224.75
  722.49,   232.06,   349.69
  721.08,   235.62,   474.63
  722.81,   353.45,   221.18
  721.40,   357.00,   346.12
  719.99,   360.56,   471.07
  474.95,   101.95,   349.91
  472.36,   100.33,   474.87
  469.76,    98.71,   599.84
  471.22,   226.88,   351.45
  468.62,   225.27,   476.42
  466.02,   223.65,   601.38
  467.48,   351.82,   352.99
  464.88,   350.20,   477.96
  462.28,   348.58,   602.92
  599.87,   105.65,   352.56
  597.27,   104.04,   477.52
  594.68,   102.42,   602.48
  596.13,   230.59,   354.10
  593.54,   228.97,   479.06
  590.94,   227.35,   604.02
  592.39,   355.52,   355.64
  589.80,   353.90,   480.60
  587.20,   352.29,   605.56
  724.79,   109.36,   355.20
  722.19,   107.74,   480.16
  719.59,   106.12,   605.13
  721.05,   234.29,   356.74
  718.45,   232.67,   481.70
  715.85,   231.06,   606.67
  717.31,   359.23,   358.28
  714.71,   357.61,   483.25
  712.12,   355.99,   608.21
  474.78,    98.29,   474.12
  471.60,    94.67,   599.03
  468.43,    91.05,   723.94
  472.35,   223.21,   477.68
  469.17,   219.59,   602.59
  466.00,   215.97,   727.49
  469.92,   348.14,   481.24
  466.74,   344.52,   606.14
  463.57,   340.90,   731.05
  599.71,   100.62,   477.37
  596.54,    97.00,   602.28
  593.36,    93.39,   727.18
  597.29,   225.55,   480.93
  594.11,   221.93,   605.83
  590.93,   218.31,   730.74
  594.86,   350.47,   484.48
  591.68,   346.86,   609.39
  588.50,   343.24,   734.30
  724.65,   102.96,   480.61
  721.47,    99.34,   605.52
  718.30,    95.72,   730.43
  722.22,   227.89,   484.17
  719.04,   224.27,   609.08
  715.87,   220.65,   733.98
  719.79,   352.81,   487.73
  716.62,   349.19,   612.63
  713.44,   345.57,   737.54
  473.56,    99.43,   601.55
  470.88,    97.31,   726.50
  468.20,    95.20,   851.46
  472.10,   224.40,   603.63
  469.42,   222.29,   728.59
  466.75,   220.17,   853.54
  470.65,   349.38,   605.72
  467.97,   347.26,   730.67
  465.29,   345.15,   855.62
  598.52,   100.84,   604.25
  595.84,    98.72,   729.21
  593.17,    96.61,   854.16
  597.06,   225.81,   606.34
  594.39,   223.70,   731.29
  591.71,   221.58,   856.24
  595.61,   350.79,   608.42
  592.93,   348.67,   733.37
  590.26,   346.56,   858.32
  723.48,   102.25,   606.95
  720.81,   100.13,   731.91
  718.13,    98.02,   856.86
  722.03,   227.22,   609.04
  719.35,   225.11,   733.99
  716.67,   222.99,   858.94
  720.57,   352.20,   611.12
  717.90,   350.08,   736.07
  715.22,   347.97,   861.03
  473.31,   223.91,   100.57
  475.53,   226.65,   225.52
  477.76,   229.40,   350.47
  474.65,   348.87,    97.80
  476.88,   351.62,   222.75
  479.10,   354.36,   347.70
  476.00,   473.83,    95.03
  478.23,   476.58,   219.98
  480.45,   479.32,   344.93
  598.28,   222.51,    98.38
  600.51,   225.26,   223.33
  602.73,   228.00,   348.28
  599.63,   347.47,    95.60
  601.85,   350.22,   220.55
  604.08,   352.96,   345.51
  600.97,   472.43,    92.83
  603.20,   475.18,   217.78
  605.43,   477.93,   342.73
  723.25,   221.11,    96.18
  725.48,   223.86,   221.13
  727.70,   226.61,   346.08
  724.60,   346.08,    93.41
  726.83,   348.82,   218.36
  729.05,   351.57,   343.31
  725.95,   471.04,    90.64
  728.17,   473.78,   215.59
  730.40,   476.53,   340.54
  473.35,   225.54,   224.44
  475.16,   227.57,   349.41
  476.97,   229.59,   474.38
  470.12,   350.49,   222.46
  471.92,   352.51,   347.43
  473.73,   354.54,   472.40
  466.88,   475.43,   220.48
  468.68,   477.45,   345.45
  470.49,   479.48,   470.42
  598.30,   228.75,   222.58
  600.11,   230.78,   347.55
  601.91,   232.80,   472.52
  595.06,   353.70,   220.60
  596.87,   355.72,   345.57
  598.67,   357.74,   470.54
  591.82,   478.64,   218.62
  593.63,   480.66,   343.59
  595.44,   482.69,   468.57
  723.24,   231.96,   220.72
  725.05,   233.99,   345.69
  726.86,   236.01,   470.66
  720.01,   356.90,   218.74
  721.81,   358.93,   343.71
  723.62,   360.95,   468.68
  716.77,   481.85,   216.77
  718.57,   483.87,   341.74
  720.38,   485.90,   466.71
  475.74,   224.81,   351.28
  473.30,   223.48,   476.25
  470.86,   222.15,   601.22
  478.49,   349.77,   352.67
  476.05,   348.44,   477.63
  473.60,   347.11,   602.60
  481.23,   474.73,   354.05
  478.79,   473.40,   479.02
  476.35,   472.07,   603.99
  600.69,   222.04,   353.69
  598.25,   220.71,   478.66
  595.81,   219.38,   603.63
  603.43,   347.00,   355.08
  600.99,   345.67,   480.05
  598.55,   344.34,   605.02
  606.18,   471.96,   356.46
  603.74,   470.63,   481.43
  601.29,   469.30,   606.40
  725.64,   219.27,   356.11
  723.19,   217.94,   481.08
  720.75,   216.60,   606.04
  728.38,   344.23,   357.49
  725.94,   342.90,   482.46
  723.50,   341.57,   607.43
  731.13,   469.19,   358.88
  728.68,   467.86,   483.84
  726.24,   466.53,   608.81
  473.09,   224.40,   474.37
  475.52,   225.94,   599.33
  477.94,   227.47,   724.30
  475.93,   349.36,   472.78
  478.35,   350.90,   597.74
  480.77,   352.43,   722.71
  478.76,   474.32,   471.18
  481.18,   475.85,   596.15
  483.60,   477.39,   721.12
  598.04,   221.54,   471.98
  600.46,   223.07,   596.95
  602.88,   224.61,   721.91
  600.87,   346.50,   470.39
  603.29,   348.03,   595.35
  605.72,   349.57,   720.32
  603.70,   471.45,   468.80
  606.12,   472.99,   593.76
  608.55,   474.53,   718.73
  722.98,   218.68,   469.59
  725.40,   220.21,   594.56
  727.83,   221.75,   719.53
  725.81,   343.63,   468.00
  728.24,   345.17,   592.97
  730.66,   346.71,   717.93
  728.65,   468.59,   466.41
  731.07,   470.13,   591.38
  733.49,   471.66,   716.34
  475.05,   223.09,   600.54
  476.85,   219.45,   725.47
  478.66,   215.80,   850.40
  474.27,   348.04,   604.19
  476.07,   344.39,   729.13
  477.87,   340.74,   854.06
  473.48,   472.98,   607.85
  475.29,   469.33,   732.79
  477.09,   465.69,   857.72
  600.03,   223.93,   598.76
  601.84,   220.28,   723.69
  603.64,   216.64,   848.62
  599.25,   348.87,   602.41
  601.05,   345.23,   727.35
  602.86,   341.58,   852.28
  598.47,   473.82,   606.07
  600.27,   470.17,   731.01
  602.07,   466.52,   855.94
  725.02,   224.76,   596.98
  726.82,   221.12,   721.91
  728.63,   217.47,   846.84
  724.23,   349.71,   600.63
  726.04,   346.06,   725.57
  727.84,   342.42,   850.50
  723.45,   474.65,   604.29
  725.25,   471.01,   729.23
  727.06,   467.36,   854.16
  474.20,   350.59,   101.35
  474.34,   351.25,   226.35
  474.48,   351.92,   351.35
  474.77,   475.59,   100.69
  474.91,   476.25,   225.68
  475.05,   476.91,   350.68
  475.34,   600.58,   100.02
  475.48,   601.25,   225.02
  475.61,   601.91,   350.02
  599.20,   350.02,   101.22
  599.34,   350.68,   226.21
  599.48,   351.35,   351.21
  599.77,   475.02,   100.55
  599.91,   475.68,   225.55
  600.05,   476.35,   350.55
  600.34,   600.01,    99.89
  600.48,   600.68,   224.89
  600.61,   601.34,   349.88
  724.20,   349.45,   101.08
  724.34,   350.12,   226.08
  724.48,   350.78,   351.08
  724.77,   474.45,   100.42
  724.91,   475.11,   225.42
  725.04,   475.78,   350.41
  725.34,   599.45,    99.75
  725.47,   600.11,   224.75
  725.61,   600.77,   349.75
  475.94,   349.52,   225.03
  472.67,   352.75,   349.95
  469.41,   355.99,   474.86
  478.01,   474.46,   221.85
  474.74,   477.69,   346.77
  471.47,   480.93,   471.68
  480.07,   599.40,   218.67
  476.81,   602.64,   343.59
  473.54,   605.87,   468.50
  600.88,   347.54,   228.35
  597.61,   350.77,   353.27
  594.35,   354.00,   478.18
  602.95,   472.48,   225.17
  599.68,   475.71,   350.08
  596.41,   478.95,   475.00
  605.01,   597.42,   221.99
  601.75,   600.66,   346.90
  598.48,   603.89,   471.82
  725.82,   345.56,   231.67
  722.55,   348.79,   356.58
  719.29,   352.02,   481.50
  727.89,   470.50,   228.49
  724.62,   473.73,   353.40
  721.35,   476.97,   478.32
  729.95,   595.44,   225.31
  726.69,   598.68,   350.22
  723.42,   601.91,   475.14
  473.48,   350.79,   350.90
  469.78,   351.74,   475.84
  466.09,   352.70,   600.78
  471.59,   475.77,   349.88
  467.90,   476.72,   474.82
  464.21,   477.68,   599.77
  469.71,   600.75,   348.87
  466.02,   601.71,   473.81
  462.32,   602.66,   598.75
  598.41,   352.70,   354.58
  594.71,   353.66,   479.52
  591.02,   354.61,   604.46
  596.52,   477.68,   353.56
  592.83,   478.64,   478.50
  589.14,   479.60,   603.45
  594.64,   602.66,   352.55
  590.95,   603.62,   477.49
  587.25,   604.58,   602.43
  723.34,   354.61,   358.25
  719.65,   355.57,   483.20
  715.95,   356.53,   608.14
  721.46,   479.59,   357.24
  717.76,   480.55,   482.18
  714.07,   481.51,   607.12
  719.57,   604.57,   356.23
  715.88,   605.53,   481.17
  712.19,   606.49,   606.11
  476.31,   351.07,   476.98
  473.20,   347.49,   601.89
  470.08,   343.90,   726.80
  473.73,   475.99,   480.50
  470.62,   472.41,   605.41
  467.50,   468.83,   730.32
  471.15,   600.92,   484.01
  468.04,   597.33,   608.92
  464.92,   593.75,   733.83
  601.25,   353.56,   480.16
  598.13,   349.98,   605.07
  595.01,   346.39,   729.98
  598.67,   478.48,   483.68
  595.55,   474.90,   608.59
  592.43,   471.32,   733.50
  596.09,   603.41,   487.20
  592.97,   599.82,   612.11
  589.85,   596.24,   737.02
  726.18,   356.05,   483.35
  723.06,   352.47,   608.26
  719.95,   348.88,   733.17
  723.60,   480.97,   486.87
  720.48,   477.39,   611.78
  717.37,   473.81,   736.69
  721.02,   605.90,   490.39
  717.90,   602.31,   615.30
  714.79,   598.73,   740.21
  475.68,   349.26,   599.09
  473.88,   346.02,   724.03
  472.07,   342.77,   848.98
  475.32,   474.22,   602.33
  473.52,   470.98,   727.27
  471.72,   467.73,   852.22
  474.97,   599.18,   605.57
  473.16,   595.93,   730.51
  471.36,   592.69,   855.46
  600.67,   349.57,   600.90
  598.86,   346.33,   725.84
  597.06,   343.08,   850.79
  600.31,   474.53,   604.14
  598.51,   471.29,   729.09
  596.70,   468.04,   854.03
  599.95,   599.49,   607.38
  598.15,   596.24,   732.33
  596.35,   593.00,   857.27
  725.65,   349.88,   602.71
  723.85,   346.64,   727.66
  722.05,   343.39,   852.60
  725.30,   474.84,   605.95
  723.49,   471.59,   730.90
  721.69,   468.35,   855.84
  724.94,   599.80,   609.19
  723.14,   596.55,   734.14
  721.33,   593.31,   859.08
  475.07,   473.40,    99.15
  472.75,   471.91,   224.12
  470.43,   470.42,   349.09
  475.94,   598.38,   100.66
  473.62,   596.90,   225.63
  471.30,   595.41,   350.60
  476.80,   723.37,   102.16
  474.48,   721.88,   227.13
  472.16,   720.39,   352.10
  600.04,   472.50,   101.46
  597.73,   471.01,   226.43
  595.41,   469.52,   351.40
  600.91,   597.49,   102.97
  598.59,   596.00,   227.93
  596.27,   594.51,   352.90
  601.78,   722.48,   104.47
  599.46,   720.99,   229.44
  597.14,   719.50,   354.41
  725.02,   471.61,   103.77
  722.70,   470.12,   228.74
  720.38,   468.63,   353.71
  725.89,   596.60,   105.27
  723.57,   595.11,   230.24
  721.25,   593.62,   355.21
  726.75,   721.58,   106.78
  724.43,   720.09,   231.75
  722.12,   718.61,   356.72
  474.22,   476.06,   225.16
  472.75,   478.84,   350.12
  471.27,   481.62,   475.08
  475.66,   601.02,   222.40
  474.19,   603.80,   347.36
  472.71,   606.58,   472.32
  477.10,   725.98,   219.63
  475.63,   728.76,   344.59
  474.15,   731.54,   469.55
  599.20,   474.65,   226.67
  597.73,   477.43,   351.63
  596.25,   480.21,   476.59
  600.65,   599.61,   223.90
  599.17,   602.39,   348.86
  597.70,   605.17,   473.82
  602.09,   724.57,   221.14
  600.61,   727.35,   346.10
  599.14,   730.13,   471.06
  724.19,   473.24,   228.17
  722.71,   476.02,   353.13
  721.24,   478.80,   478.09
  725.63,   598.20,   225.41
  724.15,   600.98,   350.37
  722.68,   603.76,   475.33
  727.07,   723.16,   222.65
  725.60,   725.94,   347.61
  724.12,   728.72,   472.57
  475.15,   474.46,   348.13
  474.54,   472.56,   473.11
  473.92,   470.65,   598.10
  476.41,   599.44,   350.04
  475.79,   597.54,   475.02
  475.18,   595.63,   600.00
  477.66,   724.42,   351.94
  477.05,   722.51,   476.93
  476.43,   720.61,   601.91
  600.15,   473.20,   348.73
  599.53,   471.29,   473.71
  598.91,   469.39,   598.69
  601.40,   598.17,   350.63
  600.78,   596.27,   475.62
  600.17,   594.37,   600.60
  602.65,   723.15,   352.54
  602.04,   721.25,   477.53
  601.42,   719.35,   602.51
  725.14,   471.93,   349.32
  724.52,   470.03,   474.31
  723.91,   468.13,   599.29
  726.39,   596.91,   351.23
  725.78,   595.01,   476.21
  725.16,   593.11,   601.20
  727.65,   721.89,   353.14
  727.03,   719.99,   478.12
  726.41,   718.09,   603.11
  473.56,   473.47,   474.23
  475.94,   471.16,   599.18
  478.32,   468.84,   724.14
  470.81,   598.42,   476.59
  473.19,   596.11,   601.55
  475.57,   593.79,   726.51
  468.06,   723.37,   478.96
  470.44,   721.05,   603.92
  472.82,   718.74,   728.87
  598.51,   476.27,   471.90
  600.89,   473.95,   596.86
  603.27,   471.64,   721.81
  595.76,   601.22,   474.27
  598.13,   598.90,   599.22
  600.51,   596.58,   724.18
  593.00,   726.16,   476.63
  595.38,   723.85,   601.59
  597.76,   721.53,   726.55
  723.45,   479.06,   469.57
  725.83,   476.75,   594.53
  728.21,   474.43,   719.48
  720.70,   604.01,   471.94
  723.08,   601.69,   596.89
  725.46,   599.38,   721.85
  717.95,   728.96,   474.31
  720.33,   726.64,   599.26
  722.71,   724.33,   724.22
  474.25,   474.53,   601.62
  477.49,   473.07,   726.57
  480.73,   471.61,   851.52
  475.23,   599.52,   603.06
  478.47,   598.06,   728.01
  481.71,   596.60,   852.96
  476.21,   724.51,   604.49
  479.45,   723.05,   729.44
  482.69,   721.59,   854.39
  599.21,   473.59,   598.37
  602.45,   472.13,   723.32
  605.69,   470.67,   848.27
  600.19,   598.58,   599.81
  603.42,   597.12,   724.75
  606.66,   595.66,   849.70
  601.16,   723.57,   601.24
  604.40,   722.11,   726.19
  607.64,   720.65,   851.14
  724.16,   472.65,   595.12
  727.40,   471.19,   720.07
  730.64,   469.73,   845.02
  725.14,   597.64,   596.55
  728.38,   596.18,   721.50
  731.62,   594.72,   846.45
  726.12,   722.62,   597.99
  729.36,   721.16,   722.94
  732.60,   719.71,   847.89
  475.96,   598.52,    99.29
  478.34,   595.30,   224.23
  480.72,   592.08,   349.16
  474.95,   723.48,   102.53
  477.33,   720.25,   227.47
  479.71,   717.03,   352.40
  473.94,   848.43,   105.77
  476.32,   845.21,   230.71
  478.70,   841.99,   355.64
  600.94,   599.59,    96.94
  603.31,   596.37,   221.87
  605.69,   593.15,   346.81
  599.93,   724.55,   100.18
  602.30,   721.32,   225.11
  604.68,   718.10,   350.05
  598.92,   849.50,   103.42
  601.30,   846.28,   228.35
  603.67,   843.06,   353.29
  725.91,   600.66,    94.59
  728.29,   597.44,   219.52
  730.67,   594.22,   344.46
  724.90,   725.62,    97.83
  727.28,   722.40,   222.76
  729.66,   719.17,   347.70
  723.89,   850.57,   101.07
  726.27,   847.35,   226.00
  728.65,   844.13,   350.94
  474.85,   600.45,   225.33
  477.34,   602.48,   350.29
  479.83,   604.50,   475.25
  472.77,   725.42,   223.35
  475.26,   727.44,   348.30
  477.75,   729.47,   473.26
  470.69,   850.38,   221.36
  473.18,   852.41,   346.32
  475.67,   854.43,   471.28
  599.81,   602.49,   222.81
  602.30,   604.51,   347.77
  604.79,   606.54,   472.72
  597.73,   727.46,   220.82
  600.22,   729.48,   345.78
  602.71,   731.51,   470.74
  595.65,   852.42,   218.84
  598.14,   854.45,   343.80
  600.63,   856.47,   468.76
  724.77,   604.53,   220.28
  727.26,   606.55,   345.24
  729.75,   608.58,   470.20
  722.69,   729.49,   218.30
  725.18,   731.52,   343.26
  727.67,   733.55,   468.22
  720.61,   854.46,   216.31
  723.10,   856.49,   341.27
  725.59,   858.51,   466.23
  474.87,   599.10,   350.50
  473.84,   597.55,   475.48
  472.81,   595.99,   600.47
  476.49,   724.08,   352.07
  475.46,   722.53,   477.05
  474.43,   720.97,   602.04
  478.12,   849.06,   353.63
  477.09,   847.51,   478.62
  476.06,   845.95,   603.61
  599.86,   597.46,   351.51
  598.83,   595.91,   476.49
  597.80,   594.36,   601.48
  601.48,   722.44,   353.08
  600.45,   720.89,   478.06
  599.42,   719.34,   603.05
  603.10,   847.42,   354.64
  602.07,   845.87,   479.63
  601.04,   844.32,   604.62
  724.84,   595.83,   352.52
  723.81,   594.27,   477.50
  722.78,   592.72,   602.49
  726.47,   720.81,   354.09
  725.44,   719.25,   479.07
  724.41,   717.70,   604.06
  728.09,   845.79,   355.65
  727.06,   844.23,   480.64
  726.03,   842.68,   605.63
  473.36,   600.53,   476.47
  474.22,   599.55,   601.47
  475.07,   598.57,   726.46
  474.94,   725.51,   477.44
  475.79,   724.53,   602.43
  476.64,   723.56,   727.43
  476.51,   850.50,   478.41
  477.36,   849.52,   603.40
  478.21,   848.54,   728.40
  598.35,   598.96,   475.61
  599.20,   597.98,   600.60
  600.05,   597.00,   725.60
  599.92,   723.95,   476.58
  600.78,   722.97,   601.57
  601.63,   721.99,   726.56
  601.50,   848.93,   477.55
  602.35,   847.95,   602.54
  603.20,   846.97,   727.53
  723.34,   597.39,   474.75
  724.19,   596.41,   599.74
  725.04,   595.43,   724.73
  724.91,   722.38,   475.71
  725.76,   721.40,   600.71
  726.61,   720.42,   725.70
  726.49,   847.37,   476.68
  727.34,   846.39,   601.68
  728.19,   845.41,   726.67
  474.63,   600.81,   598.61
  474.66,   597.42,   723.57
  474.68,   594.03,   848.52
  477.54,   725.73,   602.00
  477.57,   722.34,   726.96
  477.60,   718.95,   851.91
  480.45,   850.65,   605.39
  480.48,   847.26,   730.35
  480.51,   843.87,   855.30
  599.60,   597.90,   598.51
  599.62,   594.51,   723.46
  599.65,   591.12,   848.41
  602.51,   722.82,   601.90
  602.53,   719.43,   726.85
  602.56,   716.04,   851.80
  605.42,   847.74,   605.29
  605.44,   844.35,   730.24
  605.47,   840.96,   855.19
  724.56,   595.00,   598.40
  724.59,   591.60,   723.35
  724.62,   588.21,   848.31
  727.47,   719.92,   601.79
  727.50,   716.52,   726.74
  727.53,   713.13,   851.70
  730.38,   844.84,   605.18
  730.41,   841.44,   730.13
  730.44,   838.05,   855.09
  602.00,    98.85,    98.58
  601.40,    98.11,   223.58
  600.81,    97.38,   348.57
  602.31,   223.85,    99.32
  601.72,   223.11,   224.31
  601.12,   222.37,   349.31
  602.63,   348.84,   100.05
  602.04,   348.11,   225.05
  601.44,   347.37,   350.05
  727.00,    98.53,    99.17
  726.40,    97.79,   224.17
  725.80,    97.06,   349.17
  727.31,   223.52,    99.91
  726.72,   222.79,   224.91
  726.12,   222.05,   349.90
  727.63,   348.52,   100.65
  727.04,   347.79,   225.64
  726.44,   347.05,   350.64
  851.99,    98.21,    99.77
  851.40,    97.47,   224.76
  850.80,    96.73,   349.76
  852.31,   223.20,   100.50
  851.72,   222.47,   225.50
  851.12,   221.73,   350.50
  852.63,   348.20,   101.24
  852.03,   347.47,   226.24
  851.44,   346.73,   351.23
  598.92,   101.60,   225.16
  598.45,   102.77,   350.15
  597.98,   103.94,   475.15
  597.53,   226.58,   223.99
  597.06,   227.75,   348.98
  596.59,   228.92,   473.97
  596.14,   351.57,   222.81
  595.68,   352.74,   347.80
  595.21,   353.91,   472.80
  723.91,   102.99,   225.62
  723.44,   104.16,   350.61
  722.97,   105.33,   475.60
  722.52,   227.98,   224.44
  722.05,   229.14,   349.43
  721.59,   230.31,   474.43
  721.14,   352.96,   223.27
  720.67,   354.13,   348.26
  720.20,   355.30,   473.25
  848.90,   104.38,   226.07
  848.43,   105.55,   351.07
  847.96,   106.72,   476.06
  847.51,   229.37,   224.90
  847.05,   230.54,   349.89
  846.58,   231.71,   474.88
  846.13,   354.35,   223.72
  845.66,   355.52,   348.72
  845.19,   356.69,   473.71
  599.78,   101.56,   350.24
  602.45,   104.62,   475.17
  605.12,   107.67,   600.11
  602.70,   226.49,   347.12
  605.36,   229.54,   472.05
  608.03,   232.60,   596.99
  605.61,   351.42,   344.00
  608.28,   354.47,   468.94
  610.95,   357.53,   593.87
  724.72,    98.58,   347.64
  727.39,   101.64,   472.58
  730.06,   104.69,   597.51
  727.63,   223.51,   344.53
  730.30,   226.56,   469.46
  732.97,   229.62,   594.39
  730.55,   348.44,   341.41
  733.22,   351.49,   466.34
  735.89,   354.55,   591.28
  849.66,    95.60,   345.05
  852.33,    98.66,   469.98
  854.99,   101.71,   594.92
  852.57,   220.53,   341.93
  855.24,   223.59,   466.87
  857.91,   226.64,   591.80
  855.49,   345.46,   338.81
  858.16,   348.51,   463.75
  860.82,   351.57,   588.68
  598.18,    99.19,   476.02
  599.01,    99.20,   601.01
  599.84,    99.20,   726.01
  595.14,   224.16,   476.03
  595.96,   224.16,   601.03
  596.79,   224.17,   726.03
  592.09,   349.12,   476.05
  592.92,   349.12,   601.05
  593.75,   349.13,   726.04
  723.14,   102.24,   475.19
  723.97,   102.24,   600.19
  724.80,   102.25,   725.18
  720.10,   227.20,   475.20
  720.92,   227.21,   600.20
  721.75,   227.21,   725.20
  717.05,   352.17,   475.22
  717.88,   352.17,   600.22
  718.71,   352.17,   725.21
  848.10,   105.29,   474.36
  848.93,   105.29,   599.36
  849.76,   105.30,   724.35
  845.06,   230.25,   474.37
  845.89,   230.25,   599.37
  846.71,   230.26,   724.37
  842.01,   355.21,   474.39
  842.84,   355.22,   599.39
  843.67,   355.22,   724.38
  598.19,   100.34,   599.42
  596.55,    96.91,   724.37
  594.90,    93.48,   849.31
  597.78,   225.29,   602.84
  596.13,   221.86,   727.79
  594.49,   218.44,   852.73
  597.37,   350.24,   606.27
  595.72,   346.81,   731.21
  594.08,   343.39,   856.15
  723.18,   100.70,   601.08
  721.53,    97.28,   726.02
  719.89,    93.85,   850.96
  722.77,   225.66,   604.50
  721.12,   222.23,   729.44
  719.48,   218.80,   854.38
  722.36,   350.61,   607.92
  720.71,   347.18,   732.86
  719.07,   343.75,   857.81
  848.17,   101.07,   602.73
  846.52,    97.64,   727.68
  844.88,    94.22,   852.62
  847.76,   226.02,   606.16
  846.11,   222.60,   731.10
  844.47,   219.17,   856.04
  847.34,   350.97,   609.58
  845.70,   347.55,   734.52
  844.05,   344.12,   859.46
  599.56,   224.42,   100.45
  597.17,   221.21,   225.39
  594.78,   218.00,   350.32
  599.74,   349.38,   103.66
  597.35,   346.17,   228.60
  594.96,   342.96,   353.54
  599.93,   474.34,   106.88
  597.54,   471.13,   231.82
  595.15,   467.92,   356.75
  724.53,   224.18,   102.83
  722.15,   220.97,   227.77
  719.76,   217.76,   352.71
  724.72,   349.14,   106.05
  722.33,   345.93,   230.99
  719.94,   342.71,   355.92
  724.90,   474.09,   109.26
  722.51,   470.88,   234.20
  720.12,   467.67,   359.14
  849.51,   223.93,   105.22
  847.12,   220.72,   230.15
  844.73,   217.51,   355.09
  849.70,   348.89,   108.43
  847.31,   345.68,   233.37
  844.92,   342.47,   358.31
  849.88,   473.85,   111.65
  847.49,   470.64,   236.58
  845.10,   467.43,   361.52
  600.94,   223.07,   224.14
  603.61,   225.19,   349.10
  606.29,   227.32,   474.05
  600.44,   348.05,   222.03
  603.12,   350.17,   346.98
  605.79,   352.30,   471.93
  599.95,   473.03,   219.91
  602.62,   475.16,   344.86
  605.30,   477.28,   469.82
  725.91,   223.52,   221.46
  728.58,   225.64,   346.41
  731.26,   227.77,   471.37
  725.42,   348.50,   219.34
  728.09,   350.62,   344.30
  730.76,   352.75,   469.25
  724.92,   473.48,   217.23
  727.60,   475.60,   342.18
  730.27,   477.73,   467.14
  850.88,   223.97,   218.78
  853.56,   226.09,   343.73
  856.23,   228.22,   468.68
  850.39,   348.95,   216.66
  853.06,   351.07,   341.61
  855.74,   353.20,   466.57
  849.89,   473.93,   214.55
  852.57,   476.05,   339.50
  855.24,   478.18,   464.45
  598.09,   225.19,   349.35
  595.69,   226.94,   474.32
  593.29,   228.68,   599.28
  595.21,   350.15,   347.55
  592.81,   351.89,   472.52
  590.41,   353.64,   597.48
  592.33,   475.10,   345.75
  589.93,   476.84,   470.72
  587.53,   478.59,   595.68
  723.04,   228.11,   351.71
  720.64,   229.85,   476.68
  718.24,   231.60,   601.64
  720.16,   353.06,   349.91
  717.75,   354.81,   474.87
  715.35,   356.55,   599.84
  717.27,   478.01,   348.11
  714.87,   479.76,   473.07
  712.47,   481.50,   598.04
  847.98,   231.02,   354.07
  845.58,   232.77,   479.03
  843.18,   234.51,   604.00
  845.10,   355.97,   352.27
  842.70,   357.72,   477.23
  840.30,   359.46,   602.20
  842.22,   480.93,   350.47
  839.82,   482.67,   475.43
  837.42,   484.42,   600.40
  599.31,   224.91,   476.62
  597.57,   221.32,   601.56
  595.83,   217.74,   726.50
  602.48,   349.82,   480.25
  600.74,   346.23,   605.19
  599.00,   342.64,   730.13
  605.65,   474.73,   483.88
  603.91,   471.14,   608.82
  602.17,   467.55,   733.76
  724.26,   221.69,   478.27
  722.52,   218.11,   603.21
  720.78,   214.52,   728.14
  727.43,   346.60,   481.90
  725.69,   343.01,   606.84
  723.95,   339.43,   731.77
  730.60,   471.51,   485.53
  728.86,   467.92,   610.47
  727.12,   464.34,   735.40
  849.21,   218.48,   479.92
  847.47,   214.89,   604.85
  845.73,   211.30,   729.79
  852.38,   343.39,   483.55
  850.64,   339.80,   608.49
  848.90,   336.21,   733.42
  855.54,   468.29,   487.18
  853.80,   464.71,   612.12
  852.06,   461.12,   737.05
  599.74,   223.97,   598.54
  596.11,   223.73,   723.49
  592.48,   223.50,   848.44
  599.85,   348.97,   598.78
  596.22,   348.73,   723.73
  592.59,   348.50,   848.67
  599.97,   473.97,   599.02
  596.34,   473.73,   723.97
  592.70,   473.50,   848.91
  724.69,   223.85,   602.17
  721.06,   223.62,   727.12
  717.43,   223.38,   852.07
  724.80,   348.85,   602.41
  721.17,   348.62,   727.36
  717.54,   348.38,   852.31
  724.91,   473.85,   602.65
  721.28,   473.61,   727.60
  717.65,   473.38,   852.54
  849.64,   223.73,   605.80
  846.00,   223.50,   730.75
  842.37,   223.26,   855.70
  849.75,   348.73,   606.04
  846.12,   348.50,   730.99
  842.49,   348.26,   855.94
  849.86,   473.73,   606.28
  846.23,   473.50,   731.23
  842.60,   473.26,   856.18
  600.52,   351.05,    98.66
  600.28,   352.80,   223.65
  600.04,   354.54,   348.63
  603.09,   476.01,    96.92
  602.85,   477.76,   221.91
  602.61,   479.51,   346.89
  605.66,   600.98,    95.18
  605.42,   602.72,   220.17
  605.18,   604.47,   345.15
  725.49,   348.49,    98.93
  725.25,   350.23,   223.92
  725.01,   351.98,   348.91
  728.06,   473.45,    97.19
  727.82,   475.19,   222.18
  727.58,   476.94,   347.17
  730.63,   598.41,    95.45
  730.39,   600.15,   220.44
  730.15,   601.90,   345.43
  850.46,   345.92,    99.21
  850.22,   347.66,   224.19
  849.98,   349.41,   349.18
  853.03,   470.88,    97.47
  852.79,   472.62,   222.45
  852.56,   474.37,   347.44
  855.60,   595.84,    95.73
  855.37,   597.59,   220.71
  855.13,   599.33,   345.70
  601.33,   349.16,   223.68
  602.42,   350.00,   348.67
  603.52,   350.84,   473.66
  598.91,   474.13,   222.86
  600.01,   474.97,   347.85
  601.10,   475.82,   472.84
  596.50,   599.11,   222.04
  597.59,   599.95,   347.03
  598.69,   600.79,   472.02
  726.30,   351.57,   222.57
  727.39,   352.41,   347.56
  728.49,   353.25,   472.55
  723.89,   476.54,   221.75
  724.98,   477.38,   346.74
  726.07,   478.22,   471.73
  721.47,   601.51,   220.93
  722.57,   602.36,   345.92
  723.66,   603.20,   470.91
  851.27,   353.97,   221.46
  852.37,   354.81,   346.45
  853.46,   355.66,   471.44
  848.86,   478.95,   220.64
  849.95,   479.79,   345.63
  851.05,   480.63,   470.62
  846.44,   603.92,   219.82
  847.54,   604.76,   344.81
  848.63,   605.60,   469.80
  601.69,   351.76,   350.23
  602.96,   348.45,   475.18
  604.24,   345.13,   600.13
  599.58,   476.70,   353.57
  600.85,   473.38,   478.52
  602.13,   470.07,   603.47
  597.47,   601.64,   356.90
  598.74,   598.32,   481.85
  600.02,   595.01,   606.80
  726.67,   353.90,   349.01
  727.94,   350.59,   473.96
  729.21,   347.28,   598.91
  724.56,   478.84,   352.35
  725.83,   475.53,   477.30
  727.10,   472.21,   602.25
  722.45,   603.78,   355.69
  723.72,   600.47,   480.64
  724.99,   597.15,   605.59
  851.64,   356.05,   347.80
  852.92,   352.73,   472.75
  854.19,   349.42,   597.70
  849.53,   480.98,   351.13
  850.81,   477.67,   476.08
  852.08,   474.36,   601.03
  847.42,   605.92,   354.47
  848.70,   602.61,   479.42
  849.97,   599.29,   604.37
  600.13,   350.98,   474.28
  597.87,   347.79,   599.22
  595.60,   344.60,   724.16
  597.72,   475.92,   477.43
  595.45,   472.73,   602.37
  593.18,   469.53,   727.31
  595.30,   600.86,   480.58
  593.03,   597.66,   605.52
  590.76,   594.47,   730.46
  725.09,   353.34,   476.61
  722.82,   350.15,   601.55
  720.55,   346.96,   726.49
  722.67,   478.28,   479.76
  720.40,   475.09,   604.70
  718.13,   471.89,   729.64
  720.25,   603.22,   482.91
  717.99,   600.02,   607.85
  715.72,   596.83,   732.79
  850.05,   355.70,   478.94
  847.78,   352.51,   603.88
  845.51,   349.32,   728.82
  847.63,   480.64,   482.09
  845.36,   477.45,   607.03
  843.09,   474.25,   731.97
  845.21,   605.58,   485.24
  842.94,   602.38,   610.18
  840.67,   599.19,   735.12
  600.46,   348.75,   601.24
  600.94,   345.82,   726.20
  601.41,   342.90,   851.17
  603.90,   473.67,   604.15
  604.37,   470.74,   729.12
  604.85,   467.82,   854.08
  607.33,   598.59,   607.06
  607.81,   595.66,   732.03
  608.28,   592.74,   856.99
  725.41,   345.33,   600.68
  725.89,   342.40,   725.65
  726.36,   339.47,   850.61
  728.85,   470.24,   603.60
  729.32,   467.32,   728.56
  729.80,   464.39,   853.52
  732.29,   595.16,   606.51
  732.76,   592.24,   731.47
  733.24,   589.31,   856.44
  850.37,   341.90,   600.13
  850.84,   338.98,   725.09
  851.32,   336.05,   850.06
  853.80,   466.82,   603.04
  854.28,   463.90,   728.00
  854.75,   460.97,   852.97
  857.24,   591.74,   605.95
  857.71,   588.81,   730.92
  858.19,   585.89,   855.88
  599.44,   475.98,    99.26
  599.69,   475.73,   224.26
  599.93,   475.48,   349.26
  602.88,   600.93,    99.51
  603.13,   600.68,   224.50
  603.38,   600.43,   349.50
  606.33,   725.88,    99.75
  606.58,   725.63,   224.75
  606.83,   725.38,   349.75
  724.39,   472.53,    99.01
  724.64,   472.28,   224.01
  724.89,   472.03,   349.01
  727.84,   597.49,    99.25
  728.09,   597.24,   224.25
  728.33,   596.98,   349.25
  731.28,   722.44,    99.49
  731.53,   722.19,   224.49
  731.78,   721.94,   349.49
  849.34,   469.09,    98.75
  849.59,   468.84,   223.75
  849.84,   468.59,   348.75
  852.79,   594.04,    99.00
  853.04,   593.79,   224.00
  853.29,   593.54,   348.99
  856.24,   718.99,    99.24
  856.48,   718.74,   224.24
  856.73,   718.49,   349.24
  599.77,   476.93,   226.15
  601.87,   479.79,   351.10
  603.96,   482.65,   476.05
  597.50,   601.87,   223.33
  599.59,   604.73,   348.27
  601.69,   607.60,   473.22
  595.22,   726.82,   220.50
  597.32,   729.68,   345.45
  599.42,   732.54,   470.40
  724.73,   479.15,   224.00
  726.83,   482.01,   348.95
  728.93,   484.87,   473.90
  722.46,   604.10,   221.18
  724.56,   606.96,   346.13
  726.66,   609.82,   471.07
  720.19,   729.04,   218.35
  722.29,   731.90,   343.30
  724.38,   734.77,   468.25
  849.69,   481.37,   221.85
  851.79,   484.23,   346.80
  853.89,   487.09,   471.75
  847.42,   606.32,   219.03
  849.52,   609.18,   343.98
  851.62,   612.04,   468.92
  845.15,   731.27,   216.20
  847.25,   734.13,   341.15
  849.35,   736.99,   466.10
  598.82,   476.03,   349.68
  600.88,   473.56,   474.64
  602.94,   471.09,   599.60
  602.23,   600.96,   352.10
  604.29,   598.49,   477.06
  606.35,   596.02,   602.01
  605.63,   725.89,   354.51
  607.69,   723.42,   479.47
  609.75,   720.95,   604.43
  723.76,   472.67,   347.56
  725.82,   470.20,   472.52
  727.88,   467.73,   597.47
  727.16,   597.60,   349.97
  729.22,   595.13,   474.93
  731.28,   592.66,   599.89
  730.56,   722.53,   352.39
  732.62,   720.06,   477.34
  734.68,   717.59,   602.30
  848.70,   469.31,   345.43
  850.76,   466.84,   470.39
  852.82,   464.37,   595.35
  852.10,   594.24,   347.85
  854.16,   591.77,   472.80
  856.22,   589.30,   597.76
  855.50,   719.17,   350.26
  857.56,   716.70,   475.22
  859.62,   714.23,   600.18
  600.91,   476.58,   476.55
  598.63,   475.74,   601.53
  596.36,   474.90,   726.50
  599.52,   601.57,   477.36
  597.24,   600.73,   602.34
  594.97,   599.89,   727.32
  598.13,   726.56,   478.18
  595.86,   725.72,   603.15
  593.58,   724.88,   728.13
  725.88,   477.95,   478.83
  723.60,   477.11,   603.81
  721.33,   476.27,   728.79
  724.49,   602.94,   479.65
  722.21,   602.10,   604.62
  719.94,   601.26,   729.60
  723.10,   727.93,   480.46
  720.83,   727.09,   605.44
  718.55,   726.25,   730.41
  850.85,   479.32,   481.12
  848.57,   478.48,   606.09
  846.30,   477.65,   731.07
  849.46,   604.31,   481.93
  847.19,   603.47,   606.91
  844.91,   602.64,   731.88
  848.07,   729.30,   482.74
  845.80,   728.46,   607.72
  843.52,   727.63,   732.70
  598.60,   475.59,   600.70
  596.67,   477.08,   725.67
  594.73,   478.58,   850.65
  599.17,   600.58,   599.22
  597.24,   602.07,   724.19
  595.30,   603.57,   849.17
  599.74,   725.57,   597.73
  597.81,   727.06,   722.71
  595.87,   728.56,   847.69
  723.58,   475.05,   602.64
  721.65,   476.54,   727.62
  719.71,   478.03,   852.59
  724.15,   600.04,   601.16
  722.22,   601.53,   726.13
  720.29,   603.02,   851.11
  724.73,   725.03,   599.68
  722.79,   726.52,   724.65
  720.86,   728.01,   849.63
  848.57,   474.50,   604.58
  846.63,   475.99,   729.56
  844.70,   477.48,   854.53
  849.14,   599.49,   603.10
  847.20,   600.98,   728.08
  845.27,   602.47,   853.05
  849.71,   724.48,   601.62
  847.77,   725.97,   726.59
  845.84,   727.46,   851.57
  601.36,   599.75,    98.09
  600.52,   602.95,   223.05
  599.69,   606.15,   348.00
  597.77,   724.65,    94.87
  596.93,   727.86,   219.82
  596.09,   731.06,   344.78
  594.17,   849.56,    91.64
  593.33,   852.76,   216.60
  592.50,   855.97,   341.55
  726.31,   603.36,    98.83
  725.47,   606.57,   223.79
  724.63,   609.77,   348.75
  722.71,   728.27,    95.61
  721.88,   731.47,   220.57
  721.04,   734.68,   345.52
  719.12,   853.18,    92.38
  718.28,   856.38,   217.34
  717.44,   859.58,   342.30
  851.25,   606.98,    99.58
  850.42,   610.18,   224.53
  849.58,   613.39,   349.49
  847.66,   731.89,    96.35
  846.82,   735.09,   221.31
  845.98,   738.29,   346.26
  844.06,   856.79,    93.13
  843.23,   860.00,   218.08
  842.39,   863.20,   343.04
  599.60,   601.87,   223.14
  597.42,   603.29,   348.11
  595.24,   604.71,   473.08
  599.73,   726.87,   221.72
  597.55,   728.29,   346.69
  595.37,   729.71,   471.66
  599.87,   851.86,   220.30
  597.69,   853.28,   345.27
  595.51,   854.70,   470.25
  724.58,   601.76,   225.32
  722.40,   603.18,   350.29
  720.22,   604.60,   475.26
  724.71,   726.76,   223.90
  722.54,   728.18,   348.87
  720.36,   729.60,   473.85
  724.85,   851.75,   222.48
  722.67,   853.17,   347.45
  720.49,   854.59,   472.43
  849.56,   601.65,   227.50
  847.38,   603.07,   352.47
  845.20,   604.50,   477.44
  849.70,   726.65,   226.08
  847.52,   728.07,   351.05
  845.34,   729.49,   476.03
  849.83,   851.64,   224.66
  847.65,   853.06,   349.63
  845.47,   854.48,   474.61
  598.85,   598.57,   349.42
  596.82,   596.01,   474.37
  594.79,   593.44,   599.33
  597.58,   723.54,   351.96
  595.55,   720.97,   476.92
  593.52,   718.40,   601.88
  596.32,   848.51,   354.51
  594.29,   845.94,   479.47
  592.26,   843.37,   604.43
  723.82,   599.80,   351.47
  721.80,   597.23,   476.43
  719.77,   594.66,   601.38
  722.56,   724.77,   354.02
  720.53,   722.20,   478.98
  718.50,   719.63,   603.93
  721.29,   849.73,   356.57
  719.26,   847.16,   481.52
  717.24,   844.59,   606.48
  848.80,   601.02,   353.53
  846.77,   598.45,   478.48
  844.74,   595.88,   603.44
  847.54,   725.99,   356.07
  845.51,   723.42,   481.03
  843.48,   720.85,   605.99
  846.27,   850.96,   358.62
  844.24,   848.39,   483.58
  842.21,   845.82,   608.54
  598.68,   601.52,   473.94
  596.76,   603.51,   598.91
  594.83,   605.50,   723.88
  601.87,   726.46,   472.00
  599.95,   728.45,   596.96
  598.02,   730.45,   721.93
  605.07,   851.40,   470.05
  603.14,   853.40,   595.02
  601.21,   855.39,   719.99
  723.63,   598.35,   475.92
  721.70,   600.35,   600.89
  719.77,   602.34,   725.85
  726.82,   723.30,   473.97
  724.89,   725.29,   598.94
  722.97,   727.28,   723.91
  730.01,   848.24,   472.03
  728.08,   850.24,   597.00
  726.16,   852.23,   721.97
  848.57,   595.19,   477.89
  846.64,   597.19,   602.86
  844.72,   599.18,   727.83
  851.76,   720.14,   475.95
  849.84,   722.13,   600.92
  847.91,   724.12,   725.89
  854.96,   845.08,   474.00
  853.03,   847.07,   598.97
  851.10,   849.07,   723.94
  601.55,   601.44,   598.56
  602.73,   598.83,   723.52
  603.91,   596.21,   848.49
  601.84,   726.41,   601.17
  603.02,   723.80,   726.13
  604.20,   721.19,   851.10
  602.12,   851.38,   603.78
  603.30,   848.77,   728.74
  604.48,   846.16,   853.71
  726.54,   601.18,   597.37
  727.73,   598.57,   722.34
  728.91,   595.95,   847.30
  726.83,   726.15,   599.98
  728.01,   723.54,   724.95
  729.19,   720.92,   849.91
  727.11,   851.12,   602.59
  728.29,   848.51,   727.56
  729.48,   845.90,   852.52
  851.54,   600.92,   596.18
  852.72,   598.30,   721.15
  853.90,   595.69,   846.12
  851.82,   725.89,   598.79
  853.00,   723.28,   723.76
  854.18,   720.66,   848.73
  852.11,   850.86,   601.40
  853.29,   848.25,   726.37
  854.47,   845.64,   851.34
