27, 125, pa2-unknown-j-output1.txt
  192.21,   196.20,   192.79
  403.99,   403.74,   199.26
   98.32,   101.89,   100.84
   95.33,   101.35,   225.80
   92.34,   100.82,   350.76
  101.52,   226.84,   101.44
   98.53,   226.31,   226.41
   95.54,   225.78,   351.37
  104.72,   351.80,   102.05
  101.73,   351.27,   227.02
   98.74,   350.74,   351.98
  223.24,    98.67,   103.81
  220.25,    98.14,   228.77
  217.26,    97.61,   353.74
  226.44,   223.63,   104.42
  223.45,   223.10,   229.38
  220.46,   222.57,   354.35
  229.64,   348.59,   105.03
  226.65,   348.06,   229.99
  223.66,   347.53,   354.95
  348.17,    95.46,   106.79
  345.18,    94.93,   231.75
  342.19,    94.40,   356.71
  351.37,   220.42,   107.39
  348.38,   219.88,   232.36
  345.39,   219.35,   357.32
  354.57,   345.37,   108.00
  351.58,   344.84,   232.96
  348.59,   344.31,   357.93
  100.00,    98.01,   225.90
  102.87,    96.70,   350.86
  105.75,    95.39,   475.82
  101.35,   222.99,   227.17
  104.22,   221.68,   352.13
  107.10,   220.38,   477.09
  102.69,   347.98,   228.45
  105.57,   346.67,   353.41
  108.45,   345.36,   478.37
  224.96,    96.69,   223.01
  227.83,    95.38,   347.97
  230.71,    94.07,   472.93
  226.31,   221.67,   224.28
  229.18,   220.37,   349.24
  232.06,   219.06,   474.20
  227.65,   346.66,   225.56
  230.53,   345.35,   350.52
  233.40,   344.05,   475.48
  349.92,    95.37,   220.12
  352.79,    94.06,   345.08
  355.67,    92.76,   470.04
  351.27,   220.36,   221.39
  354.14,   219.05,   346.35
  357.02,   217.74,   471.31
  352.61,   345.34,   222.67
  355.49,   344.04,   347.63
  358.36,   342.73,   472.59
   99.46,   100.76,   351.48
  102.40,   104.41,   476.39
  105.33,   108.06,   601.30
   97.86,   225.70,   347.87
  100.79,   229.35,   472.78
  103.73,   232.99,   597.69
   96.26,   350.64,   344.26
   99.19,   354.28,   469.17
  102.12,   357.93,   594.08
  224.42,   102.28,   348.50
  227.35,   105.93,   473.41
  230.29,   109.57,   598.32
  222.82,   227.22,   344.89
  225.75,   230.87,   469.80
  228.68,   234.51,   594.71
  221.21,   352.16,   341.28
  224.14,   355.80,   466.19
  227.08,   359.45,   591.10
  349.37,   103.80,   345.52
  352.31,   107.45,   470.43
  355.24,   111.09,   595.34
  347.77,   228.74,   341.91
  350.70,   232.38,   466.82
  353.64,   236.03,   591.73
  346.17,   353.67,   338.30
  349.10,   357.32,   463.21
  352.03,   360.97,   588.12
  101.22,   100.89,   475.44
   98.39,    97.52,   600.36
   95.56,    94.16,   725.28
  100.43,   225.84,   478.78
   97.60,   222.48,   603.71
   94.77,   219.11,   728.63
   99.65,   350.79,   482.13
   96.82,   347.43,   607.05
   93.99,   344.06,   731.98
  226.18,   101.59,   478.29
  223.35,    98.23,   603.21
  220.52,    94.87,   728.13
  225.40,   226.55,   481.63
  222.57,   223.18,   606.56
  219.74,   219.82,   731.48
  224.61,   351.50,   484.98
  221.78,   348.14,   609.90
  218.95,   344.77,   734.83
  351.15,   102.30,   481.14
  348.32,    98.94,   606.06
  345.49,    95.58,   730.98
  350.36,   227.25,   484.48
  347.53,   223.89,   609.41
  344.70,   220.53,   734.33
  349.58,   352.21,   487.83
  346.75,   348.84,   612.75
  343.92,   345.48,   737.67
  101.68,   100.84,   601.93
  103.10,    98.66,   726.90
  104.51,    96.48,   851.87
   98.28,   225.77,   604.15
   99.69,   223.59,   729.12
  101.11,   221.41,   854.09
   94.88,   350.71,   606.37
   96.29,   348.53,   731.34
   97.70,   346.34,   856.31
  226.63,   104.27,   600.57
  228.04,   102.08,   725.55
  229.45,    99.90,   850.52
  223.22,   229.20,   602.79
  224.64,   227.02,   727.77
  226.05,   224.84,   852.74
  219.82,   354.13,   605.01
  221.24,   351.95,   729.99
  222.65,   349.77,   854.96
  351.57,   107.69,   599.22
  352.99,   105.51,   724.19
  354.40,   103.33,   849.17
  348.17,   232.63,   601.44
  349.58,   230.45,   726.41
  351.00,   228.26,   851.39
  344.77,   357.56,   603.66
  346.18,   355.38,   728.63
  347.59,   353.20,   853.60
   98.05,   225.49,    98.78
   99.10,   225.88,   223.77
  100.15,   226.27,   348.77
   96.25,   350.48,    98.40
   97.30,   350.87,   223.40
   98.35,   351.25,   348.39
   94.45,   475.46,    98.03
   95.50,   475.85,   223.03
   96.55,   476.24,   348.02
  223.03,   227.29,    97.72
  224.08,   227.67,   222.72
  225.13,   228.06,   347.71
  221.23,   352.27,    97.35
  222.28,   352.66,   222.34
  223.33,   353.05,   347.34
  219.43,   477.26,    96.98
  220.48,   477.65,   221.97
  221.53,   478.03,   346.97
  348.01,   229.08,    96.67
  349.06,   229.47,   221.66
  350.11,   229.86,   346.66
  346.22,   354.07,    96.29
  347.27,   354.46,   221.29
  348.32,   354.84,   346.28
  344.42,   479.06,    95.92
  345.47,   479.44,   220.92
  346.52,   479.83,   345.91
  101.95,   226.24,   223.18
  104.97,   224.79,   348.14
  107.99,   223.35,   473.10
  102.19,   351.23,   224.62
  105.21,   349.78,   349.58
  108.23,   348.34,   474.53
  102.42,   476.22,   226.06
  105.44,   474.78,   351.02
  108.46,   473.33,   475.97
  226.92,   226.04,   220.16
  229.94,   224.59,   345.12
  232.96,   223.15,   470.07
  227.15,   351.03,   221.60
  230.17,   349.58,   346.56
  233.19,   348.14,   471.51
  227.38,   476.02,   223.04
  230.40,   474.58,   348.00
  233.42,   473.13,   472.95
  351.88,   225.84,   217.14
  354.90,   224.39,   342.10
  357.92,   222.95,   467.05
  352.11,   350.83,   218.58
  355.13,   349.39,   343.54
  358.15,   347.94,   468.49
  352.35,   475.82,   220.02
  355.37,   474.38,   344.98
  358.39,   472.93,   469.93
  101.07,   223.64,   349.88
   99.96,   221.10,   474.84
   98.85,   218.55,   599.81
   98.27,   348.58,   352.40
   97.17,   346.04,   477.36
   96.06,   343.49,   602.33
   95.48,   473.53,   354.92
   94.37,   470.98,   479.88
   93.26,   468.44,   604.85
  226.03,   226.42,   351.04
  224.93,   223.87,   476.01
  223.82,   221.32,   600.98
  223.24,   351.36,   353.56
  222.13,   348.81,   478.53
  221.02,   346.27,   603.50
  220.44,   476.30,   356.08
  219.33,   473.76,   481.05
  218.22,   471.21,   606.02
  351.00,   229.19,   352.20
  349.89,   226.64,   477.17
  348.78,   224.10,   602.14
  348.20,   354.13,   354.72
  347.09,   351.59,   479.69
  345.98,   349.04,   604.66
  345.40,   479.08,   357.24
  344.30,   476.53,   482.21
  343.19,   473.98,   607.18
   98.16,   226.26,   476.19
  100.95,   228.63,   601.14
  103.74,   231.00,   726.09
   98.89,   351.24,   473.81
  101.68,   353.61,   598.75
  104.48,   355.98,   723.70
   99.62,   476.21,   471.42
  102.41,   478.58,   596.37
  105.21,   480.95,   721.31
  223.12,   225.48,   473.41
  225.92,   227.85,   598.36
  228.71,   230.22,   723.31
  223.85,   350.45,   471.03
  226.65,   352.82,   595.97
  229.44,   355.19,   720.92
  224.58,   475.43,   468.64
  227.38,   477.80,   593.59
  230.17,   480.17,   718.53
  348.09,   224.69,   470.63
  350.88,   227.06,   595.58
  353.68,   229.43,   720.53
  348.82,   349.67,   468.25
  351.61,   352.04,   593.19
  354.41,   354.41,   718.14
  349.55,   474.64,   465.86
  352.35,   477.01,   590.81
  355.14,   479.38,   715.75
   99.34,   223.64,   601.30
  102.00,   222.71,   726.27
  104.66,   221.79,   851.24
  102.33,   348.60,   602.17
  104.99,   347.67,   727.13
  107.65,   346.75,   852.10
  105.32,   473.56,   603.03
  107.98,   472.63,   728.00
  110.64,   471.71,   852.96
  224.28,   220.67,   598.62
  226.94,   219.74,   723.59
  229.60,   218.82,   848.56
  227.27,   345.63,   599.48
  229.93,   344.71,   724.45
  232.59,   343.78,   849.42
  230.25,   470.59,   600.35
  232.91,   469.67,   725.31
  235.57,   468.74,   850.28
  349.22,   217.70,   595.94
  351.88,   216.78,   720.91
  354.53,   215.85,   845.88
  352.20,   342.66,   596.80
  354.86,   341.74,   721.77
  357.52,   340.81,   846.74
  355.19,   467.63,   597.66
  357.85,   466.70,   722.63
  360.51,   465.78,   847.60
  101.03,   351.85,   100.21
   98.31,   351.03,   225.18
   95.59,   350.22,   350.15
  102.49,   476.83,   101.06
   99.77,   476.02,   226.03
   97.05,   475.20,   351.00
  103.96,   601.82,   101.91
  101.24,   601.01,   226.88
   98.52,   600.19,   351.84
  225.99,   350.36,   102.92
  223.27,   349.54,   227.89
  220.55,   348.73,   352.86
  227.46,   475.35,   103.77
  224.74,   474.53,   228.74
  222.02,   473.72,   353.71
  228.93,   600.34,   104.62
  226.21,   599.52,   229.59
  223.49,   598.71,   354.55
  350.95,   348.87,   105.63
  348.23,   348.06,   230.60
  345.51,   347.24,   355.57
  352.42,   473.86,   106.48
  349.70,   473.04,   231.45
  346.98,   472.23,   356.42
  353.89,   598.85,   107.33
  351.17,   598.03,   232.30
  348.45,   597.22,   357.26
  100.46,   348.25,   223.64
  103.42,   344.68,   348.56
  106.37,   341.11,   473.47
   97.46,   473.16,   227.28
  100.41,   469.59,   352.19
  103.37,   466.02,   477.11
   94.46,   598.07,   230.92
   97.41,   594.50,   355.83
  100.36,   590.93,   480.75
  225.39,   351.33,   220.77
  228.35,   347.77,   345.69
  231.30,   344.20,   470.60
  222.39,   476.24,   224.41
  225.34,   472.68,   349.33
  228.30,   469.11,   474.24
  219.38,   601.16,   228.05
  222.34,   597.59,   352.96
  225.29,   594.02,   477.88
  350.32,   354.42,   217.91
  353.28,   350.85,   342.82
  356.23,   347.29,   467.74
  347.32,   479.33,   221.55
  350.27,   475.77,   346.46
  353.23,   472.20,   471.37
  344.31,   604.24,   225.18
  347.27,   600.68,   350.10
  350.22,   597.11,   475.01
   98.48,   351.91,   348.49
  100.37,   354.79,   473.44
  102.26,   357.68,   598.40
   95.39,   476.84,   345.65
   97.28,   479.72,   470.61
   99.17,   482.61,   595.56
   92.31,   601.77,   342.82
   94.19,   604.65,   467.77
   96.08,   607.54,   592.72
  223.43,   354.96,   346.53
  225.32,   357.84,   471.48
  227.21,   360.72,   596.44
  220.34,   479.88,   343.69
  222.23,   482.77,   468.65
  224.12,   485.65,   593.60
  217.25,   604.81,   340.86
  219.14,   607.70,   465.81
  221.03,   610.58,   590.76
  348.38,   358.00,   344.57
  350.27,   360.88,   469.52
  352.16,   363.77,   594.48
  345.29,   482.93,   341.74
  347.18,   485.81,   466.69
  349.07,   488.70,   591.64
  342.20,   607.86,   338.90
  344.09,   610.74,   463.85
  345.98,   613.63,   588.80
   99.79,   349.20,   475.87
  103.26,   352.39,   600.78
  106.72,   355.58,   725.69
   98.63,   474.16,   472.71
  102.10,   477.35,   597.62
  105.56,   480.54,   722.53
   97.47,   599.11,   469.55
  100.94,   602.30,   594.47
  104.40,   605.49,   719.38
  224.74,   350.27,   472.38
  228.20,   353.46,   597.29
  231.67,   356.65,   722.20
  223.58,   475.23,   469.22
  227.04,   478.42,   594.13
  230.51,   481.61,   719.04
  222.42,   600.18,   466.06
  225.88,   603.37,   590.97
  229.35,   606.56,   715.88
  349.69,   351.35,   468.89
  353.15,   354.54,   593.80
  356.61,   357.73,   718.71
  348.53,   476.30,   465.73
  351.99,   479.49,   590.64
  355.45,   482.68,   715.55
  347.37,   601.26,   462.57
  350.83,   604.45,   587.48
  354.29,   607.64,   712.39
  101.74,   351.16,   600.24
  102.46,   348.56,   725.21
  103.19,   345.96,   850.18
  100.09,   476.12,   602.85
  100.81,   473.52,   727.82
  101.54,   470.93,   852.79
   98.44,   601.08,   605.45
   99.16,   598.48,   730.42
   99.89,   595.89,   855.39
  226.73,   352.82,   599.55
  227.45,   350.23,   724.52
  228.18,   347.63,   849.49
  225.07,   477.78,   602.16
  225.80,   475.19,   727.13
  226.53,   472.59,   852.10
  223.42,   602.75,   604.76
  224.15,   600.15,   729.73
  224.88,   597.55,   854.70
  351.71,   354.49,   598.86
  352.44,   351.89,   723.83
  353.16,   349.29,   848.80
  350.06,   479.45,   601.47
  350.79,   476.85,   726.44
  351.51,   474.26,   851.41
  348.41,   604.41,   604.07
  349.14,   601.81,   729.04
  349.86,   599.22,   854.01
  100.68,   475.08,   100.39
  101.17,   476.70,   225.38
  101.65,   478.33,   350.37
  103.06,   600.04,    98.76
  103.54,   601.67,   223.75
  104.03,   603.29,   348.74
  105.43,   725.01,    97.13
  105.92,   726.64,   222.12
  106.40,   728.26,   347.11
  225.66,   472.70,    99.94
  226.14,   474.32,   224.93
  226.63,   475.94,   349.92
  228.03,   597.66,    98.31
  228.52,   599.29,   223.29
  229.00,   600.91,   348.28
  230.41,   722.63,    96.67
  230.89,   724.25,   221.66
  231.38,   725.88,   346.65
  350.63,   470.32,    99.48
  351.12,   471.94,   224.47
  351.61,   473.56,   349.46
  353.01,   595.28,    97.85
  353.49,   596.91,   222.84
  353.98,   598.53,   347.83
  355.38,   720.25,    96.22
  355.87,   721.87,   221.21
  356.35,   723.50,   346.20
   98.96,   475.44,   224.28
   96.44,   477.45,   349.24
   93.92,   479.46,   474.20
   96.02,   600.39,   222.21
   93.50,   602.40,   347.17
   90.97,   604.40,   472.13
   93.07,   725.34,   220.15
   90.55,   727.34,   345.11
   88.03,   729.35,   470.06
  223.90,   478.43,   226.75
  221.38,   480.43,   351.71
  218.86,   482.44,   476.67
  220.96,   603.37,   224.69
  218.43,   605.38,   349.64
  215.91,   607.39,   474.60
  218.01,   728.32,   222.62
  215.49,   730.33,   347.58
  212.97,   732.34,   472.54
  348.84,   481.41,   229.22
  346.32,   483.42,   354.18
  343.80,   485.43,   479.14
  345.89,   606.36,   227.16
  343.37,   608.37,   352.12
  340.85,   610.38,   477.07
  342.95,   731.31,   225.09
  340.43,   733.32,   350.05
  337.91,   735.32,   475.01
  101.52,   475.97,   348.95
  102.83,   474.26,   473.93
  104.14,   472.56,   598.91
  102.67,   600.95,   350.64
  103.98,   599.25,   475.62
  105.29,   597.54,   600.60
  103.82,   725.94,   352.33
  105.13,   724.23,   477.32
  106.45,   722.53,   602.30
  226.51,   474.84,   347.62
  227.82,   473.13,   472.60
  229.13,   471.43,   597.58
  227.66,   599.82,   349.31
  228.97,   598.11,   474.30
  230.28,   596.41,   599.28
  228.81,   724.80,   351.01
  230.12,   723.10,   475.99
  231.43,   721.39,   600.97
  351.50,   473.70,   346.29
  352.81,   472.00,   471.28
  354.12,   470.29,   596.26
  352.65,   598.69,   347.99
  353.96,   596.98,   472.97
  355.27,   595.28,   597.95
  353.80,   723.67,   349.68
  355.11,   721.96,   474.66
  356.42,   720.26,   599.64
   99.13,   474.42,   474.60
   97.95,   478.15,   599.54
   96.77,   481.87,   724.47
  102.12,   599.33,   470.90
  100.93,   603.06,   595.84
   99.75,   606.78,   720.78
  105.10,   724.24,   467.21
  103.91,   727.97,   592.15
  102.73,   731.69,   717.09
  224.09,   471.48,   475.87
  222.91,   475.20,   600.81
  221.73,   478.93,   725.75
  227.07,   596.39,   472.17
  225.89,   600.11,   597.11
  224.71,   603.83,   722.05
  230.05,   721.30,   468.48
  228.87,   725.02,   593.42
  227.69,   728.74,   718.36
  349.05,   468.54,   477.14
  347.87,   472.26,   602.08
  346.69,   475.98,   727.02
  352.03,   593.45,   473.44
  350.85,   597.17,   598.38
  349.67,   600.89,   723.32
  355.01,   718.36,   469.75
  353.83,   722.08,   594.69
  352.65,   725.80,   719.63
   99.37,   473.63,   599.04
   97.26,   473.50,   724.02
   95.14,   473.38,   849.00
   96.84,   598.60,   599.12
   94.72,   598.48,   724.10
   92.61,   598.35,   849.09
   94.31,   723.58,   599.20
   92.19,   723.45,   724.18
   90.08,   723.33,   849.17
  224.33,   476.16,   601.16
  222.21,   476.03,   726.14
  220.09,   475.91,   851.13
  221.80,   601.13,   601.24
  219.68,   601.01,   726.22
  217.56,   600.88,   851.21
  219.27,   726.11,   601.32
  217.15,   725.98,   726.30
  215.03,   725.86,   851.29
  349.29,   478.69,   603.28
  347.17,   478.56,   728.26
  345.05,   478.44,   853.25
  346.76,   603.66,   603.36
  344.64,   603.54,   728.34
  342.52,   603.41,   853.33
  344.22,   728.64,   603.44
  342.11,   728.51,   728.43
  339.99,   728.39,   853.41
  101.18,   601.27,   101.91
  102.38,   603.68,   226.88
  103.57,   606.09,   351.86
  104.06,   726.21,    99.47
  105.25,   728.62,   224.45
  106.45,   731.03,   349.42
  106.94,   851.15,    97.04
  108.13,   853.56,   222.01
  109.33,   855.98,   346.98
  226.14,   598.36,   100.78
  227.34,   600.78,   225.75
  228.53,   603.19,   350.72
  229.02,   723.31,    98.34
  230.22,   725.72,   223.31
  231.41,   728.13,   348.28
  231.90,   848.25,    95.90
  233.09,   850.66,   220.87
  234.29,   853.08,   345.84
  351.11,   595.46,    99.64
  352.30,   597.88,   224.61
  353.49,   600.29,   349.58
  353.98,   720.41,    97.20
  355.18,   722.82,   222.17
  356.37,   725.23,   347.14
  356.86,   845.35,    94.76
  358.05,   847.76,   219.73
  359.25,   850.17,   344.70
   98.26,   599.52,   224.60
  101.41,   599.17,   349.56
  104.56,   598.81,   474.52
   95.42,   724.49,   225.03
   98.57,   724.13,   349.99
  101.72,   723.78,   474.95
   92.58,   849.46,   225.46
   95.73,   849.10,   350.42
   98.88,   848.74,   475.38
  223.18,   602.37,   221.46
  226.34,   602.02,   346.42
  229.49,   601.66,   471.38
  220.34,   727.34,   221.89
  223.50,   726.98,   346.85
  226.65,   726.63,   471.80
  217.50,   852.31,   222.31
  220.66,   851.95,   347.27
  223.81,   851.59,   472.23
  348.11,   605.22,   218.31
  351.27,   604.87,   343.27
  354.42,   604.51,   468.23
  345.27,   730.19,   218.74
  348.43,   729.83,   343.70
  351.58,   729.47,   468.66
  342.43,   855.16,   219.17
  345.59,   854.80,   344.13
  348.74,   854.44,   469.09
  100.55,   598.56,   349.82
   97.86,   599.79,   474.79
   95.18,   601.03,   599.75
  102.32,   723.55,   348.63
   99.63,   724.78,   473.59
   96.95,   726.01,   598.56
  104.09,   848.53,   347.44
  101.40,   849.76,   472.40
   98.72,   850.99,   597.37
  225.50,   596.82,   352.52
  222.82,   598.05,   477.49
  220.14,   599.28,   602.45
  227.27,   721.80,   351.33
  224.59,   723.03,   476.30
  221.91,   724.26,   601.26
  229.04,   846.78,   350.14
  226.36,   848.01,   475.10
  223.68,   849.25,   600.07
  350.46,   595.08,   355.23
  347.78,   596.31,   480.19
  345.09,   597.54,   605.16
  352.23,   720.06,   354.03
  349.55,   721.29,   479.00
  346.86,   722.52,   603.96
  354.00,   845.04,   352.84
  351.32,   846.27,   477.80
  348.63,   847.50,   602.77
  101.33,   601.10,   476.66
   99.35,   601.41,   601.65
   97.37,   601.72,   726.63
  103.77,   726.08,   476.39
  101.79,   726.39,   601.38
   99.81,   726.70,   726.36
  106.22,   851.05,   476.12
  104.23,   851.36,   601.10
  102.25,   851.68,   726.09
  226.29,   598.66,   478.65
  224.31,   598.97,   603.63
  222.33,   599.28,   728.62
  228.73,   723.64,   478.38
  226.75,   723.95,   603.36
  224.77,   724.26,   728.35
  231.18,   848.61,   478.11
  229.19,   848.93,   603.09
  227.21,   849.24,   728.07
  351.25,   596.22,   480.64
  349.27,   596.53,   605.62
  347.29,   596.85,   730.61
  353.69,   721.20,   480.37
  351.71,   721.51,   605.35
  349.73,   721.82,   730.33
  356.14,   846.17,   480.09
  354.16,   846.49,   605.08
  352.17,   846.80,   730.06
   98.34,   600.38,   598.99
  100.51,   601.02,   723.96
  102.68,   601.66,   848.94
  101.03,   725.35,   598.30
  103.20,   725.99,   723.28
  105.37,   726.63,   848.26
  103.72,   850.31,   597.61
  105.89,   850.95,   722.59
  108.06,   851.59,   847.57
  223.29,   597.68,   596.83
  225.46,   598.32,   721.81
  227.63,   598.96,   846.79
  225.98,   722.64,   596.15
  228.15,   723.28,   721.12
  230.32,   723.92,   846.10
  228.67,   847.61,   595.46
  230.84,   848.25,   720.44
  233.01,   848.89,   845.42
  348.25,   594.98,   594.68
  350.41,   595.62,   719.66
  352.58,   596.26,   844.64
  350.94,   719.94,   593.99
  353.10,   720.58,   718.97
  355.27,   721.22,   843.95
  353.63,   844.91,   593.31
  355.79,   845.55,   718.28
  357.96,   846.19,   843.26
  225.09,   100.84,    99.49
  228.54,   101.14,   224.44
  232.00,   101.44,   349.39
  221.87,   225.80,    99.28
  225.32,   226.10,   224.23
  228.78,   226.40,   349.18
  218.64,   350.76,    99.06
  222.10,   351.06,   224.01
  225.56,   351.36,   348.97
  350.00,   104.05,    96.02
  353.46,   104.36,   220.98
  356.91,   104.66,   345.93
  346.78,   229.01,    95.81
  350.23,   229.31,   220.76
  353.69,   229.62,   345.72
  343.56,   353.97,    95.60
  347.01,   354.27,   220.55
  350.47,   354.57,   345.50
  474.91,   107.27,    92.56
  478.37,   107.57,   217.51
  481.82,   107.87,   342.46
  471.69,   232.23,    92.35
  475.14,   232.53,   217.30
  478.60,   232.83,   342.25
  468.47,   357.19,    92.14
  471.92,   357.49,   217.09
  475.38,   357.79,   342.04
  226.58,   101.92,   226.08
  229.15,    98.95,   351.01
  231.72,    95.98,   475.95
  227.84,   226.88,   229.02
  230.41,   223.91,   353.96
  232.98,   220.94,   478.90
  229.10,   351.84,   231.97
  231.67,   348.86,   356.90
  234.24,   345.89,   481.84
  351.55,   100.72,   223.48
  354.11,    97.75,   348.42
  356.68,    94.77,   473.35
  352.81,   225.67,   226.42
  355.38,   222.70,   351.36
  357.95,   219.73,   476.30
  354.07,   350.63,   229.37
  356.64,   347.66,   354.31
  359.21,   344.69,   479.24
  476.51,    99.51,   220.88
  479.08,    96.54,   345.82
  481.65,    93.57,   470.76
  477.78,   224.47,   223.83
  480.34,   221.50,   348.76
  482.91,   218.53,   473.70
  479.04,   349.43,   226.77
  481.61,   346.46,   351.71
  484.18,   343.49,   476.65
  225.56,    99.44,   349.64
  224.53,    98.70,   474.63
  223.51,    97.96,   599.62
  226.74,   224.43,   350.38
  225.71,   223.69,   475.38
  224.69,   222.95,   600.37
  227.92,   349.42,   351.13
  226.89,   348.68,   476.12
  225.87,   347.95,   601.12
  350.55,    98.25,   350.65
  349.52,    97.51,   475.65
  348.50,    96.78,   600.64
  351.73,   223.24,   351.40
  350.70,   222.51,   476.39
  349.68,   221.77,   601.39
  352.91,   348.24,   352.15
  351.88,   347.50,   477.14
  350.86,   346.76,   602.14
  475.54,    97.07,   351.67
  474.52,    96.33,   476.67
  473.49,    95.59,   601.66
  476.72,   222.06,   352.42
  475.69,   221.32,   477.41
  474.67,   220.58,   602.41
  477.90,   347.05,   353.17
  476.87,   346.31,   478.16
  475.85,   345.58,   603.15
  226.05,   102.00,   473.14
  222.45,   103.65,   598.08
  218.85,   105.29,   723.01
  226.31,   226.98,   471.50
  222.71,   228.63,   596.43
  219.11,   230.28,   721.37
  226.57,   351.97,   469.85
  222.97,   353.62,   594.79
  219.36,   355.27,   719.73
  351.00,   101.78,   476.75
  347.40,   103.43,   601.68
  343.79,   105.08,   726.62
  351.26,   226.77,   475.10
  347.66,   228.42,   600.04
  344.05,   230.07,   724.98
  351.52,   351.76,   473.46
  347.91,   353.41,   598.40
  344.31,   355.06,   723.33
  475.95,   101.57,   480.35
  472.35,   103.22,   605.29
  468.74,   104.87,   730.23
  476.21,   226.56,   478.71
  472.60,   228.21,   603.65
  469.00,   229.86,   728.58
  476.47,   351.55,   477.07
  472.86,   353.20,   602.00
  469.26,   354.85,   726.94
  225.35,   100.49,   598.02
  221.99,   100.11,   722.97
  218.63,    99.73,   847.93
  224.45,   225.49,   598.38
  221.09,   225.11,   723.33
  217.72,   224.73,   848.28
  223.55,   350.48,   598.73
  220.19,   350.10,   723.68
  216.82,   349.73,   848.64
  350.30,   101.38,   601.39
  346.94,   101.00,   726.34
  343.58,   100.62,   851.29
  349.40,   226.38,   601.74
  346.04,   226.00,   726.70
  342.67,   225.62,   851.65
  348.50,   351.38,   602.10
  345.14,   351.00,   727.05
  341.77,   350.62,   852.01
  475.26,   102.28,   604.75
  471.89,   101.90,   729.71
  468.53,   101.52,   854.66
  474.35,   227.27,   605.11
  470.99,   226.89,   730.06
  467.63,   226.51,   855.02
  473.45,   352.27,   605.46
  470.09,   351.89,   730.42
  466.72,   351.51,   855.37
  226.83,   226.05,    99.13
  223.31,   224.48,   224.07
  219.79,   222.90,   349.01
  223.68,   351.01,   100.61
  220.16,   349.43,   225.55
  216.63,   347.85,   350.49
  220.53,   475.96,   102.10
  217.01,   474.38,   227.04
  213.48,   472.80,   351.98
  351.74,   229.16,   102.69
  348.22,   227.59,   227.63
  344.70,   226.01,   352.57
  348.59,   354.11,   104.18
  345.07,   352.54,   229.12
  341.54,   350.96,   354.06
  345.44,   479.07,   105.66
  341.92,   477.49,   230.60
  338.39,   475.91,   355.54
  476.65,   232.27,   106.25
  473.13,   230.69,   231.19
  469.61,   229.12,   356.13
  473.50,   357.22,   107.74
  469.98,   355.65,   232.68
  466.45,   354.07,   357.62
  470.35,   482.17,   109.23
  466.83,   480.60,   234.17
  463.30,   479.02,   359.11
  226.90,   225.57,   224.22
  223.98,   227.78,   349.17
  221.07,   230.00,   474.12
  230.53,   350.50,   222.09
  227.62,   352.71,   347.04
  224.70,   354.93,   471.99
  234.17,   475.43,   219.96
  231.25,   477.64,   344.91
  228.34,   479.86,   469.86
  351.81,   221.98,   227.20
  348.90,   224.20,   352.15
  345.98,   226.41,   477.10
  355.45,   346.91,   225.07
  352.53,   349.13,   350.02
  349.61,   351.34,   474.97
  359.08,   471.84,   222.94
  356.17,   474.06,   347.89
  353.25,   476.27,   472.84
  476.73,   218.40,   230.18
  473.81,   220.62,   355.13
  470.89,   222.83,   480.08
  480.36,   343.33,   228.05
  477.44,   345.54,   353.00
  474.53,   347.76,   477.94
  484.00,   468.26,   225.92
  481.08,   470.47,   350.87
  478.16,   472.69,   475.81
  223.61,   224.85,   351.94
  223.82,   225.26,   476.94
  224.03,   225.67,   601.94
  221.20,   349.83,   351.54
  221.41,   350.24,   476.54
  221.62,   350.65,   601.53
  218.79,   474.80,   351.13
  219.00,   475.21,   476.13
  219.21,   475.62,   601.13
  348.59,   227.26,   351.72
  348.80,   227.67,   476.72
  349.01,   228.08,   601.72
  346.18,   352.24,   351.32
  346.39,   352.65,   476.32
  346.60,   353.06,   601.32
  343.77,   477.21,   350.91
  343.98,   477.62,   475.91
  344.19,   478.03,   600.91
  473.56,   229.67,   351.51
  473.77,   230.08,   476.51
  473.98,   230.49,   601.50
  471.15,   354.65,   351.10
  471.36,   355.05,   476.10
  471.57,   355.46,   601.10
  468.74,   479.62,   350.70
  468.95,   480.03,   475.69
  469.16,   480.44,   600.69
  226.34,   223.20,   475.17
  226.86,   226.50,   600.13
  227.38,   229.81,   725.08
  225.57,   348.15,   471.87
  226.09,   351.46,   596.83
  226.60,   354.76,   721.78
  224.80,   473.11,   468.57
  225.31,   476.41,   593.52
  225.83,   479.72,   718.48
  351.34,   223.96,   474.64
  351.85,   227.26,   599.59
  352.37,   230.57,   724.55
  350.57,   348.91,   471.33
  351.08,   352.22,   596.29
  351.60,   355.52,   721.24
  349.79,   473.86,   468.03
  350.31,   477.17,   592.99
  350.83,   480.47,   717.94
  476.33,   224.71,   474.10
  476.85,   228.02,   599.05
  477.37,   231.32,   724.01
  475.56,   349.67,   470.80
  476.08,   352.97,   595.75
  476.60,   356.28,   720.71
  474.79,   474.62,   467.49
  475.31,   477.93,   592.45
  475.82,   481.23,   717.40
  225.08,   225.50,   598.41
  223.79,   223.07,   723.38
  222.49,   220.63,   848.35
  226.90,   350.47,   600.86
  225.61,   348.03,   725.83
  224.31,   345.60,   850.80
  228.73,   475.43,   603.32
  227.43,   472.99,   728.29
  226.13,   470.56,   853.26
  350.06,   223.66,   599.67
  348.77,   221.22,   724.64
  347.47,   218.79,   849.61
  351.88,   348.62,   602.12
  350.59,   346.19,   727.09
  349.29,   343.75,   852.06
  353.71,   473.58,   604.58
  352.41,   471.15,   729.55
  351.11,   468.71,   854.52
  475.04,   221.81,   600.93
  473.75,   219.38,   725.90
  472.45,   216.94,   850.87
  476.86,   346.77,   603.38
  475.57,   344.34,   728.35
  474.27,   341.90,   853.32
  478.69,   471.74,   605.84
  477.39,   469.30,   730.81
  476.09,   466.87,   855.78
  224.40,   350.24,    99.62
  223.97,   349.54,   224.62
  223.54,   348.84,   349.61
  223.89,   475.24,   100.31
  223.46,   474.54,   225.31
  223.03,   473.84,   350.31
  223.38,   600.23,   101.01
  222.95,   599.54,   226.01
  222.52,   598.84,   351.00
  349.39,   350.75,   100.05
  348.97,   350.05,   225.05
  348.54,   349.35,   350.04
  348.89,   475.74,   100.75
  348.46,   475.05,   225.74
  348.03,   474.35,   350.74
  348.38,   600.74,   101.44
  347.95,   600.04,   226.44
  347.52,   599.35,   351.44
  474.39,   351.25,   100.48
  473.97,   350.56,   225.48
  473.54,   349.86,   350.48
  473.88,   476.25,   101.18
  473.46,   475.55,   226.17
  473.03,   474.86,   351.17
  473.37,   601.25,   101.87
  472.95,   600.55,   226.87
  472.52,   599.85,   351.87
  224.94,   351.74,   224.36
  224.44,   351.30,   349.36
  223.94,   350.86,   474.35
  227.47,   476.72,   224.81
  226.98,   476.27,   349.81
  226.48,   475.83,   474.81
  230.01,   601.69,   225.26
  229.52,   601.25,   350.26
  229.02,   600.80,   475.26
  349.91,   349.20,   224.84
  349.41,   348.76,   349.84
  348.92,   348.32,   474.84
  352.45,   474.18,   225.30
  351.95,   473.73,   350.30
  351.46,   473.29,   475.29
  354.99,   599.15,   225.75
  354.49,   598.71,   350.75
  353.99,   598.26,   475.75
  474.88,   346.66,   225.33
  474.39,   346.22,   350.33
  473.89,   345.77,   475.33
  477.42,   471.64,   225.78
  476.93,   471.19,   350.78
  476.43,   470.75,   475.78
  479.96,   596.61,   226.24
  479.46,   596.17,   351.24
  478.97,   595.72,   476.23
  223.08,   349.98,   351.54
  226.77,   349.41,   476.48
  230.46,   348.84,   601.43
  226.17,   474.94,   352.02
  229.86,   474.37,   476.96
  233.54,   473.80,   601.91
  229.25,   599.90,   352.50
  232.94,   599.33,   477.44
  236.63,   598.76,   602.39
  347.99,   346.91,   347.84
  351.68,   346.34,   472.78
  355.36,   345.77,   597.73
  351.08,   471.87,   348.32
  354.76,   471.30,   473.26
  358.45,   470.73,   598.21
  354.16,   596.83,   348.80
  357.85,   596.26,   473.74
  361.54,   595.69,   598.68
  472.90,   343.83,   344.14
  476.58,   343.26,   469.08
  480.27,   342.69,   594.03
  475.98,   468.79,   344.62
  479.67,   468.22,   469.56
  483.36,   467.65,   594.50
  479.07,   593.76,   345.09
  482.76,   593.19,   470.04
  486.45,   592.62,   594.98
  225.80,   348.93,   475.88
  224.28,   351.87,   600.84
  222.77,   354.81,   725.79
  223.46,   473.87,   472.91
  221.94,   476.81,   597.87
  220.43,   479.75,   722.82
  221.12,   598.81,   469.94
  219.60,   601.75,   594.90
  218.09,   604.69,   719.86
  350.77,   351.30,   477.34
  349.25,   354.24,   602.30
  347.74,   357.18,   727.25
  348.43,   476.25,   474.37
  346.91,   479.19,   599.33
  345.40,   482.13,   724.28
  346.09,   601.19,   471.40
  344.57,   604.13,   596.36
  343.06,   607.07,   721.32
  475.74,   353.68,   478.80
  474.22,   356.62,   603.75
  472.71,   359.56,   728.71
  473.39,   478.62,   475.83
  471.88,   481.56,   600.79
  470.37,   484.50,   725.74
  471.05,   603.56,   472.86
  469.54,   606.50,   597.82
  468.02,   609.44,   722.77
  224.50,   348.15,   601.66
  223.51,   348.31,   726.65
  222.53,   348.46,   851.65
  227.82,   473.11,   601.53
  226.84,   473.26,   726.52
  225.85,   473.42,   851.52
  231.15,   598.06,   601.40
  230.16,   598.22,   726.39
  229.18,   598.37,   851.39
  349.45,   344.83,   602.65
  348.46,   344.98,   727.64
  347.48,   345.14,   852.64
  352.77,   469.78,   602.52
  351.79,   469.94,   727.51
  350.80,   470.09,   852.51
  356.10,   594.74,   602.39
  355.11,   594.89,   727.38
  354.13,   595.05,   852.38
  474.40,   341.50,   603.63
  473.42,   341.66,   728.63
  472.43,   341.82,   853.63
  477.73,   466.46,   603.50
  476.74,   466.62,   728.50
  475.75,   466.77,   853.50
  481.05,   591.42,   603.38
  480.06,   591.57,   728.37
  479.08,   591.73,   853.37
  224.59,   473.15,   101.94
  228.14,   472.04,   226.88
  231.69,   470.93,   351.83
  221.97,   598.12,   103.12
  225.52,   597.00,   228.07
  229.07,   595.89,   353.01
  219.36,   723.08,   104.31
  222.91,   721.97,   229.25
  226.46,   720.86,   354.20
  349.51,   475.80,    98.41
  353.06,   474.69,   223.36
  356.61,   473.57,   348.30
  346.90,   600.76,    99.60
  350.44,   599.65,   224.54
  353.99,   598.54,   349.49
  344.28,   725.73,   100.79
  347.83,   724.62,   225.73
  351.38,   723.51,   350.67
  474.43,   478.44,    94.89
  477.98,   477.33,   219.83
  481.53,   476.22,   344.78
  471.82,   603.41,    96.07
  475.37,   602.30,   221.02
  478.92,   601.19,   345.96
  469.20,   728.38,    97.26
  472.75,   727.27,   222.21
  476.30,   726.15,   347.15
  226.23,   473.08,   224.46
  229.43,   471.78,   349.41
  232.62,   470.48,   474.36
  227.64,   598.06,   225.72
  230.84,   596.76,   350.67
  234.03,   595.47,   475.62
  229.05,   723.05,   226.98
  232.25,   721.75,   351.93
  235.44,   720.45,   476.89
  351.18,   471.70,   221.25
  354.38,   470.40,   346.20
  357.58,   469.10,   471.15
  352.59,   596.69,   222.51
  355.79,   595.39,   347.46
  358.98,   594.09,   472.41
  354.00,   721.67,   223.77
  357.20,   720.37,   348.72
  360.39,   719.08,   473.68
  476.14,   470.32,   218.04
  479.33,   469.03,   342.99
  482.53,   467.73,   467.94
  477.54,   595.31,   219.30
  480.74,   594.01,   344.25
  483.94,   592.71,   469.20
  478.95,   720.29,   220.56
  482.15,   719.00,   345.51
  485.34,   717.70,   470.47
  224.84,   475.24,   350.92
  228.27,   477.85,   475.85
  231.71,   480.45,   600.77
  225.61,   600.21,   348.29
  229.04,   602.82,   473.22
  232.48,   605.42,   598.14
  226.38,   725.18,   345.67
  229.81,   727.79,   470.59
  233.25,   730.39,   595.52
  349.79,   474.40,   347.50
  353.22,   477.00,   472.43
  356.66,   479.61,   597.35
  350.56,   599.37,   344.87
  353.99,   601.97,   469.80
  357.43,   604.58,   594.73
  351.33,   724.34,   342.25
  354.76,   726.94,   467.17
  358.20,   729.55,   592.10
  474.74,   473.56,   344.08
  478.17,   476.16,   469.01
  481.61,   478.77,   593.93
  475.51,   598.53,   341.45
  478.94,   601.13,   466.38
  482.38,   603.74,   591.31
  476.28,   723.50,   338.83
  479.71,   726.10,   463.75
  483.15,   728.71,   588.68
  226.55,   473.02,   476.47
  228.04,   474.11,   601.46
  229.53,   475.20,   726.44
  227.95,   598.01,   475.37
  229.45,   599.10,   600.35
  230.94,   600.19,   725.34
  229.36,   722.99,   474.26
  230.85,   724.08,   599.25
  232.34,   725.17,   724.23
  351.53,   471.60,   474.99
  353.03,   472.69,   599.98
  354.52,   473.78,   724.96
  352.94,   596.59,   473.89
  354.43,   597.68,   598.87
  355.92,   598.77,   723.86
  354.34,   721.58,   472.78
  355.83,   722.67,   597.77
  357.33,   723.76,   722.75
  476.52,   470.19,   473.51
  478.01,   471.27,   598.50
  479.50,   472.36,   723.48
  477.92,   595.17,   472.41
  479.41,   596.26,   597.39
  480.91,   597.35,   722.38
  479.33,   720.16,   471.30
  480.82,   721.25,   596.29
  482.31,   722.34,   721.27
  226.44,   476.46,   598.04
  227.87,   475.82,   723.03
  229.31,   475.17,   848.02
  228.32,   601.45,   598.67
  229.75,   600.80,   723.66
  231.19,   600.15,   848.65
  230.20,   726.43,   599.29
  231.63,   725.78,   724.28
  233.06,   725.14,   849.27
  351.42,   474.59,   596.60
  352.85,   473.95,   721.59
  354.29,   473.30,   846.58
  353.30,   599.58,   597.22
  354.73,   598.93,   722.21
  356.16,   598.28,   847.20
  355.17,   724.56,   597.85
  356.61,   723.91,   722.84
  358.04,   723.27,   847.83
  476.40,   472.72,   595.15
  477.83,   472.08,   720.14
  479.26,   471.43,   845.13
  478.27,   597.71,   595.78
  479.71,   597.06,   720.77
  481.14,   596.41,   845.76
  480.15,   722.69,   596.41
  481.59,   722.04,   721.40
  483.02,   721.40,   846.39
  226.55,   598.51,    98.17
  223.57,   601.73,   223.09
  220.60,   604.95,   348.02
  225.97,   723.47,    94.94
  223.00,   726.69,   219.86
  220.02,   729.90,   344.78
  225.40,   848.43,    91.71
  222.42,   851.64,   216.63
  219.44,   854.86,   341.55
  351.51,   599.16,   101.13
  348.54,   602.38,   226.05
  345.56,   605.60,   350.98
  350.94,   724.12,    97.90
  347.96,   727.34,   222.82
  344.98,   730.56,   347.74
  350.36,   849.08,    94.67
  347.38,   852.30,   219.59
  344.41,   855.51,   344.51
  476.48,   599.82,   104.09
  473.50,   603.03,   229.01
  470.52,   606.25,   353.94
  475.90,   724.77,   100.86
  472.92,   727.99,   225.78
  469.95,   731.21,   350.70
  475.32,   849.73,    97.63
  472.35,   852.95,   222.55
  469.37,   856.17,   347.47
  225.16,   600.10,   225.08
  228.59,   596.61,   349.99
  232.03,   593.11,   474.89
  224.76,   725.05,   228.59
  228.19,   721.56,   353.49
  231.63,   718.06,   478.40
  224.36,   850.00,   232.10
  227.79,   846.51,   357.00
  231.23,   843.01,   481.90
  350.11,   600.60,   221.66
  353.55,   597.10,   346.56
  356.98,   593.61,   471.47
  349.71,   725.55,   225.17
  353.15,   722.05,   350.07
  356.58,   718.56,   474.97
  349.31,   850.50,   228.67
  352.74,   847.00,   353.58
  356.18,   843.51,   478.48
  475.06,   601.09,   218.24
  478.50,   597.60,   343.14
  481.93,   594.11,   468.04
  474.66,   726.04,   221.74
  478.10,   722.55,   346.65
  481.53,   719.06,   471.55
  474.26,   850.99,   225.25
  477.70,   847.50,   350.15
  481.13,   844.01,   475.06
  225.88,   598.69,   350.84
  222.88,   595.23,   475.76
  219.88,   591.76,   600.67
  223.49,   723.62,   354.25
  220.50,   720.16,   479.17
  217.50,   716.69,   604.08
  221.11,   848.55,   357.66
  218.11,   845.09,   482.58
  215.11,   841.62,   607.49
  350.82,   601.00,   353.90
  347.82,   597.53,   478.82
  344.83,   594.06,   603.74
  348.44,   725.93,   357.31
  345.44,   722.46,   482.23
  342.44,   718.99,   607.15
  346.05,   850.86,   360.72
  343.05,   847.39,   485.64
  340.05,   843.92,   610.56
  475.76,   603.30,   356.97
  472.77,   599.83,   481.88
  469.77,   596.36,   606.80
  473.38,   728.23,   360.38
  470.38,   724.76,   485.29
  467.38,   721.30,   610.21
  470.99,   853.16,   363.79
  467.99,   849.69,   488.70
  464.99,   846.23,   613.62
  226.35,   598.49,   476.09
  227.35,   601.46,   601.06
  228.35,   604.43,   726.02
  222.79,   723.41,   473.16
  223.80,   726.38,   598.12
  224.80,   729.34,   723.08
  219.24,   848.32,   470.22
  220.24,   851.29,   595.18
  221.25,   854.26,   720.14
  351.29,   602.02,   475.01
  352.30,   604.99,   599.97
  353.30,   607.96,   724.93
  347.74,   726.94,   472.07
  348.74,   729.90,   597.03
  349.75,   732.87,   721.99
  344.18,   851.85,   469.13
  345.19,   854.82,   594.09
  346.19,   857.79,   719.05
  476.24,   605.55,   473.92
  477.24,   608.52,   598.88
  478.25,   611.49,   723.84
  472.68,   730.46,   470.98
  473.69,   733.43,   595.94
  474.69,   736.40,   720.90
  469.13,   855.38,   468.04
  470.13,   858.35,   593.00
  471.14,   861.32,   717.96
  224.92,   598.38,   600.84
  221.84,   600.51,   725.78
  218.76,   602.65,   850.73
  223.48,   723.35,   598.66
  220.40,   725.49,   723.61
  217.32,   727.62,   848.55
  222.04,   848.32,   596.49
  218.96,   850.46,   721.43
  215.88,   852.60,   846.38
  349.87,   599.87,   603.89
  346.79,   602.01,   728.83
  343.71,   604.15,   853.78
  348.43,   724.84,   601.72
  345.35,   726.98,   726.66
  342.27,   729.12,   851.60
  346.99,   849.81,   599.54
  343.91,   851.95,   724.49
  340.83,   854.09,   849.43
  474.82,   601.36,   606.94
  471.75,   603.50,   731.89
  468.67,   605.64,   856.83
  473.38,   726.33,   604.77
  470.31,   728.47,   729.71
  467.23,   730.61,   854.66
  471.94,   851.31,   602.59
  468.87,   853.45,   727.54
  465.79,   855.58,   852.48
  348.02,   100.62,   101.16
  345.76,    96.93,   226.09
  343.50,    93.25,   351.01
  345.69,   225.54,   104.81
  343.43,   221.86,   229.73
  341.17,   218.17,   354.66
  343.36,   350.47,   108.45
  341.10,   346.78,   233.38
  338.84,   343.10,   358.30
  472.98,   102.88,   103.49
  470.72,    99.19,   228.42
  468.45,    95.51,   353.34
  470.65,   227.81,   107.14
  468.39,   224.12,   232.06
  466.12,   220.43,   356.99
  468.32,   352.73,   110.78
  466.06,   349.04,   235.71
  463.79,   345.36,   360.63
  597.94,   105.14,   105.83
  595.68,   101.46,   230.75
  593.41,    97.77,   355.68
  595.61,   230.07,   109.47
  593.35,   226.38,   234.39
  591.08,   222.70,   359.32
  593.28,   354.99,   113.11
  591.02,   351.31,   238.04
  588.75,   347.62,   362.96
  349.92,    99.51,   223.53
  349.70,    96.12,   348.49
  349.49,    92.73,   473.44
  346.47,   224.42,   226.91
  346.26,   221.03,   351.87
  346.05,   217.64,   476.82
  343.03,   349.32,   230.29
  342.82,   345.93,   355.25
  342.60,   342.55,   480.20
  474.87,   102.94,   223.84
  474.65,    99.56,   348.79
  474.44,    96.17,   473.75
  471.43,   227.85,   227.22
  471.21,   224.46,   352.17
  471.00,   221.07,   477.13
  467.98,   352.76,   230.60
  467.77,   349.37,   355.56
  467.56,   345.98,   480.51
  599.82,   106.38,   224.15
  599.61,   102.99,   349.10
  599.39,    99.60,   474.05
  596.38,   231.29,   227.53
  596.16,   227.90,   352.48
  595.95,   224.51,   477.44
  592.94,   356.19,   230.91
  592.72,   352.80,   355.86
  592.51,   349.42,   480.82
  351.71,    99.05,   348.55
  355.22,    95.42,   473.44
  358.74,    91.79,   598.34
  355.16,   223.95,   352.08
  358.67,   220.32,   476.98
  362.18,   216.69,   601.87
  358.61,   348.85,   355.61
  362.12,   345.23,   480.51
  365.63,   341.60,   605.41
  476.62,    95.71,   344.94
  480.13,    92.08,   469.84
  483.64,    88.45,   594.73
  480.06,   220.61,   348.47
  483.57,   216.98,   473.37
  487.08,   213.35,   598.27
  483.51,   345.51,   352.00
  487.02,   341.88,   476.90
  490.53,   338.25,   601.80
  601.52,    92.36,   341.33
  605.03,    88.73,   466.23
  608.54,    85.11,   591.13
  604.97,   217.26,   344.86
  608.48,   213.64,   469.76
  611.99,   210.01,   594.66
  608.41,   342.17,   348.39
  611.92,   338.54,   473.29
  615.43,   334.91,   598.19
  349.58,   100.02,   473.68
  345.84,    99.54,   598.62
  342.09,    99.07,   723.56
  351.56,   225.00,   474.21
  347.81,   224.52,   599.15
  344.06,   224.05,   724.10
  353.53,   349.98,   474.75
  349.78,   349.51,   599.69
  346.03,   349.03,   724.63
  474.51,    98.03,   477.42
  470.77,    97.56,   602.36
  467.02,    97.08,   727.30
  476.48,   223.01,   477.95
  472.74,   222.54,   602.89
  468.99,   222.06,   727.84
  478.45,   348.00,   478.48
  474.71,   347.52,   603.43
  470.96,   347.05,   728.37
  599.44,    96.04,   481.15
  595.69,    95.57,   606.10
  591.95,    95.09,   731.04
  601.41,   221.03,   481.69
  597.67,   220.55,   606.63
  593.92,   220.08,   731.57
  603.38,   346.01,   482.22
  599.64,   345.54,   607.17
  595.89,   345.06,   732.11
  348.49,   101.29,   600.71
  347.85,    98.38,   725.68
  347.20,    95.46,   850.64
  350.59,   226.24,   603.64
  349.94,   223.33,   728.60
  349.30,   220.41,   853.57
  352.69,   351.19,   606.56
  352.04,   348.27,   731.53
  351.39,   345.36,   856.49
  473.48,    99.18,   601.31
  472.83,    96.27,   726.27
  472.18,    93.35,   851.24
  475.57,   224.13,   604.24
  474.92,   221.21,   729.20
  474.28,   218.30,   854.17
  477.67,   349.08,   607.16
  477.02,   346.16,   732.13
  476.37,   343.25,   857.09
  598.46,    97.07,   601.91
  597.81,    94.15,   726.87
  597.16,    91.24,   851.84
  600.55,   222.02,   604.84
  599.90,   219.10,   729.80
  599.26,   216.19,   854.76
  602.65,   346.97,   607.76
  602.00,   344.05,   732.73
  601.35,   341.14,   857.69
  350.71,   226.51,   100.76
  351.27,   225.39,   225.76
  351.84,   224.26,   350.75
  350.52,   351.50,   101.89
  351.08,   350.38,   226.88
  351.65,   349.26,   351.88
  350.33,   476.50,   103.01
  350.89,   475.38,   228.01
  351.46,   474.25,   353.00
  475.70,   226.70,   100.20
  476.27,   225.58,   225.19
  476.84,   224.46,   350.19
  475.51,   351.70,   101.32
  476.08,   350.58,   226.32
  476.65,   349.45,   351.31
  475.33,   476.69,   102.45
  475.89,   475.57,   227.44
  476.46,   474.45,   352.44
  600.70,   226.90,    99.64
  601.27,   225.78,   224.63
  601.83,   224.65,   349.62
  600.51,   351.89,   100.76
  601.08,   350.77,   225.75
  601.65,   349.65,   350.75
  600.32,   476.89,   101.89
  600.89,   475.76,   226.88
  601.46,   474.64,   351.87
  348.80,   223.86,   226.39
  345.26,   224.23,   351.34
  341.71,   224.61,   476.29
  351.76,   348.82,   226.10
  348.21,   349.20,   351.04
  344.66,   349.57,   475.99
  354.72,   473.79,   225.80
  351.17,   474.16,   350.75
  347.62,   474.54,   475.70
  473.72,   220.91,   229.94
  470.17,   221.29,   354.89
  466.62,   221.66,   479.84
  476.68,   345.88,   229.65
  473.13,   346.25,   354.60
  469.58,   346.63,   479.55
  479.63,   470.84,   229.36
  476.08,   471.22,   354.31
  472.53,   471.59,   479.26
  598.63,   217.96,   233.50
  595.09,   218.34,   358.45
  591.54,   218.72,   483.40
  601.59,   342.93,   233.21
  598.04,   343.31,   358.16
  594.49,   343.68,   483.11
  604.55,   467.89,   232.92
  601.00,   468.27,   357.87
  597.45,   468.65,   482.81
  351.50,   225.66,   350.37
  354.58,   227.82,   475.31
  357.66,   229.98,   600.25
  350.74,   350.64,   348.23
  353.81,   352.80,   473.17
  356.89,   354.95,   598.11
  349.97,   475.62,   346.09
  353.05,   477.78,   471.03
  356.12,   479.93,   595.97
  476.46,   226.37,   347.28
  479.54,   228.53,   472.22
  482.62,   230.69,   597.16
  475.70,   351.35,   345.14
  478.77,   353.51,   470.08
  481.85,   355.67,   595.02
  474.93,   476.33,   343.00
  478.01,   478.49,   467.94
  481.08,   480.65,   592.88
  601.42,   227.09,   344.18
  604.50,   229.25,   469.13
  607.58,   231.41,   594.07
  600.66,   352.07,   342.04
  603.73,   354.23,   466.99
  606.81,   356.39,   591.93
  599.89,   477.05,   339.91
  602.97,   479.21,   464.85
  606.04,   481.37,   589.79
  348.12,   224.99,   474.91
  349.82,   222.19,   599.86
  351.51,   219.38,   724.82
  346.25,   349.95,   477.74
  347.94,   347.14,   602.70
  349.63,   344.33,   727.65
  344.37,   474.90,   480.57
  346.07,   472.09,   605.53
  347.76,   469.29,   730.49
  473.10,   226.91,   473.26
  474.79,   224.10,   598.22
  476.48,   221.29,   723.17
  471.22,   351.86,   476.09
  472.92,   349.05,   601.05
  474.61,   346.24,   726.01
  469.35,   476.81,   478.92
  471.04,   474.01,   603.88
  472.73,   471.20,   728.84
  598.07,   228.82,   471.61
  599.77,   226.01,   596.57
  601.46,   223.20,   721.52
  596.20,   353.77,   474.44
  597.89,   350.96,   599.40
  599.58,   348.16,   724.36
  594.32,   478.73,   477.27
  596.02,   475.92,   602.23
  597.71,   473.11,   727.19
  350.99,   223.17,   599.49
  347.50,   225.73,   724.41
  344.00,   228.29,   849.34
  353.44,   348.12,   596.99
  349.94,   350.68,   721.92
  346.45,   353.25,   846.84
  355.88,   473.07,   594.50
  352.39,   475.63,   719.42
  348.90,   478.20,   844.35
  475.92,   220.80,   603.03
  472.42,   223.36,   727.95
  468.93,   225.92,   852.88
  478.36,   345.75,   600.54
  474.87,   348.31,   725.46
  471.38,   350.87,   850.39
  480.81,   470.70,   598.04
  477.32,   473.26,   722.97
  473.82,   475.82,   847.89
  600.85,   218.42,   606.57
  597.35,   220.98,   731.50
  593.86,   223.54,   856.42
  603.29,   343.37,   604.08
  599.80,   345.93,   729.00
  596.30,   348.50,   853.93
  605.74,   468.32,   601.58
  602.24,   470.88,   726.51
  598.75,   473.45,   851.43
  349.64,   351.42,    99.39
  348.51,   353.16,   224.37
  347.38,   354.89,   349.36
  347.36,   476.39,    97.64
  346.24,   478.12,   222.62
  345.11,   479.86,   347.60
  345.09,   601.36,    95.88
  343.96,   603.09,   220.87
  342.83,   604.82,   345.85
  474.61,   353.71,   100.49
  473.48,   355.44,   225.47
  472.35,   357.18,   350.45
  472.34,   478.68,    98.73
  471.21,   480.41,   223.72
  470.08,   482.14,   348.70
  470.07,   603.64,    96.98
  468.94,   605.38,   221.96
  467.81,   607.11,   346.95
  599.59,   356.00,   101.59
  598.46,   357.73,   226.57
  597.33,   359.47,   351.55
  597.31,   480.97,    99.83
  596.18,   482.70,   224.81
  595.05,   484.43,   349.80
  595.04,   605.93,    98.08
  593.91,   607.67,   223.06
  592.78,   609.40,   348.04
  349.18,   351.68,   223.81
  349.65,   354.26,   348.78
  350.11,   356.85,   473.75
  349.99,   476.65,   221.22
  350.45,   479.24,   346.19
  350.91,   481.82,   471.17
  350.79,   601.62,   218.63
  351.25,   604.21,   343.61
  351.72,   606.79,   468.58
  474.18,   350.87,   223.36
  474.64,   353.45,   348.33
  475.11,   356.04,   473.31
  474.98,   475.84,   220.77
  475.45,   478.42,   345.75
  475.91,   481.01,   470.72
  475.78,   600.81,   218.19
  476.25,   603.39,   343.16
  476.71,   605.98,   468.13
  599.18,   350.06,   222.91
  599.64,   352.64,   347.89
  600.10,   355.23,   472.86
  599.98,   475.03,   220.33
  600.44,   477.61,   345.30
  600.91,   480.20,   470.27
  600.78,   600.00,   217.74
  601.25,   602.58,   342.71
  601.71,   605.17,   467.68
  351.12,   349.41,   351.66
  347.90,   347.00,   476.60
  344.68,   344.59,   601.53
  352.06,   474.38,   354.09
  348.84,   471.97,   479.03
  345.62,   469.56,   603.97
  352.99,   599.35,   356.53
  349.77,   596.94,   481.46
  346.55,   594.53,   606.40
  476.08,   348.41,   354.86
  472.86,   346.00,   479.80
  469.64,   343.59,   604.73
  477.01,   473.38,   357.30
  473.79,   470.97,   482.23
  470.57,   468.56,   607.17
  477.95,   598.35,   359.73
  474.73,   595.95,   484.66
  471.51,   593.54,   609.60
  601.03,   347.41,   358.06
  597.81,   345.00,   483.00
  594.59,   342.59,   607.93
  601.97,   472.38,   360.50
  598.75,   469.98,   485.43
  595.53,   467.57,   610.37
  602.90,   597.36,   362.93
  599.68,   594.95,   487.87
  596.46,   592.54,   612.80
  349.21,   348.38,   474.76
  352.62,   345.17,   599.67
  356.03,   341.97,   724.58
  346.32,   473.30,   478.04
  349.73,   470.10,   602.96
  353.14,   466.89,   727.87
  343.43,   598.23,   481.33
  346.84,   595.02,   606.24
  350.24,   591.82,   731.15
  474.13,   351.36,   471.43
  477.54,   348.15,   596.34
  480.95,   344.95,   721.25
  471.24,   476.28,   474.71
  474.65,   473.08,   599.62
  478.06,   469.87,   724.54
  468.35,   601.21,   478.00
  471.76,   598.00,   602.91
  475.16,   594.80,   727.82
  599.05,   354.34,   468.10
  602.46,   351.14,   593.01
  605.87,   347.93,   717.92
  596.16,   479.26,   471.38
  599.57,   476.06,   596.29
  602.98,   472.85,   721.21
  593.27,   604.19,   474.67
  596.68,   600.98,   599.58
  600.08,   597.78,   724.49
  349.09,   349.87,   601.77
  352.47,   347.06,   726.70
  355.85,   344.25,   851.62
  348.10,   474.84,   604.61
  351.48,   472.03,   729.53
  354.86,   469.22,   854.46
  347.11,   599.80,   607.45
  350.49,   596.99,   732.37
  353.87,   594.18,   857.29
  474.04,   350.94,   598.42
  477.42,   348.13,   723.34
  480.80,   345.32,   848.26
  473.05,   475.90,   601.25
  476.43,   473.09,   726.18
  479.81,   470.28,   851.10
  472.06,   600.87,   604.09
  475.44,   598.06,   729.01
  478.82,   595.25,   853.94
  598.99,   352.01,   595.06
  602.37,   349.20,   719.98
  605.75,   346.39,   844.90
  598.00,   476.97,   597.90
  601.38,   474.16,   722.82
  604.76,   471.35,   847.74
  597.01,   601.93,   600.73
  600.39,   599.12,   725.66
  603.77,   596.31,   850.58
  350.43,   476.77,   100.84
  353.71,   478.16,   225.79
  356.99,   479.54,   350.74
  348.23,   601.74,    99.51
  351.51,   603.13,   224.46
  354.79,   604.52,   349.41
  346.02,   726.72,    98.18
  349.30,   728.10,   223.13
  352.59,   729.49,   348.08
  475.37,   478.94,    97.53
  478.65,   480.32,   222.48
  481.93,   481.71,   347.43
  473.16,   603.91,    96.20
  476.45,   605.30,   221.15
  479.73,   606.69,   346.10
  470.96,   728.88,    94.87
  474.24,   730.27,   219.82
  477.52,   731.66,   344.77
  600.30,   481.11,    94.22
  603.59,   482.49,   219.17
  606.87,   483.88,   344.12
  598.10,   606.08,    92.89
  601.38,   607.47,   217.84
  604.67,   608.85,   342.79
  595.90,   731.05,    91.56
  599.18,   732.44,   216.51
  602.46,   733.83,   341.46
  351.03,   473.92,   226.56
  353.65,   473.33,   351.53
  356.26,   472.73,   476.50
  350.45,   598.92,   227.17
  353.07,   598.32,   352.14
  355.68,   597.73,   477.11
  349.87,   723.92,   227.78
  352.48,   723.32,   352.75
  355.10,   722.72,   477.72
  476.00,   474.52,   223.95
  478.62,   473.92,   348.92
  481.23,   473.32,   473.89
  475.42,   599.51,   224.56
  478.04,   598.92,   349.53
  480.65,   598.32,   474.50
  474.84,   724.51,   225.17
  477.46,   723.91,   350.14
  480.07,   723.32,   475.11
  600.97,   475.11,   221.34
  603.59,   474.51,   346.31
  606.21,   473.92,   471.28
  600.39,   600.11,   221.94
  603.01,   599.51,   346.92
  605.62,   598.91,   471.89
  599.81,   725.10,   222.55
  602.43,   724.51,   347.52
  605.04,   723.91,   472.50
  351.79,   473.67,   351.35
  352.12,   477.18,   476.30
  352.45,   480.69,   601.25
  348.93,   598.59,   347.85
  349.26,   602.10,   472.80
  349.59,   605.61,   597.75
  346.08,   723.51,   344.35
  346.41,   727.02,   469.30
  346.74,   730.52,   594.25
  476.76,   476.52,   350.94
  477.08,   480.02,   475.89
  477.41,   483.53,   600.84
  473.90,   601.44,   347.44
  474.23,   604.94,   472.39
  474.56,   608.45,   597.34
  471.05,   726.35,   343.94
  471.38,   729.86,   468.89
  471.71,   733.37,   593.84
  601.72,   479.36,   350.53
  602.05,   482.87,   475.48
  602.38,   486.37,   600.43
  598.87,   604.28,   347.03
  599.20,   607.79,   471.98
  599.53,   611.29,   596.93
  596.01,   729.20,   343.53
  596.34,   732.70,   468.48
  596.67,   736.21,   593.43
  348.70,   473.28,   474.58
  352.06,   475.27,   599.52
  355.42,   477.27,   724.46
  349.18,   598.26,   472.57
  352.54,   600.26,   597.51
  355.90,   602.25,   722.45
  349.66,   723.24,   470.56
  353.02,   725.24,   595.50
  356.38,   727.24,   720.44
  473.65,   472.75,   471.22
  477.01,   474.74,   596.16
  480.38,   476.74,   721.10
  474.13,   597.73,   469.22
  477.49,   599.72,   594.15
  480.86,   601.72,   719.09
  474.61,   722.71,   467.21
  477.97,   724.71,   592.15
  481.34,   726.70,   717.08
  598.61,   472.21,   467.87
  601.97,   474.21,   592.81
  605.33,   476.20,   717.75
  599.08,   597.19,   465.86
  602.45,   599.19,   590.80
  605.81,   601.19,   715.74
  599.56,   722.18,   463.85
  602.93,   724.17,   588.79
  606.29,   726.17,   713.73
  351.20,   476.87,   598.94
  350.69,   479.40,   723.91
  350.18,   481.92,   848.88
  352.59,   601.84,   596.42
  352.08,   604.36,   721.39
  351.57,   606.89,   846.37
  353.97,   726.81,   593.90
  353.47,   729.33,   718.88
  352.96,   731.85,   843.85
  476.19,   475.50,   599.47
  475.68,   478.02,   724.45
  475.17,   480.54,   849.42
  477.58,   600.46,   596.95
  477.07,   602.99,   721.93
  476.56,   605.51,   846.90
  478.96,   725.43,   594.44
  478.46,   727.95,   719.41
  477.95,   730.48,   844.38
  601.18,   474.12,   600.01
  600.67,   476.64,   724.98
  600.17,   479.17,   849.95
  602.57,   599.09,   597.49
  602.06,   601.61,   722.46
  601.55,   604.13,   847.44
  603.96,   724.05,   594.97
  603.45,   726.58,   719.95
  602.94,   729.10,   844.92
  348.21,   598.35,    98.91
  346.50,   600.58,   223.88
  344.79,   602.82,   348.85
  348.75,   723.33,    96.69
  347.04,   725.56,   221.66
  345.33,   727.80,   346.63
  349.30,   848.31,    94.46
  347.59,   850.54,   219.43
  345.88,   852.77,   344.40
  473.19,   597.84,   100.63
  471.48,   600.07,   225.60
  469.77,   602.30,   350.57
  473.74,   722.82,    98.41
  472.03,   725.05,   223.38
  470.32,   727.28,   348.35
  474.29,   847.79,    96.18
  472.58,   850.03,   221.15
  470.87,   852.26,   346.12
  598.18,   597.32,   102.35
  596.47,   599.55,   227.32
  594.76,   601.78,   352.29
  598.73,   722.30,   100.13
  597.02,   724.53,   225.10
  595.31,   726.76,   350.07
  599.28,   847.28,    97.90
  597.56,   849.51,   222.87
  595.85,   851.74,   347.84
  351.23,   600.20,   226.77
  349.77,   597.66,   351.74
  348.32,   595.13,   476.70
  350.22,   725.17,   229.29
  348.77,   722.63,   354.26
  347.31,   720.10,   479.22
  349.21,   850.14,   231.81
  347.76,   847.60,   356.78
  346.31,   845.07,   481.75
  476.21,   601.18,   228.24
  474.76,   598.64,   353.21
  473.31,   596.11,   478.17
  475.20,   726.15,   230.76
  473.75,   723.61,   355.73
  472.30,   721.08,   480.70
  474.19,   851.12,   233.29
  472.74,   848.58,   358.25
  471.29,   846.05,   483.22
  601.20,   602.15,   229.71
  599.75,   599.62,   354.68
  598.30,   597.09,   479.64
  600.19,   727.13,   232.24
  598.74,   724.59,   357.20
  597.29,   722.06,   482.17
  599.18,   852.10,   234.76
  597.73,   849.56,   359.72
  596.28,   847.03,   484.69
  348.16,   599.65,   349.69
  346.32,   603.12,   474.63
  344.49,   606.59,   599.57
  344.79,   724.55,   346.17
  342.95,   728.02,   471.11
  341.12,   731.50,   596.05
  341.41,   849.46,   342.65
  339.58,   852.93,   467.59
  337.75,   856.40,   592.53
  473.10,   603.07,   351.43
  471.26,   606.54,   476.37
  469.43,   610.01,   601.31
  469.73,   727.97,   347.91
  467.89,   731.44,   472.85
  466.06,   734.92,   597.79
  466.36,   852.88,   344.39
  464.52,   856.35,   469.33
  462.69,   859.82,   594.27
  598.04,   606.49,   353.17
  596.21,   609.96,   478.11
  594.37,   613.43,   603.05
  594.67,   731.39,   349.65
  592.84,   734.86,   474.59
  591.00,   738.34,   599.52
  591.30,   856.30,   346.13
  589.46,   859.77,   471.06
  587.63,   863.24,   596.00
  348.88,   601.54,   476.27
  350.83,   603.63,   601.23
  352.77,   605.72,   726.20
  348.37,   726.52,   474.18
  350.31,   728.61,   599.15
  352.25,   730.70,   724.12
  347.85,   851.51,   472.10
  349.80,   853.59,   597.07
  351.74,   855.68,   722.04
  473.87,   602.03,   474.32
  475.81,   604.11,   599.28
  477.75,   606.20,   724.25
  473.35,   727.01,   472.24
  475.29,   729.09,   597.20
  477.24,   731.18,   722.17
  472.84,   851.99,   470.16
  474.78,   854.08,   595.12
  476.72,   856.16,   720.09
  598.85,   602.51,   472.37
  600.79,   604.60,   597.33
  602.73,   606.68,   722.30
  598.34,   727.49,   470.29
  600.28,   729.58,   595.25
  602.22,   731.66,   720.22
  597.82,   852.47,   468.21
  599.76,   854.56,   593.17
  601.71,   856.65,   718.14
  349.44,   599.00,   600.23
  350.52,   601.29,   725.20
  351.60,   603.57,   850.18
  348.86,   723.98,   597.95
  349.94,   726.27,   722.92
  351.02,   728.55,   847.90
  348.28,   848.96,   595.67
  349.36,   851.24,   720.64
  350.43,   853.53,   845.62
  474.44,   599.57,   599.14
  475.52,   601.85,   724.11
  476.59,   604.14,   849.09
  473.86,   724.54,   596.86
  474.93,   726.83,   721.83
  476.01,   729.11,   846.81
  473.27,   849.52,   594.58
  474.35,   851.81,   719.55
  475.43,   854.09,   844.53
  599.43,   600.13,   598.05
  600.51,   602.41,   723.03
  601.59,   604.70,   848.00
  598.85,   725.11,   595.77
  599.93,   727.39,   720.75
  601.00,   729.68,   845.72
  598.27,   850.08,   593.49
  599.35,   852.37,   718.47
  600.42,   854.65,   843.44
  473.04,    99.57,    98.32
  474.79,    98.67,   223.31
  476.55,    97.76,   348.29
  473.90,   224.57,    99.21
  475.65,   223.66,   224.20
  477.41,   222.76,   349.18
  474.76,   349.56,   100.11
  476.51,   348.66,   225.09
  478.27,   347.75,   350.08
  598.02,    98.72,    96.56
  599.78,    97.82,   221.54
  601.53,    96.91,   346.53
  598.88,   223.72,    97.45
  600.64,   222.81,   222.44
  602.39,   221.91,   347.42
  599.74,   348.71,    98.35
  601.50,   347.81,   223.33
  603.25,   346.90,   348.32
  723.01,    97.88,    94.80
  724.76,    96.97,   219.78
  726.52,    96.06,   344.77
  723.87,   222.87,    95.69
  725.62,   221.96,   220.68
  727.38,   221.06,   345.66
  724.73,   347.86,    96.59
  726.48,   346.96,   221.57
  728.24,   346.05,   346.55
  476.74,    98.65,   225.97
  478.51,   100.31,   350.95
  480.27,   101.96,   475.93
  475.58,   223.63,   224.33
  477.35,   225.29,   349.31
  479.11,   226.94,   474.29
  474.42,   348.62,   222.70
  476.19,   350.27,   347.67
  477.95,   351.93,   472.65
  601.72,    99.79,   224.19
  603.49,   101.44,   349.17
  605.26,   103.10,   474.14
  600.56,   224.77,   222.55
  602.33,   226.43,   347.53
  604.10,   228.08,   472.50
  599.40,   349.76,   220.91
  601.17,   351.41,   345.89
  602.94,   353.07,   470.87
  726.70,   100.92,   222.41
  728.47,   102.58,   347.38
  730.24,   104.24,   472.36
  725.54,   225.91,   220.77
  727.31,   227.56,   345.75
  729.08,   229.22,   470.72
  724.38,   350.89,   219.13
  726.15,   352.55,   344.11
  727.92,   354.20,   469.08
  476.22,   100.57,   348.40
  476.15,   100.68,   473.40
  476.08,   100.79,   598.40
  473.15,   225.53,   348.29
  473.08,   225.64,   473.29
  473.01,   225.75,   598.28
  470.08,   350.49,   348.17
  470.01,   350.60,   473.17
  469.94,   350.71,   598.17
  601.18,   103.64,   348.46
  601.11,   103.75,   473.46
  601.04,   103.86,   598.46
  598.11,   228.60,   348.35
  598.04,   228.71,   473.35
  597.97,   228.82,   598.35
  595.04,   353.56,   348.24
  594.97,   353.67,   473.24
  594.90,   353.78,   598.24
  726.14,   106.71,   348.53
  726.07,   106.82,   473.53
  726.00,   106.93,   598.53
  723.07,   231.67,   348.42
  723.00,   231.78,   473.42
  722.93,   231.89,   598.42
  720.00,   356.63,   348.31
  719.93,   356.74,   473.31
  719.86,   356.85,   598.31
  475.68,    98.18,   476.26
  476.94,    94.56,   601.20
  478.20,    90.93,   726.14
  475.76,   223.13,   479.88
  477.02,   219.51,   604.82
  478.29,   215.88,   729.76
  475.84,   348.08,   483.51
  477.11,   344.45,   608.45
  478.37,   340.83,   733.39
  600.67,    98.14,   474.99
  601.93,    94.51,   599.93
  603.20,    90.89,   724.87
  600.75,   223.08,   478.62
  602.02,   219.46,   603.56
  603.28,   215.83,   728.50
  600.84,   348.03,   482.24
  602.10,   344.41,   607.18
  603.36,   340.78,   732.12
  725.66,    98.09,   473.73
  726.93,    94.46,   598.67
  728.19,    90.84,   723.61
  725.75,   223.04,   477.35
  727.01,   219.41,   602.29
  728.27,   215.79,   727.23
  725.83,   347.98,   480.97
  727.10,   344.36,   605.92
  728.36,   340.73,   730.86
  476.83,    98.07,   598.10
  473.92,    99.13,   723.06
  471.01,   100.19,   848.02
  476.39,   223.07,   597.03
  473.48,   224.13,   721.99
  470.57,   225.19,   846.95
  475.94,   348.06,   595.96
  473.03,   349.12,   720.92
  470.12,   350.18,   845.88
  601.79,    98.54,   601.01
  598.88,    99.60,   725.97
  595.97,   100.66,   850.93
  601.35,   223.53,   599.94
  598.44,   224.59,   724.90
  595.53,   225.66,   849.86
  600.91,   348.53,   598.86
  598.00,   349.59,   723.83
  595.09,   350.65,   848.79
  726.76,    99.00,   603.91
  723.85,   100.07,   728.88
  720.94,   101.13,   853.84
  726.32,   224.00,   602.84
  723.41,   225.06,   727.80
  720.50,   226.12,   852.77
  725.87,   348.99,   601.77
  722.96,   350.06,   726.73
  720.05,   351.12,   851.69
  474.78,   224.31,    98.36
  472.03,   223.92,   223.33
  469.29,   223.52,   348.29
  471.03,   349.25,    98.66
  468.29,   348.86,   223.63
  465.54,   348.47,   348.60
  467.28,   474.19,    98.97
  464.54,   473.80,   223.94
  461.79,   473.41,   348.91
  599.69,   228.05,   101.11
  596.95,   227.66,   226.08
  594.20,   227.27,   351.05
  595.94,   352.99,   101.42
  593.20,   352.60,   226.39
  590.45,   352.21,   351.36
  592.20,   477.93,   101.73
  589.45,   477.54,   226.70
  586.71,   477.15,   351.67
  724.61,   231.79,   103.87
  721.86,   231.40,   228.84
  719.12,   231.01,   353.81
  720.86,   356.73,   104.18
  718.11,   356.34,   229.14
  715.37,   355.95,   354.11
  717.11,   481.68,   104.48
  714.36,   481.28,   229.45
  711.62,   480.89,   354.42
  476.99,   223.80,   223.01
  479.51,   226.87,   347.95
  482.03,   229.93,   472.89
  475.31,   348.76,   219.98
  477.84,   351.82,   344.92
  480.36,   354.88,   469.86
  473.64,   473.71,   216.96
  476.16,   476.77,   341.89
  478.69,   479.83,   466.83
  601.95,   225.41,   220.45
  604.47,   228.48,   345.39
  606.99,   231.54,   470.32
  600.28,   350.37,   217.42
  602.80,   353.43,   342.36
  605.32,   356.49,   467.29
  598.60,   475.32,   214.39
  601.13,   478.38,   339.33
  603.65,   481.44,   464.27
  726.91,   227.02,   217.89
  729.44,   230.09,   342.82
  731.96,   233.15,   467.76
  725.24,   351.98,   214.86
  727.76,   355.04,   339.79
  730.29,   358.10,   464.73
  723.57,   476.93,   211.83
  726.09,   479.99,   336.77
  728.61,   483.05,   461.70
  474.56,   223.10,   351.01
  476.53,   226.69,   475.95
  478.50,   230.27,   600.88
  471.97,   348.03,   347.47
  473.94,   351.61,   472.40
  475.91,   355.20,   597.34
  469.37,   472.95,   343.93
  471.34,   476.53,   468.86
  473.31,   480.12,   593.79
  599.52,   225.64,   348.97
  601.49,   229.23,   473.90
  603.46,   232.81,   598.84
  596.93,   350.56,   345.43
  598.89,   354.15,   470.36
  600.86,   357.73,   595.29
  594.33,   475.49,   341.88
  596.30,   479.07,   466.82
  598.27,   482.66,   591.75
  724.48,   228.18,   346.93
  726.45,   231.76,   471.86
  728.42,   235.35,   596.80
  721.88,   353.10,   343.39
  723.85,   356.69,   468.32
  725.82,   360.27,   593.25
  719.29,   478.02,   339.84
  721.26,   481.61,   464.77
  723.23,   485.19,   589.71
  473.22,   225.88,   476.52
  471.71,   229.46,   601.46
  470.21,   233.05,   726.40
  471.29,   350.81,   472.91
  469.79,   354.40,   597.85
  468.28,   357.98,   722.79
  469.36,   475.74,   469.30
  467.86,   479.33,   594.24
  466.36,   482.92,   719.18
  598.19,   227.85,   477.96
  596.69,   231.43,   602.90
  595.19,   235.02,   727.84
  596.26,   352.78,   474.35
  594.76,   356.37,   599.29
  593.26,   359.95,   724.23
  594.34,   477.71,   470.74
  592.83,   481.30,   595.68
  591.33,   484.89,   720.62
  723.17,   229.82,   479.41
  721.67,   233.40,   604.35
  720.16,   236.99,   729.29
  721.24,   354.75,   475.80
  719.74,   358.34,   600.74
  718.24,   361.92,   725.68
  719.31,   479.68,   472.19
  717.81,   483.27,   597.13
  716.31,   486.86,   722.07
  473.08,   226.40,   600.84
  471.98,   228.83,   725.81
  470.88,   231.26,   850.78
  476.16,   351.34,   598.44
  475.06,   353.77,   723.41
  473.96,   356.20,   848.38
  479.24,   476.28,   596.04
  478.14,   478.71,   721.01
  477.04,   481.14,   845.98
  598.04,   223.35,   602.00
  596.94,   225.77,   726.97
  595.84,   228.20,   851.94
  601.12,   348.29,   599.60
  600.02,   350.71,   724.57
  598.92,   353.14,   849.54
  604.20,   473.23,   597.20
  603.10,   475.65,   722.17
  602.00,   478.08,   847.14
  723.00,   220.29,   603.16
  721.90,   222.72,   728.13
  720.80,   225.14,   853.10
  726.08,   345.23,   600.76
  724.98,   347.66,   725.73
  723.88,   350.08,   850.70
  729.15,   470.17,   598.36
  728.05,   472.60,   723.33
  726.95,   475.02,   848.30
  476.48,   348.25,   100.60
  476.35,   346.79,   225.60
  476.22,   345.34,   350.59
  477.98,   473.23,   102.06
  477.85,   471.77,   227.05
  477.73,   470.32,   352.04
  479.49,   598.21,   103.52
  479.36,   596.76,   228.51
  479.23,   595.30,   353.50
  601.47,   346.74,   100.71
  601.34,   345.29,   225.71
  601.21,   343.83,   350.70
  602.97,   471.72,   102.17
  602.85,   470.27,   227.16
  602.72,   468.81,   352.15
  604.48,   596.71,   103.63
  604.35,   595.25,   228.62
  604.22,   593.80,   353.61
  726.46,   345.24,   100.82
  726.33,   343.78,   225.82
  726.20,   342.33,   350.81
  727.96,   470.22,   102.28
  727.84,   468.76,   227.27
  727.71,   467.31,   352.26
  729.47,   595.20,   103.74
  729.34,   593.75,   228.73
  729.21,   592.29,   353.72
  476.78,   351.51,   223.78
  476.01,   352.79,   348.77
  475.24,   354.07,   473.76
  479.09,   476.48,   222.51
  478.32,   477.76,   347.51
  477.54,   479.05,   472.50
  481.40,   601.45,   221.25
  480.62,   602.74,   346.24
  479.85,   604.02,   471.23
  601.76,   349.21,   224.58
  600.99,   350.49,   349.57
  600.21,   351.77,   474.56
  604.07,   474.18,   223.31
  603.29,   475.47,   348.30
  602.52,   476.75,   473.29
  606.37,   599.16,   222.05
  605.60,   600.44,   347.04
  604.82,   601.72,   472.03
  726.74,   346.91,   225.38
  725.96,   348.19,   350.37
  725.19,   349.48,   475.36
  729.04,   471.89,   224.11
  728.27,   473.17,   349.10
  727.49,   474.45,   474.09
  731.35,   596.86,   222.84
  730.58,   598.14,   347.83
  729.80,   599.42,   472.83
  474.61,   350.34,   351.35
  474.40,   349.58,   476.34
  474.19,   348.81,   601.34
  476.57,   475.32,   352.11
  476.36,   474.56,   477.11
  476.15,   473.80,   602.11
  478.53,   600.30,   352.88
  478.32,   599.54,   477.88
  478.10,   598.78,   602.87
  599.60,   348.38,   351.55
  599.39,   347.62,   476.54
  599.17,   346.86,   601.54
  601.56,   473.36,   352.31
  601.34,   472.60,   477.31
  601.13,   471.84,   602.31
  603.51,   598.34,   353.08
  603.30,   597.58,   478.08
  603.09,   596.82,   603.07
  724.58,   346.42,   351.75
  724.37,   345.66,   476.75
  724.16,   344.90,   601.74
  726.54,   471.40,   352.51
  726.33,   470.64,   477.51
  726.12,   469.88,   602.51
  728.50,   596.39,   353.28
  728.29,   595.62,   478.28
  728.07,   594.86,   603.27
  473.41,   351.77,   474.54
  477.01,   352.28,   599.49
  480.61,   352.80,   724.44
  476.72,   476.73,   473.93
  480.32,   477.24,   598.88
  483.92,   477.75,   723.83
  480.04,   601.68,   473.33
  483.64,   602.19,   598.28
  487.24,   602.70,   723.22
  598.31,   348.44,   470.96
  601.91,   348.95,   595.90
  605.51,   349.46,   720.85
  601.63,   473.40,   470.35
  605.23,   473.91,   595.30
  608.83,   474.42,   720.24
  604.94,   598.35,   469.74
  608.54,   598.86,   594.69
  612.14,   599.37,   719.64
  723.22,   345.11,   467.37
  726.82,   345.62,   592.32
  730.42,   346.13,   717.26
  726.53,   470.07,   466.76
  730.13,   470.58,   591.71
  733.73,   471.09,   716.66
  729.85,   595.02,   466.16
  733.45,   595.53,   591.10
  737.05,   596.04,   716.05
  475.64,   350.86,   598.03
  474.97,   352.15,   723.02
  474.31,   353.45,   848.01
  472.82,   475.82,   596.72
  472.16,   477.11,   721.71
  471.49,   478.41,   846.70
  470.01,   600.78,   595.41
  469.34,   602.08,   720.40
  468.67,   603.37,   845.39
  600.61,   353.68,   598.67
  599.94,   354.98,   723.66
  599.27,   356.27,   848.65
  597.79,   478.64,   597.36
  597.12,   479.94,   722.35
  596.46,   481.24,   847.34
  594.97,   603.60,   596.05
  594.31,   604.90,   721.04
  593.64,   606.20,   846.03
  725.57,   356.50,   599.31
  724.91,   357.80,   724.30
  724.24,   359.10,   849.29
  722.76,   481.47,   598.00
  722.09,   482.76,   722.99
  721.42,   484.06,   847.98
  719.94,   606.43,   596.68
  719.27,   607.72,   721.67
  718.61,   609.02,   846.67
  476.92,   474.13,    98.22
  476.99,   470.49,   223.17
  477.05,   466.85,   348.12
  476.96,   599.08,   101.86
  477.02,   595.44,   226.81
  477.08,   591.79,   351.76
  476.99,   724.03,   105.51
  477.06,   720.38,   230.45
  477.12,   716.74,   355.40
  601.92,   474.10,    98.16
  601.99,   470.46,   223.10
  602.05,   466.81,   348.05
  601.96,   599.05,   101.80
  602.02,   595.40,   226.75
  602.08,   591.76,   351.69
  601.99,   723.99,   105.44
  602.06,   720.35,   230.39
  602.12,   716.71,   355.34
  726.92,   474.07,    98.09
  726.99,   470.42,   223.04
  727.05,   466.78,   347.99
  726.96,   599.02,   101.74
  727.02,   595.37,   226.68
  727.08,   591.73,   351.63
  726.99,   723.96,   105.38
  727.06,   720.32,   230.33
  727.12,   716.68,   355.27
  474.74,   473.90,   226.95
  472.50,   476.87,   351.89
  470.26,   479.84,   476.84
  477.00,   598.85,   224.02
  474.76,   601.82,   348.97
  472.52,   604.78,   473.91
  479.25,   723.80,   221.10
  477.01,   726.76,   346.04
  474.77,   729.73,   470.99
  599.70,   471.70,   229.24
  597.46,   474.67,   354.19
  595.22,   477.64,   479.13
  601.96,   596.65,   226.32
  599.72,   599.62,   351.26
  597.48,   602.58,   476.21
  604.21,   721.59,   223.39
  601.97,   724.56,   348.33
  599.73,   727.53,   473.28
  724.66,   469.50,   231.54
  722.42,   472.47,   356.48
  720.18,   475.44,   481.42
  726.92,   594.45,   228.61
  724.68,   597.42,   353.55
  722.44,   600.38,   478.50
  729.17,   719.39,   225.68
  726.93,   722.36,   350.63
  724.69,   725.33,   475.57
  474.57,   476.55,   348.74
  471.11,   477.93,   473.68
  467.66,   479.31,   598.63
  472.91,   601.53,   347.31
  469.46,   602.91,   472.25
  466.00,   604.29,   597.20
  471.25,   726.51,   345.88
  467.80,   727.89,   470.83
  464.34,   729.27,   595.77
  599.51,   478.24,   352.17
  596.05,   479.62,   477.12
  592.60,   481.01,   602.06
  597.85,   603.22,   350.75
  594.40,   604.60,   475.69
  590.94,   605.99,   600.64
  596.19,   728.20,   349.32
  592.74,   729.59,   474.26
  589.28,   730.97,   599.21
  724.45,   479.94,   355.61
  721.00,   481.32,   480.55
  717.54,   482.70,   605.50
  722.79,   604.92,   354.18
  719.34,   606.30,   479.13
  715.88,   607.68,   604.07
  721.14,   729.90,   352.75
  717.68,   731.28,   477.70
  714.23,   732.66,   602.64
  474.60,   473.24,   476.39
  471.84,   472.30,   601.36
  469.09,   471.36,   726.33
  473.14,   598.22,   477.30
  470.38,   597.28,   602.27
  467.63,   596.34,   727.24
  471.67,   723.21,   478.21
  468.92,   722.27,   603.18
  466.16,   721.33,   728.14
  599.56,   474.68,   479.16
  596.80,   473.74,   604.13
  594.05,   472.80,   729.09
  598.10,   599.67,   480.07
  595.34,   598.73,   605.03
  592.59,   597.79,   730.00
  596.63,   724.65,   480.98
  593.88,   723.71,   605.94
  591.12,   722.77,   730.91
  724.52,   476.12,   481.93
  721.77,   475.18,   606.89
  719.01,   474.24,   731.86
  723.06,   601.11,   482.83
  720.30,   600.17,   607.80
  717.55,   599.23,   732.77
  721.59,   726.10,   483.74
  718.84,   725.16,   608.71
  716.09,   724.22,   733.67
  475.09,   474.80,   601.99
  477.91,   477.71,   726.93
  480.72,   480.63,   851.86
  477.59,   599.74,   599.02
  480.40,   602.65,   723.95
  483.22,   605.57,   848.89
  480.08,   724.67,   596.05
  482.90,   727.59,   720.98
  485.71,   730.51,   845.92
  600.03,   472.23,   599.24
  602.85,   475.15,   724.17
  605.67,   478.07,   849.11
  602.53,   597.17,   596.26
  605.35,   600.09,   721.20
  608.16,   603.01,   846.13
  605.03,   722.11,   593.29
  607.84,   725.03,   718.23
  610.66,   727.95,   843.16
  724.98,   469.67,   596.48
  727.79,   472.59,   721.42
  730.61,   475.51,   846.35
  727.47,   594.61,   593.51
  730.29,   597.53,   718.44
  733.10,   600.45,   843.38
  729.97,   719.55,   590.54
  732.79,   722.47,   715.47
  735.60,   725.39,   840.40
  475.51,   601.85,    99.50
  474.80,   600.15,   224.48
  474.09,   598.44,   349.47
  473.54,   726.83,   101.19
  472.84,   725.12,   226.18
  472.13,   723.42,   351.16
  471.58,   851.80,   102.89
  470.87,   850.09,   227.87
  470.16,   848.39,   352.86
  600.49,   603.81,   100.23
  599.78,   602.10,   225.22
  599.07,   600.40,   350.20
  598.52,   728.78,   101.92
  597.82,   727.07,   226.91
  597.11,   725.37,   351.90
  596.56,   853.75,   103.62
  595.85,   852.05,   228.60
  595.15,   850.34,   353.59
  725.47,   605.76,   100.96
  724.76,   604.06,   225.95
  724.06,   602.35,   350.94
  723.51,   730.73,   102.66
  722.80,   729.03,   227.64
  722.09,   727.32,   352.63
  721.54,   855.71,   104.35
  720.84,   854.00,   229.34
  720.13,   852.30,   354.32
  474.69,   600.56,   224.46
  472.40,   597.18,   349.39
  470.11,   593.81,   474.32
  473.71,   725.51,   227.82
  471.42,   722.14,   352.75
  469.13,   718.76,   477.68
  472.73,   850.46,   231.18
  470.44,   847.09,   356.11
  468.16,   843.71,   481.05
  599.66,   601.48,   226.77
  597.37,   598.10,   351.70
  595.09,   594.72,   476.64
  598.68,   726.43,   230.13
  596.40,   723.05,   355.06
  594.11,   719.67,   480.00
  597.71,   851.38,   233.49
  595.42,   848.00,   358.43
  593.13,   844.62,   483.36
  724.64,   602.39,   229.08
  722.35,   599.01,   354.02
  720.06,   595.64,   478.95
  723.66,   727.34,   232.44
  721.37,   723.97,   357.38
  719.08,   720.59,   482.31
  722.68,   852.30,   235.81
  720.40,   848.92,   360.74
  718.11,   845.54,   485.67
  476.40,   598.51,   348.38
  475.85,   597.18,   473.37
  475.30,   595.86,   598.36
  477.42,   723.50,   349.71
  476.87,   722.17,   474.70
  476.32,   720.85,   599.69
  478.43,   848.48,   351.04
  477.88,   847.16,   476.03
  477.33,   845.83,   601.02
  601.39,   597.49,   348.92
  600.84,   596.16,   473.91
  600.29,   594.83,   598.90
  602.41,   722.47,   350.25
  601.86,   721.15,   475.24
  601.31,   719.82,   600.23
  603.43,   847.46,   351.58
  602.88,   846.14,   476.57
  602.33,   844.81,   601.56
  726.39,   596.46,   349.46
  725.84,   595.14,   474.45
  725.29,   593.81,   599.44
  727.41,   721.45,   350.79
  726.86,   720.13,   475.78
  726.30,   718.80,   600.77
  728.42,   846.44,   352.12
  727.87,   845.12,   477.11
  727.32,   843.79,   602.10
  476.09,   599.00,   474.43
  476.02,   602.21,   599.39
  475.95,   605.43,   724.34
  475.47,   723.95,   471.21
  475.40,   727.17,   596.17
  475.32,   730.38,   721.13
  474.84,   848.91,   467.99
  474.77,   852.13,   592.95
  474.70,   855.34,   717.91
  601.09,   599.62,   474.48
  601.02,   602.84,   599.44
  600.95,   606.05,   724.40
  600.47,   724.58,   471.27
  600.39,   727.79,   596.23
  600.32,   731.01,   721.19
  599.84,   849.54,   468.05
  599.77,   852.75,   593.01
  599.70,   855.97,   717.97
  726.09,   600.25,   474.54
  726.02,   603.46,   599.50
  725.94,   606.68,   724.46
  725.47,   725.21,   471.33
  725.39,   728.42,   596.28
  725.32,   731.64,   721.24
  724.84,   850.16,   468.11
  724.77,   853.38,   593.07
  724.69,   856.59,   718.03
  473.33,   599.17,   600.04
  470.48,   599.26,   725.01
  467.63,   599.35,   849.98
  475.12,   724.16,   599.99
  472.27,   724.25,   724.96
  469.42,   724.34,   849.92
  476.90,   849.14,   599.94
  474.06,   849.23,   724.91
  471.21,   849.33,   849.87
  598.28,   597.38,   602.89
  595.43,   597.47,   727.86
  592.59,   597.57,   852.83
  600.07,   722.37,   602.84
  597.22,   722.46,   727.81
  594.37,   722.55,   852.77
  601.86,   847.36,   602.79
  599.01,   847.45,   727.76
  596.16,   847.54,   852.72
  723.24,   595.60,   605.74
  720.39,   595.69,   730.71
  717.54,   595.78,   855.68
  725.03,   720.58,   605.69
  722.18,   720.68,   730.66
  719.33,   720.77,   855.62
  726.81,   845.57,   605.64
  723.96,   845.66,   730.61
  721.12,   845.75,   855.57
  599.18,    98.63,    99.30
  596.28,    94.86,   224.21
  593.38,    91.10,   349.11
  596.69,   223.55,   103.00
  593.79,   219.79,   227.91
  590.89,   216.02,   352.82
  594.21,   348.47,   106.70
  591.31,   344.71,   231.61
  588.41,   340.94,   356.52
  724.12,   101.02,   102.27
  721.22,    97.26,   227.18
  718.32,    93.50,   352.09
  721.64,   225.94,   105.97
  718.74,   222.18,   230.88
  715.84,   218.42,   355.79
  719.15,   350.87,   109.68
  716.25,   347.10,   234.59
  713.35,   343.34,   359.50
  849.06,   103.42,   105.24
  846.16,    99.66,   230.15
  843.26,    95.90,   355.06
  846.58,   228.34,   108.95
  843.68,   224.58,   233.85
  840.78,   220.82,   358.76
  844.09,   353.26,   112.65
  841.19,   349.50,   237.56
  838.29,   345.74,   362.47
  598.21,   101.22,   226.94
  601.41,   100.16,   351.89
  604.61,    99.10,   476.85
  595.36,   226.18,   228.07
  598.56,   225.12,   353.03
  601.76,   224.06,   477.98
  592.51,   351.15,   229.21
  595.71,   350.08,   354.16
  598.91,   349.02,   479.12
  723.13,   104.10,   223.76
  726.34,   103.04,   348.71
  729.54,   101.98,   473.67
  720.28,   229.06,   224.89
  723.49,   228.00,   349.85
  726.69,   226.94,   474.80
  717.43,   354.02,   226.03
  720.64,   352.96,   350.98
  723.84,   351.90,   475.94
  848.06,   106.98,   220.58
  851.26,   105.92,   345.54
  854.47,   104.85,   470.49
  845.21,   231.94,   221.72
  848.41,   230.88,   346.67
  851.62,   229.82,   471.62
  842.36,   356.90,   222.85
  845.56,   355.84,   347.81
  848.77,   354.78,   472.76
  599.51,   101.77,   349.46
  597.05,    98.21,   474.39
  594.60,    94.64,   599.31
  597.91,   226.71,   353.00
  595.46,   223.15,   477.92
  593.00,   219.58,   602.85
  596.32,   351.65,   356.53
  593.86,   348.09,   481.46
  591.40,   344.52,   606.38
  724.48,   103.30,   351.96
  722.02,    99.73,   476.89
  719.56,    96.17,   601.81
  722.88,   228.24,   355.50
  720.42,   224.67,   480.42
  717.97,   221.11,   605.35
  721.28,   353.18,   359.03
  718.83,   349.61,   483.96
  716.37,   346.05,   608.88
  849.44,   104.83,   354.46
  846.98,   101.26,   479.39
  844.53,    97.69,   604.31
  847.84,   229.77,   358.00
  845.39,   226.20,   482.92
  842.93,   222.63,   607.85
  846.25,   354.71,   361.53
  843.79,   351.14,   486.46
  841.34,   347.57,   611.38
  598.66,    98.32,   476.74
  596.69,    96.50,   601.71
  594.71,    94.68,   726.69
  599.68,   223.31,   478.58
  597.70,   221.48,   603.55
  595.73,   219.66,   728.52
  600.70,   348.29,   480.42
  598.72,   346.47,   605.39
  596.75,   344.64,   730.36
  723.64,    97.28,   478.70
  721.67,    95.45,   603.67
  719.69,    93.63,   728.65
  724.66,   222.26,   480.54
  722.68,   220.44,   605.51
  720.71,   218.61,   730.49
  725.68,   347.24,   482.38
  723.70,   345.42,   607.35
  721.73,   343.60,   732.32
  848.62,    96.23,   480.66
  846.65,    94.41,   605.64
  844.67,    92.58,   730.61
  849.64,   221.21,   482.50
  847.66,   219.39,   607.47
  845.69,   217.57,   732.45
  850.66,   346.20,   484.34
  848.68,   344.37,   609.31
  846.71,   342.55,   734.29
  601.68,    99.34,   599.29
  602.30,    99.12,   724.29
  602.92,    98.90,   849.28
  600.04,   224.33,   599.51
  600.67,   224.11,   724.51
  601.29,   223.89,   849.51
  598.41,   349.32,   599.74
  599.03,   349.10,   724.74
  599.65,   348.88,   849.74
  726.67,   100.97,   598.67
  727.29,   100.75,   723.67
  727.91,   100.54,   848.67
  725.03,   225.96,   598.90
  725.65,   225.74,   723.89
  726.27,   225.52,   848.89
  723.40,   350.95,   599.12
  724.02,   350.73,   724.12
  724.64,   350.51,   849.12
  851.65,   102.61,   598.05
  852.27,   102.39,   723.05
  852.90,   102.17,   848.05
  850.02,   227.60,   598.28
  850.64,   227.38,   723.28
  851.26,   227.16,   848.27
  848.39,   352.59,   598.50
  849.01,   352.37,   723.50
  849.63,   352.15,   848.50
  599.26,   226.71,    99.65
  599.44,   228.05,   224.64
  599.63,   229.39,   349.63
  598.51,   351.70,    98.31
  598.70,   353.04,   223.30
  598.88,   354.38,   348.29
  597.76,   476.69,    96.97
  597.95,   478.03,   221.96
  598.13,   479.37,   346.96
  724.26,   227.46,    99.45
  724.44,   228.79,   224.45
  724.62,   230.13,   349.44
  723.51,   352.45,    98.12
  723.69,   353.78,   223.11
  723.88,   355.12,   348.10
  722.76,   477.44,    96.78
  722.95,   478.78,   221.77
  723.13,   480.11,   346.77
  849.26,   228.20,    99.26
  849.44,   229.54,   224.26
  849.62,   230.88,   349.25
  848.51,   353.19,    97.93
  848.69,   354.53,   222.92
  848.87,   355.87,   347.91
  847.76,   478.18,    96.59
  847.94,   479.52,   221.58
  848.13,   480.86,   346.58
  601.99,   226.90,   226.06
  602.89,   224.05,   351.03
  603.79,   221.20,   475.99
  599.53,   351.84,   228.93
  600.43,   348.99,   353.89
  601.33,   346.14,   478.86
  597.06,   476.78,   231.80
  597.96,   473.93,   356.76
  598.86,   471.08,   481.73
  726.97,   229.38,   225.22
  727.86,   226.53,   350.18
  728.76,   223.68,   475.15
  724.50,   354.33,   228.09
  725.40,   351.48,   353.05
  726.30,   348.63,   478.02
  722.04,   479.27,   230.95
  722.93,   476.42,   355.92
  723.83,   473.57,   480.88
  851.94,   231.87,   224.38
  852.84,   229.02,   349.34
  853.74,   226.17,   474.31
  849.47,   356.81,   227.24
  850.37,   353.96,   352.21
  851.27,   351.11,   477.17
  847.01,   481.75,   230.11
  847.91,   478.90,   355.08
  848.81,   476.05,   480.04
  598.09,   226.12,   350.37
  599.78,   226.52,   475.35
  601.47,   226.92,   600.34
  598.49,   351.12,   349.96
  600.18,   351.52,   474.95
  601.87,   351.92,   599.94
  598.90,   476.12,   349.55
  600.59,   476.52,   474.54
  602.28,   476.92,   599.53
  723.07,   225.71,   348.68
  724.76,   226.11,   473.67
  726.45,   226.51,   598.65
  723.48,   350.71,   348.27
  725.17,   351.11,   473.26
  726.86,   351.51,   598.25
  723.89,   475.71,   347.87
  725.58,   476.11,   472.85
  727.27,   476.51,   597.84
  848.06,   225.29,   346.99
  849.75,   225.69,   471.98
  851.44,   226.09,   596.96
  848.47,   350.29,   346.58
  850.16,   350.69,   471.57
  851.85,   351.09,   596.56
  848.88,   475.29,   346.18
  850.57,   475.69,   471.16
  852.26,   476.09,   596.15
  598.13,   223.63,   474.41
  598.48,   227.34,   599.35
  598.82,   231.04,   724.30
  594.78,   348.53,   470.71
  595.12,   352.24,   595.66
  595.46,   355.94,   720.60
  591.42,   473.43,   467.02
  591.76,   477.14,   591.96
  592.10,   480.84,   716.91
  723.09,   226.98,   473.97
  723.43,   230.68,   598.91
  723.77,   234.39,   723.86
  719.73,   351.88,   470.27
  720.07,   355.58,   595.22
  720.42,   359.29,   720.16
  716.37,   476.78,   466.58
  716.72,   480.48,   591.52
  717.06,   484.19,   716.47
  848.04,   230.32,   473.53
  848.38,   234.03,   598.47
  848.73,   237.73,   723.42
  844.69,   355.22,   469.83
  845.03,   358.93,   594.78
  845.37,   362.63,   719.72
  841.33,   480.12,   466.14
  841.67,   483.83,   591.08
  842.01,   487.53,   716.03
  599.47,   225.44,   601.69
  603.09,   225.17,   726.64
  606.71,   224.91,   851.59
  602.06,   350.41,   601.88
  605.68,   350.15,   726.83
  609.30,   349.88,   851.77
  604.65,   475.38,   602.07
  608.27,   475.12,   727.01
  611.89,   474.86,   851.96
  724.39,   222.85,   598.07
  728.01,   222.59,   723.01
  731.63,   222.32,   847.96
  726.98,   347.82,   598.25
  730.60,   347.56,   723.20
  734.22,   347.30,   848.15
  729.57,   472.79,   598.44
  733.19,   472.53,   723.39
  736.82,   472.27,   848.34
  849.31,   220.26,   594.44
  852.93,   220.00,   719.39
  856.55,   219.74,   844.33
  851.90,   345.23,   594.63
  855.52,   344.97,   719.57
  859.14,   344.71,   844.52
  854.49,   470.21,   594.82
  858.11,   469.95,   719.76
  861.74,   469.68,   844.71
  601.16,   349.32,    98.79
  598.18,   350.93,   223.74
  595.20,   352.55,   348.70
  599.43,   474.30,    97.13
  596.45,   475.91,   222.09
  593.47,   477.53,   347.04
  597.69,   599.27,    95.48
  594.71,   600.89,   220.43
  591.73,   602.50,   345.39
  726.12,   351.09,   101.75
  723.14,   352.71,   226.70
  720.15,   354.32,   351.65
  724.38,   476.07,   100.09
  721.40,   477.68,   225.04
  718.42,   479.30,   350.00
  722.65,   601.05,    98.44
  719.67,   602.66,   223.39
  716.69,   604.28,   348.34
  851.07,   352.87,   104.70
  848.09,   354.48,   229.66
  845.11,   356.10,   354.61
  849.33,   477.84,   103.05
  846.35,   479.46,   228.00
  843.37,   481.07,   352.96
  847.60,   602.82,   101.39
  844.62,   604.44,   226.35
  841.64,   606.05,   351.30
  601.65,   350.99,   226.18
  602.60,   347.45,   351.12
  603.54,   343.90,   476.07
  598.77,   475.91,   229.74
  599.72,   472.36,   354.69
  600.67,   468.82,   479.64
  595.90,   600.83,   233.31
  596.85,   597.28,   358.26
  597.79,   593.73,   483.20
  726.61,   353.89,   225.31
  727.56,   350.35,   350.26
  728.51,   346.80,   475.20
  723.74,   478.81,   228.88
  724.68,   475.26,   353.83
  725.63,   471.72,   478.77
  720.86,   603.73,   232.45
  721.81,   600.18,   357.39
  722.75,   596.63,   482.34
  851.58,   356.80,   224.45
  852.52,   353.25,   349.39
  853.47,   349.70,   474.34
  848.70,   481.71,   228.02
  849.65,   478.17,   352.96
  850.59,   474.62,   477.91
  845.83,   606.63,   231.58
  846.77,   603.08,   356.53
  847.72,   599.53,   481.48
  598.99,   351.00,   351.82
  599.55,   351.12,   476.82
  600.10,   351.24,   601.82
  601.81,   475.97,   351.69
  602.37,   476.09,   476.69
  602.93,   476.21,   601.68
  604.64,   600.94,   351.55
  605.20,   601.06,   476.55
  605.75,   601.18,   601.55
  723.96,   348.18,   351.27
  724.51,   348.30,   476.27
  725.07,   348.42,   601.26
  726.78,   473.14,   351.13
  727.34,   473.26,   476.13
  727.89,   473.38,   601.13
  729.61,   598.11,   351.00
  730.16,   598.23,   476.00
  730.72,   598.35,   601.00
  848.92,   345.35,   350.71
  849.48,   345.47,   475.71
  850.04,   345.59,   600.71
  851.75,   470.32,   350.58
  852.30,   470.44,   475.58
  852.86,   470.56,   600.58
  854.57,   595.29,   350.45
  855.13,   595.41,   475.45
  855.69,   595.53,   600.44
  600.61,   350.89,   476.94
  600.81,   348.73,   601.92
  601.01,   346.57,   726.90
  603.05,   475.85,   479.09
  603.25,   473.69,   604.07
  603.45,   471.53,   729.05
  605.49,   600.81,   481.25
  605.69,   598.65,   606.23
  605.89,   596.49,   731.21
  725.58,   348.46,   476.69
  725.78,   346.30,   601.67
  725.99,   344.14,   726.66
  728.02,   473.41,   478.85
  728.22,   471.25,   603.83
  728.43,   469.09,   728.81
  730.46,   598.37,   481.00
  730.66,   596.21,   605.99
  730.87,   594.05,   730.97
  850.56,   346.02,   476.45
  850.76,   343.86,   601.43
  850.96,   341.70,   726.41
  853.00,   470.98,   478.60
  853.20,   468.82,   603.59
  853.40,   466.66,   728.57
  855.44,   595.93,   480.76
  855.64,   593.77,   605.74
  855.84,   591.61,   730.72
  599.22,   351.48,   600.43
  596.69,   347.87,   725.35
  594.17,   344.26,   850.27
  600.20,   476.42,   604.06
  597.68,   472.81,   728.98
  595.15,   469.20,   853.90
  601.18,   601.36,   607.68
  598.66,   597.76,   732.61
  596.13,   594.15,   857.53
  724.19,   350.42,   602.92
  721.66,   346.81,   727.84
  719.14,   343.21,   852.77
  725.17,   475.37,   606.55
  722.65,   471.76,   731.47
  720.12,   468.15,   856.39
  726.15,   600.31,   610.18
  723.63,   596.70,   735.10
  721.10,   593.09,   860.02
  849.16,   349.37,   605.41
  846.64,   345.76,   730.34
  844.11,   342.15,   855.26
  850.14,   474.31,   609.04
  847.62,   470.70,   733.97
  845.09,   467.10,   858.89
  851.12,   599.25,   612.67
  848.60,   595.65,   737.59
  846.08,   592.04,   862.52
  599.49,   473.73,   100.88
  596.00,   473.31,   225.83
  592.50,   472.88,   350.78
  597.52,   598.72,   101.25
  594.02,   598.29,   226.20
  590.52,   597.87,   351.15
  595.54,   723.70,   101.62
  592.04,   723.28,   226.57
  588.55,   722.85,   351.52
  724.43,   475.70,   104.38
  720.93,   475.27,   229.33
  717.44,   474.85,   354.28
  722.45,   600.68,   104.75
  718.96,   600.26,   229.70
  715.46,   599.83,   354.65
  720.47,   725.67,   105.12
  716.98,   725.24,   230.07
  713.48,   724.82,   355.02
  849.36,   477.67,   107.88
  845.87,   477.24,   232.83
  842.37,   476.82,   357.79
  847.39,   602.65,   108.25
  843.89,   602.23,   233.20
  840.40,   601.80,   358.15
  845.41,   727.63,   108.62
  841.91,   727.21,   233.57
  838.42,   726.78,   358.52
  601.68,   476.67,   223.53
  599.05,   476.82,   348.50
  596.42,   476.96,   473.47
  602.60,   601.66,   223.40
  599.97,   601.81,   348.37
  597.34,   601.96,   473.34
  603.53,   726.66,   223.27
  600.89,   726.81,   348.24
  598.26,   726.96,   473.21
  726.65,   475.75,   226.16
  724.02,   475.90,   351.13
  721.39,   476.05,   476.11
  727.57,   600.74,   226.03
  724.94,   600.89,   351.00
  722.31,   601.04,   475.98
  728.49,   725.74,   225.90
  725.86,   725.89,   350.87
  723.23,   726.04,   475.85
  851.62,   474.83,   228.79
  848.99,   474.98,   353.77
  846.36,   475.13,   478.74
  852.54,   599.83,   228.66
  849.91,   599.97,   353.64
  847.28,   600.12,   478.61
  853.46,   724.82,   228.53
  850.83,   724.97,   353.51
  848.20,   725.12,   478.48
  599.05,   474.41,   349.43
  601.48,   474.55,   474.41
  603.91,   474.68,   599.39
  602.27,   599.37,   349.24
  604.69,   599.51,   474.22
  607.12,   599.64,   599.19
  605.48,   724.33,   349.05
  607.90,   724.46,   474.02
  610.33,   724.60,   599.00
  723.99,   471.20,   347.01
  726.42,   471.33,   471.99
  728.85,   471.46,   596.96
  727.20,   596.16,   346.82
  729.63,   596.29,   471.79
  732.06,   596.42,   596.77
  730.41,   721.12,   346.62
  732.84,   721.25,   471.60
  735.27,   721.38,   596.57
  848.92,   467.99,   344.59
  851.35,   468.12,   469.56
  853.78,   468.25,   594.54
  852.14,   592.94,   344.39
  854.56,   593.08,   469.37
  856.99,   593.21,   594.34
  855.35,   717.90,   344.20
  857.77,   718.04,   469.17
  860.20,   718.17,   594.15
  599.14,   474.37,   475.22
  600.94,   475.53,   600.20
  602.73,   476.69,   725.18
  596.55,   599.34,   474.10
  598.34,   600.50,   599.08
  600.13,   601.66,   724.06
  593.95,   724.31,   472.98
  595.74,   725.47,   597.96
  597.54,   726.63,   722.94
  724.10,   476.95,   473.40
  725.90,   478.11,   598.38
  727.69,   479.27,   723.37
  721.51,   601.92,   472.28
  723.30,   603.08,   597.26
  725.09,   604.24,   722.25
  718.91,   726.89,   471.16
  720.70,   728.05,   596.14
  722.50,   729.21,   721.12
  849.06,   479.53,   471.59
  850.86,   480.69,   596.57
  852.65,   481.85,   721.55
  846.47,   604.50,   470.46
  848.26,   605.66,   595.45
  850.05,   606.82,   720.43
  843.87,   729.47,   469.34
  845.66,   730.63,   594.33
  847.46,   731.78,   719.31
  598.98,   474.79,   599.20
  596.29,   478.14,   724.12
  593.59,   481.48,   849.05
  598.49,   599.75,   595.84
  595.80,   603.09,   720.77
  593.11,   606.44,   845.70
  598.00,   724.70,   592.49
  595.31,   728.05,   717.41
  592.62,   731.39,   842.34
  723.95,   475.35,   601.88
  721.26,   478.70,   726.80
  718.56,   482.04,   851.73
  723.46,   600.31,   598.52
  720.77,   603.65,   723.45
  718.08,   607.00,   848.37
  722.97,   725.26,   595.16
  720.28,   728.61,   720.09
  717.59,   731.95,   845.02
  848.92,   475.91,   604.55
  846.23,   479.26,   729.48
  843.53,   482.60,   854.41
  848.43,   600.87,   601.20
  845.74,   604.21,   726.12
  843.05,   607.56,   851.05
  847.94,   725.82,   597.84
  845.25,   729.17,   722.77
  842.56,   732.51,   847.70
  598.65,   600.55,    98.28
  595.23,   601.92,   223.23
  591.80,   603.30,   348.17
  598.61,   725.55,    96.91
  595.19,   726.92,   221.85
  591.76,   728.29,   346.80
  598.58,   850.54,    95.54
  595.15,   851.91,   220.48
  591.72,   853.28,   345.43
  723.61,   600.63,   101.71
  720.18,   602.00,   226.65
  716.75,   603.37,   351.60
  723.57,   725.62,   100.33
  720.14,   726.99,   225.28
  716.72,   728.37,   350.22
  723.53,   850.61,    98.96
  720.10,   851.99,   223.91
  716.68,   853.36,   348.85
  848.56,   600.71,   105.13
  845.13,   602.08,   230.08
  841.71,   603.45,   355.02
  848.52,   725.70,   103.76
  845.09,   727.07,   228.70
  841.67,   728.44,   353.65
  848.48,   850.69,   102.39
  845.06,   852.06,   227.33
  841.63,   853.43,   352.28
  600.86,   599.85,   226.24
  600.71,   598.97,   351.24
  600.56,   598.09,   476.24
  603.18,   724.83,   227.13
  603.03,   723.95,   352.12
  602.88,   723.07,   477.12
  605.50,   849.80,   228.01
  605.35,   848.92,   353.01
  605.20,   848.04,   478.00
  725.84,   597.54,   226.38
  725.69,   596.65,   351.37
  725.54,   595.77,   476.37
  728.16,   722.51,   227.26
  728.01,   721.63,   352.26
  727.86,   720.75,   477.25
  730.48,   847.49,   228.14
  730.33,   846.61,   353.14
  730.18,   845.73,   478.14
  850.82,   595.22,   226.51
  850.67,   594.34,   351.51
  850.52,   593.46,   476.50
  853.14,   720.19,   227.39
  852.99,   719.31,   352.39
  852.84,   718.43,   477.39
  855.46,   845.17,   228.28
  855.31,   844.29,   353.27
  855.15,   843.41,   478.27
  598.61,   600.12,   351.52
  598.02,   601.41,   476.51
  597.44,   602.70,   601.50
  598.52,   725.11,   350.23
  597.94,   726.40,   475.22
  597.35,   727.69,   600.21
  598.44,   850.11,   348.94
  597.85,   851.40,   473.93
  597.26,   852.69,   598.92
  723.61,   600.21,   352.10
  723.02,   601.50,   477.10
  722.44,   602.79,   602.09
  723.52,   725.21,   350.81
  722.94,   726.50,   475.81
  722.35,   727.79,   600.80
  723.43,   850.20,   349.52
  722.85,   851.49,   474.51
  722.26,   852.78,   599.51
  848.61,   600.31,   352.69
  848.02,   601.60,   477.68
  847.44,   602.89,   602.67
  848.52,   725.30,   351.40
  847.93,   726.59,   476.39
  847.35,   727.88,   601.38
  848.43,   850.29,   350.11
  847.85,   851.58,   475.10
  847.26,   852.87,   600.09
  600.19,   600.63,   474.63
  601.58,   598.88,   599.61
  602.97,   597.14,   724.59
  598.30,   725.60,   476.39
  599.69,   723.86,   601.37
  601.08,   722.11,   726.35
  596.41,   850.58,   478.16
  597.80,   848.83,   603.14
  599.20,   847.09,   728.12
  725.16,   602.54,   473.26
  726.55,   600.79,   598.24
  727.95,   599.04,   723.22
  723.28,   727.51,   475.03
  724.67,   725.76,   600.01
  726.06,   724.02,   724.99
  721.39,   852.48,   476.79
  722.78,   850.74,   601.77
  724.17,   848.99,   726.75
  850.14,   604.44,   471.90
  851.53,   602.70,   596.88
  852.92,   600.95,   721.86
  848.26,   729.41,   473.66
  849.65,   727.67,   598.64
  851.04,   725.92,   723.62
  846.37,   854.39,   475.43
  847.76,   852.64,   600.41
  849.15,   850.90,   725.39
  600.27,   600.37,   599.86
  596.78,   603.89,   724.76
  593.30,   607.41,   849.66
  603.58,   725.28,   596.43
  600.09,   728.80,   721.34
  596.61,   732.32,   846.24
  606.89,   850.19,   593.01
  603.41,   853.71,   717.91
  599.92,   857.23,   842.81
  725.18,   597.16,   603.44
  721.69,   600.68,   728.34
  718.20,   604.20,   853.24
  728.49,   722.07,   600.01
  725.00,   725.59,   724.91
  721.52,   729.11,   849.81
  731.80,   846.98,   596.58
  728.31,   850.50,   721.49
  724.83,   854.02,   846.39
  850.08,   593.95,   607.02
  846.60,   597.47,   731.92
  843.11,   600.99,   856.82
  853.40,   718.86,   603.59
  849.91,   722.38,   728.49
  846.42,   725.89,   853.39
  856.71,   843.76,   600.16
  853.22,   847.28,   725.06
  849.73,   850.80,   849.96
